 frequency       v(Amag_dB)      v(Aarg)        
 1.00000000e+00  2.44049607e+01 -3.05331981e-02 
 1.02305973e+00  2.44049606e+01 -3.12372853e-02 
 1.04665121e+00  2.44049605e+01 -3.19576085e-02 
 1.07078670e+00  2.44049605e+01 -3.26945421e-02 
 1.09547876e+00  2.44049604e+01 -3.34484693e-02 
 1.12074020e+00  2.44049603e+01 -3.42197818e-02 
 1.14658417e+00  2.44049603e+01 -3.50088805e-02 
 1.17302409e+00  2.44049602e+01 -3.58161756e-02 
 1.20007371e+00  2.44049601e+01 -3.66420867e-02 
 1.22774708e+00  2.44049600e+01 -3.74870431e-02 
 1.25605860e+00  2.44049599e+01 -3.83514839e-02 
 1.28502297e+00  2.44049599e+01 -3.92358585e-02 
 1.31465525e+00  2.44049598e+01 -4.01406265e-02 
 1.34497085e+00  2.44049597e+01 -4.10662582e-02 
 1.37598551e+00  2.44049596e+01 -4.20132347e-02 
 1.40771537e+00  2.44049594e+01 -4.29820482e-02 
 1.44017690e+00  2.44049593e+01 -4.39732022e-02 
 1.47338699e+00  2.44049592e+01 -4.49872120e-02 
 1.50736290e+00  2.44049591e+01 -4.60246045e-02 
 1.54212228e+00  2.44049590e+01 -4.70859190e-02 
 1.57768320e+00  2.44049588e+01 -4.81717070e-02 
 1.61406415e+00  2.44049587e+01 -4.92825330e-02 
 1.65128404e+00  2.44049585e+01 -5.04189743e-02 
 1.68936220e+00  2.44049584e+01 -5.15816216e-02 
 1.72831844e+00  2.44049582e+01 -5.27710792e-02 
 1.76817299e+00  2.44049580e+01 -5.39879654e-02 
 1.80894658e+00  2.44049579e+01 -5.52329125e-02 
 1.85066040e+00  2.44049577e+01 -5.65065677e-02 
 1.89333613e+00  2.44049575e+01 -5.78095930e-02 
 1.93699595e+00  2.44049573e+01 -5.91426657e-02 
 1.98166255e+00  2.44049571e+01 -6.05064786e-02 
 2.02735916e+00  2.44049568e+01 -6.19017406e-02 
 2.07410951e+00  2.44049566e+01 -6.33291768e-02 
 2.12193792e+00  2.44049563e+01 -6.47895293e-02 
 2.17086923e+00  2.44049561e+01 -6.62835570e-02 
 2.22092889e+00  2.44049558e+01 -6.78120365e-02 
 2.27214291e+00  2.44049555e+01 -6.93757623e-02 
 2.32453791e+00  2.44049552e+01 -7.09755470e-02 
 2.37814113e+00  2.44049549e+01 -7.26122222e-02 
 2.43298042e+00  2.44049546e+01 -7.42866386e-02 
 2.48908429e+00  2.44049543e+01 -7.59996664e-02 
 2.54648190e+00  2.44049539e+01 -7.77521961e-02 
 2.60520309e+00  2.44049535e+01 -7.95451384e-02 
 2.66527837e+00  2.44049531e+01 -8.13794254e-02 
 2.72673897e+00  2.44049527e+01 -8.32560103e-02 
 2.78961683e+00  2.44049523e+01 -8.51758686e-02 
 2.85394464e+00  2.44049519e+01 -8.71399982e-02 
 2.91975583e+00  2.44049514e+01 -8.91494198e-02 
 2.98708461e+00  2.44049509e+01 -9.12051779e-02 
 3.05596598e+00  2.44049504e+01 -9.33083410e-02 
 3.12643573e+00  2.44049498e+01 -9.54600022e-02 
 3.19853049e+00  2.44049493e+01 -9.76612798e-02 
 3.27228774e+00  2.44049487e+01 -9.99133181e-02 
 3.34774581e+00  2.44049481e+01 -1.02217287e-01 
 3.42494392e+00  2.44049474e+01 -1.04574385e-01 
 3.50392221e+00  2.44049468e+01 -1.06985837e-01 
 3.58472171e+00  2.44049461e+01 -1.09452895e-01 
 3.66738442e+00  2.44049453e+01 -1.11976843e-01 
 3.75195331e+00  2.44049445e+01 -1.14558992e-01 
 3.83847234e+00  2.44049437e+01 -1.17200684e-01 
 3.92698648e+00  2.44049429e+01 -1.19903293e-01 
 4.01754173e+00  2.44049420e+01 -1.22668222e-01 
 4.11018515e+00  2.44049411e+01 -1.25496909e-01 
 4.20496491e+00  2.44049401e+01 -1.28390824e-01 
 4.30193027e+00  2.44049391e+01 -1.31351472e-01 
 4.40113162e+00  2.44049380e+01 -1.34380390e-01 
 4.50262052e+00  2.44049369e+01 -1.37479154e-01 
 4.60644974e+00  2.44049357e+01 -1.40649373e-01 
 4.71267322e+00  2.44049345e+01 -1.43892696e-01 
 4.82134619e+00  2.44049332e+01 -1.47210809e-01 
 4.93252513e+00  2.44049319e+01 -1.50605435e-01 
 5.04626783e+00  2.44049305e+01 -1.54078339e-01 
 5.16263340e+00  2.44049290e+01 -1.57631326e-01 
 5.28168234e+00  2.44049275e+01 -1.61266243e-01 
 5.40347650e+00  2.44049259e+01 -1.64984978e-01 
 5.52807921e+00  2.44049242e+01 -1.68789466e-01 
 5.65555523e+00  2.44049225e+01 -1.72681682e-01 
 5.78597080e+00  2.44049206e+01 -1.76663650e-01 
 5.91939372e+00  2.44049187e+01 -1.80737439e-01 
 6.05589334e+00  2.44049167e+01 -1.84905167e-01 
 6.19554061e+00  2.44049146e+01 -1.89169000e-01 
 6.33840810e+00  2.44049124e+01 -1.93531153e-01 
 6.48457008e+00  2.44049101e+01 -1.97993894e-01 
 6.63410251e+00  2.44049076e+01 -2.02559542e-01 
 6.78708313e+00  2.44049051e+01 -2.07230470e-01 
 6.94359143e+00  2.44049025e+01 -2.12009106e-01 
 7.10370877e+00  2.44048997e+01 -2.16897932e-01 
 7.26751838e+00  2.44048968e+01 -2.21899491e-01 
 7.43510539e+00  2.44048937e+01 -2.27016380e-01 
 7.60655691e+00  2.44048906e+01 -2.32251260e-01 
 7.78196206e+00  2.44048872e+01 -2.37606851e-01 
 7.96141200e+00  2.44048838e+01 -2.43085935e-01 
 8.14500001e+00  2.44048801e+01 -2.48691362e-01 
 8.33282151e+00  2.44048763e+01 -2.54426043e-01 
 8.52497412e+00  2.44048723e+01 -2.60292959e-01 
 8.72155772e+00  2.44048681e+01 -2.66295159e-01 
 8.92267449e+00  2.44048638e+01 -2.72435762e-01 
 9.12842895e+00  2.44048592e+01 -2.78717959e-01 
 9.33892805e+00  2.44048544e+01 -2.85145015e-01 
 9.55428121e+00  2.44048494e+01 -2.91720270e-01 
 9.77460036e+00  2.44048441e+01 -2.98447140e-01 
 1.00000000e+01  2.44048386e+01 -3.05329122e-01 
 1.02305973e+01  2.44048329e+01 -3.12369791e-01 
 1.04665121e+01  2.44048269e+01 -3.19572807e-01 
 1.07078670e+01  2.44048206e+01 -3.26941911e-01 
 1.09547876e+01  2.44048140e+01 -3.34480934e-01 
 1.12074020e+01  2.44048071e+01 -3.42193793e-01 
 1.14658417e+01  2.44047998e+01 -3.50084495e-01 
 1.17302409e+01  2.44047923e+01 -3.58157141e-01 
 1.20007371e+01  2.44047844e+01 -3.66415926e-01 
 1.22774708e+01  2.44047761e+01 -3.74865140e-01 
 1.25605860e+01  2.44047674e+01 -3.83509174e-01 
 1.28502297e+01  2.44047583e+01 -3.92352518e-01 
 1.31465525e+01  2.44047489e+01 -4.01399769e-01 
 1.34497085e+01  2.44047389e+01 -4.10655626e-01 
 1.37598551e+01  2.44047285e+01 -4.20124899e-01 
 1.40771537e+01  2.44047176e+01 -4.29812506e-01 
 1.44017690e+01  2.44047062e+01 -4.39723482e-01 
 1.47338699e+01  2.44046943e+01 -4.49862975e-01 
 1.50736290e+01  2.44046818e+01 -4.60236253e-01 
 1.54212228e+01  2.44046688e+01 -4.70848704e-01 
 1.57768320e+01  2.44046551e+01 -4.81705843e-01 
 1.61406415e+01  2.44046408e+01 -4.92813308e-01 
 1.65128404e+01  2.44046258e+01 -5.04176870e-01 
 1.68936220e+01  2.44046101e+01 -5.15802432e-01 
 1.72831844e+01  2.44045937e+01 -5.27696033e-01 
 1.76817299e+01  2.44045765e+01 -5.39863849e-01 
 1.80894658e+01  2.44045585e+01 -5.52312202e-01 
 1.85066040e+01  2.44045397e+01 -5.65047556e-01 
 1.89333613e+01  2.44045200e+01 -5.78076526e-01 
 1.93699595e+01  2.44044994e+01 -5.91405880e-01 
 1.98166255e+01  2.44044778e+01 -6.05042538e-01 
 2.02735916e+01  2.44044553e+01 -6.18993583e-01 
 2.07410951e+01  2.44044316e+01 -6.33266259e-01 
 2.12193792e+01  2.44044069e+01 -6.47867978e-01 
 2.17086923e+01  2.44043810e+01 -6.62806322e-01 
 2.22092889e+01  2.44043539e+01 -6.78089047e-01 
 2.27214291e+01  2.44043256e+01 -6.93724088e-01 
 2.32453791e+01  2.44042959e+01 -7.09719561e-01 
 2.37814113e+01  2.44042648e+01 -7.26083771e-01 
 2.43298042e+01  2.44042323e+01 -7.42825214e-01 
 2.48908429e+01  2.44041983e+01 -7.59952578e-01 
 2.54648190e+01  2.44041626e+01 -7.77474754e-01 
 2.60520309e+01  2.44041253e+01 -7.95400836e-01 
 2.66527837e+01  2.44040863e+01 -8.13740128e-01 
 2.72673897e+01  2.44040455e+01 -8.32502146e-01 
 2.78961683e+01  2.44040027e+01 -8.51696627e-01 
 2.85394464e+01  2.44039580e+01 -8.71333530e-01 
 2.91975583e+01  2.44039112e+01 -8.91423042e-01 
 2.98708461e+01  2.44038622e+01 -9.11975587e-01 
 3.05596598e+01  2.44038109e+01 -9.33001825e-01 
 3.12643573e+01  2.44037572e+01 -9.54512663e-01 
 3.19853049e+01  2.44037010e+01 -9.76519256e-01 
 3.27228774e+01  2.44036422e+01 -9.99033017e-01 
 3.34774581e+01  2.44035806e+01 -1.02206562e+00 
 3.42494392e+01  2.44035162e+01 -1.04562901e+00 
 3.50392221e+01  2.44034487e+01 -1.06973540e+00 
 3.58472171e+01  2.44033782e+01 -1.09439728e+00 
 3.66738442e+01  2.44033043e+01 -1.11962744e+00 
 3.75195331e+01  2.44032270e+01 -1.14543895e+00 
 3.83847234e+01  2.44031461e+01 -1.17184518e+00 
 3.92698648e+01  2.44030614e+01 -1.19885983e+00 
 4.01754173e+01  2.44029727e+01 -1.22649687e+00 
 4.11018515e+01  2.44028800e+01 -1.25477062e+00 
 4.20496491e+01  2.44027829e+01 -1.28369573e+00 
 4.30193027e+01  2.44026812e+01 -1.31328716e+00 
 4.40113162e+01  2.44025749e+01 -1.34356024e+00 
 4.50262052e+01  2.44024635e+01 -1.37453064e+00 
 4.60644974e+01  2.44023470e+01 -1.40621437e+00 
 4.71267322e+01  2.44022251e+01 -1.43862783e+00 
 4.82134619e+01  2.44020974e+01 -1.47178778e+00 
 4.93252513e+01  2.44019639e+01 -1.50571137e+00 
 5.04626783e+01  2.44018240e+01 -1.54041615e+00 
 5.16263340e+01  2.44016777e+01 -1.57592003e+00 
 5.28168234e+01  2.44015246e+01 -1.61224137e+00 
 5.40347650e+01  2.44013643e+01 -1.64939893e+00 
 5.52807921e+01  2.44011965e+01 -1.68741190e+00 
 5.65555523e+01  2.44010209e+01 -1.72629990e+00 
 5.78597080e+01  2.44008372e+01 -1.76608301e+00 
 5.91939372e+01  2.44006448e+01 -1.80678174e+00 
 6.05589334e+01  2.44004436e+01 -1.84841708e+00 
 6.19554061e+01  2.44002329e+01 -1.89101051e+00 
 6.33840810e+01  2.44000124e+01 -1.93458396e+00 
 6.48457008e+01  2.43997816e+01 -1.97915990e+00 
 6.63410251e+01  2.43995401e+01 -2.02476126e+00 
 6.78708313e+01  2.43992873e+01 -2.07141152e+00 
 6.94359143e+01  2.43990228e+01 -2.11913469e+00 
 7.10370877e+01  2.43987459e+01 -2.16795530e+00 
 7.26751838e+01  2.43984562e+01 -2.21789844e+00 
 7.43510539e+01  2.43981529e+01 -2.26898976e+00 
 7.60655691e+01  2.43978355e+01 -2.32125551e+00 
 7.78196206e+01  2.43975034e+01 -2.37472250e+00 
 7.96141200e+01  2.43971557e+01 -2.42941813e+00 
 8.14500001e+01  2.43967919e+01 -2.48537046e+00 
 8.33282151e+01  2.43964111e+01 -2.54260812e+00 
 8.52497412e+01  2.43960126e+01 -2.60116042e+00 
 8.72155772e+01  2.43955956e+01 -2.66105730e+00 
 8.92267449e+01  2.43951591e+01 -2.72232936e+00 
 9.12842895e+01  2.43947024e+01 -2.78500789e+00 
 9.33892805e+01  2.43942243e+01 -2.84912488e+00 
 9.55428121e+01  2.43937241e+01 -2.91471300e+00 
 9.77460036e+01  2.43932005e+01 -2.98180567e+00 
 1.00000000e+02  2.43926526e+01 -3.05043700e+00 
 1.02305973e+02  2.43920792e+01 -3.12064190e+00 
 1.04665121e+02  2.43914791e+01 -3.19245600e+00 
 1.07078670e+02  2.43908512e+01 -3.26591574e+00 
 1.09547876e+02  2.43901940e+01 -3.34105832e+00 
 1.12074020e+02  2.43895063e+01 -3.41792177e+00 
 1.14658417e+02  2.43887866e+01 -3.49654493e+00 
 1.17302409e+02  2.43880335e+01 -3.57696750e+00 
 1.20007371e+02  2.43872454e+01 -3.65922999e+00 
 1.22774708e+02  2.43864206e+01 -3.74337381e+00 
 1.25605860e+02  2.43855576e+01 -3.82944124e+00 
 1.28502297e+02  2.43846545e+01 -3.91747547e+00 
 1.31465525e+02  2.43837094e+01 -4.00752060e+00 
 1.34497085e+02  2.43827205e+01 -4.09962163e+00 
 1.37598551e+02  2.43816857e+01 -4.19382455e+00 
 1.40771537e+02  2.43806029e+01 -4.29017628e+00 
 1.44017690e+02  2.43794698e+01 -4.38872472e+00 
 1.47338699e+02  2.43782842e+01 -4.48951875e+00 
 1.50736290e+02  2.43770437e+01 -4.59260828e+00 
 1.54212228e+02  2.43757456e+01 -4.69804422e+00 
 1.57768320e+02  2.43743874e+01 -4.80587852e+00 
 1.61406415e+02  2.43729664e+01 -4.91616416e+00 
 1.65128404e+02  2.43714795e+01 -5.02895520e+00 
 1.68936220e+02  2.43699237e+01 -5.14430678e+00 
 1.72831844e+02  2.43682961e+01 -5.26227510e+00 
 1.76817299e+02  2.43665931e+01 -5.38291749e+00 
 1.80894658e+02  2.43648114e+01 -5.50629237e+00 
 1.85066040e+02  2.43629473e+01 -5.63245929e+00 
 1.89333613e+02  2.43609972e+01 -5.76147894e+00 
 1.93699595e+02  2.43589570e+01 -5.89341314e+00 
 1.98166255e+02  2.43568227e+01 -6.02832488e+00 
 2.02735916e+02  2.43545899e+01 -6.16627830e+00 
 2.07410951e+02  2.43522542e+01 -6.30733870e+00 
 2.12193792e+02  2.43498109e+01 -6.45157256e+00 
 2.17086923e+02  2.43472550e+01 -6.59904754e+00 
 2.22092889e+02  2.43445816e+01 -6.74983248e+00 
 2.27214291e+02  2.43417851e+01 -6.90399740e+00 
 2.32453791e+02  2.43388602e+01 -7.06161350e+00 
 2.37814113e+02  2.43358009e+01 -7.22275317e+00 
 2.43298042e+02  2.43326012e+01 -7.38748997e+00 
 2.48908429e+02  2.43292547e+01 -7.55589862e+00 
 2.54648190e+02  2.43257549e+01 -7.72805504e+00 
 2.60520309e+02  2.43220948e+01 -7.90403627e+00 
 2.66527837e+02  2.43182673e+01 -8.08392050e+00 
 2.72673897e+02  2.43142649e+01 -8.26778704e+00 
 2.78961683e+02  2.43100796e+01 -8.45571633e+00 
 2.85394464e+02  2.43057035e+01 -8.64778987e+00 
 2.91975583e+02  2.43011279e+01 -8.84409024e+00 
 2.98708461e+02  2.42963440e+01 -9.04470103e+00 
 3.05596598e+02  2.42913425e+01 -9.24970685e+00 
 3.12643573e+02  2.42861139e+01 -9.45919326e+00 
 3.19853049e+02  2.42806482e+01 -9.67324675e+00 
 3.27228774e+02  2.42749348e+01 -9.89195469e+00 
 3.34774581e+02  2.42689628e+01 -1.01154053e+01 
 3.42494392e+02  2.42627211e+01 -1.03436875e+01 
 3.50392221e+02  2.42561978e+01 -1.05768909e+01 
 3.58472171e+02  2.42493807e+01 -1.08151059e+01 
 3.66738442e+02  2.42422569e+01 -1.10584235e+01 
 3.75195331e+02  2.42348133e+01 -1.13069348e+01 
 3.83847234e+02  2.42270361e+01 -1.15607318e+01 
 3.92698648e+02  2.42189110e+01 -1.18199066e+01 
 4.01754173e+02  2.42104231e+01 -1.20845513e+01 
 4.11018515e+02  2.42015570e+01 -1.23547585e+01 
 4.20496491e+02  2.41922966e+01 -1.26306205e+01 
 4.30193027e+02  2.41826252e+01 -1.29122295e+01 
 4.40113162e+02  2.41725257e+01 -1.31996776e+01 
 4.50262052e+02  2.41619802e+01 -1.34930563e+01 
 4.60644974e+02  2.41509700e+01 -1.37924565e+01 
 4.71267322e+02  2.41394761e+01 -1.40979685e+01 
 4.82134619e+02  2.41274784e+01 -1.44096817e+01 
 4.93252513e+02  2.41149564e+01 -1.47276842e+01 
 5.04626783e+02  2.41018888e+01 -1.50520631e+01 
 5.16263340e+02  2.40882535e+01 -1.53829038e+01 
 5.28168234e+02  2.40740279e+01 -1.57202900e+01 
 5.40347650e+02  2.40591883e+01 -1.60643035e+01 
 5.52807921e+02  2.40437106e+01 -1.64150241e+01 
 5.65555523e+02  2.40275697e+01 -1.67725289e+01 
 5.78597080e+02  2.40107399e+01 -1.71368925e+01 
 5.91939372e+02  2.39931944e+01 -1.75081864e+01 
 6.05589334e+02  2.39749061e+01 -1.78864789e+01 
 6.19554061e+02  2.39558467e+01 -1.82718348e+01 
 6.33840810e+02  2.39359873e+01 -1.86643150e+01 
 6.48457008e+02  2.39152983e+01 -1.90639763e+01 
 6.63410251e+02  2.38937492e+01 -1.94708709e+01 
 6.78708313e+02  2.38713087e+01 -1.98850462e+01 
 6.94359143e+02  2.38479449e+01 -2.03065446e+01 
 7.10370877e+02  2.38236250e+01 -2.07354026e+01 
 7.26751838e+02  2.37983156e+01 -2.11716511e+01 
 7.43510539e+02  2.37719825e+01 -2.16153147e+01 
 7.60655691e+02  2.37445909e+01 -2.20664112e+01 
 7.78196206e+02  2.37161053e+01 -2.25249517e+01 
 7.96141200e+02  2.36864895e+01 -2.29909397e+01 
 8.14500001e+02  2.36557070e+01 -2.34643708e+01 
 8.33282151e+02  2.36237204e+01 -2.39452330e+01 
 8.52497412e+02  2.35904920e+01 -2.44335052e+01 
 8.72155772e+02  2.35559837e+01 -2.49291579e+01 
 8.92267449e+02  2.35201568e+01 -2.54321521e+01 
 9.12842895e+02  2.34829724e+01 -2.59424394e+01 
 9.33892805e+02  2.34443913e+01 -2.64599616e+01 
 9.55428121e+02  2.34043742e+01 -2.69846500e+01 
 9.77460036e+02  2.33628814e+01 -2.75164258e+01 
 1.00000000e+03  2.33198734e+01 -2.80551992e+01 
 1.02305973e+03  2.32753106e+01 -2.86008695e+01 
 1.04665121e+03  2.32291535e+01 -2.91533246e+01 
 1.07078670e+03  2.31813628e+01 -2.97124413e+01 
 1.09547876e+03  2.31318996e+01 -3.02780846e+01 
 1.12074020e+03  2.30807253e+01 -3.08501079e+01 
 1.14658417e+03  2.30278018e+01 -3.14283530e+01 
 1.17302409e+03  2.29730915e+01 -3.20126496e+01 
 1.20007371e+03  2.29165576e+01 -3.26028159e+01 
 1.22774708e+03  2.28581642e+01 -3.31986583e+01 
 1.25605860e+03  2.27978761e+01 -3.37999714e+01 
 1.28502297e+03  2.27356592e+01 -3.44065388e+01 
 1.31465525e+03  2.26714806e+01 -3.50181323e+01 
 1.34497085e+03  2.26053086e+01 -3.56345130e+01 
 1.37598551e+03  2.25371128e+01 -3.62554315e+01 
 1.40771537e+03  2.24668642e+01 -3.68806277e+01 
 1.44017690e+03  2.23945356e+01 -3.75098319e+01 
 1.47338699e+03  2.23201012e+01 -3.81427648e+01 
 1.50736290e+03  2.22435371e+01 -3.87791384e+01 
 1.54212228e+03  2.21648211e+01 -3.94186563e+01 
 1.57768320e+03  2.20839331e+01 -4.00610143e+01 
 1.61406415e+03  2.20008547e+01 -4.07059014e+01 
 1.65128404e+03  2.19155700e+01 -4.13530002e+01 
 1.68936220e+03  2.18280649e+01 -4.20019876e+01 
 1.72831844e+03  2.17383276e+01 -4.26525359e+01 
 1.76817299e+03  2.16463486e+01 -4.33043132e+01 
 1.80894658e+03  2.15521207e+01 -4.39569848e+01 
 1.85066040e+03  2.14556387e+01 -4.46102134e+01 
 1.89333613e+03  2.13569003e+01 -4.52636605e+01 
 1.93699595e+03  2.12559049e+01 -4.59169867e+01 
 1.98166255e+03  2.11526548e+01 -4.65698535e+01 
 2.02735916e+03  2.10471543e+01 -4.72219231e+01 
 2.07410951e+03  2.09394101e+01 -4.78728600e+01 
 2.12193792e+03  2.08294312e+01 -4.85223318e+01 
 2.17086923e+03  2.07172289e+01 -4.91700096e+01 
 2.22092889e+03  2.06028167e+01 -4.98155692e+01 
 2.27214291e+03  2.04862101e+01 -5.04586919e+01 
 2.32453791e+03  2.03674269e+01 -5.10990651e+01 
 2.37814113e+03  2.02464868e+01 -5.17363830e+01 
 2.43298042e+03  2.01234114e+01 -5.23703473e+01 
 2.48908429e+03  1.99982244e+01 -5.30006680e+01 
 2.54648190e+03  1.98709509e+01 -5.36270639e+01 
 2.60520309e+03  1.97416180e+01 -5.42492628e+01 
 2.66527837e+03  1.96102542e+01 -5.48670027e+01 
 2.72673897e+03  1.94768895e+01 -5.54800315e+01 
 2.78961683e+03  1.93415554e+01 -5.60881079e+01 
 2.85394464e+03  1.92042845e+01 -5.66910013e+01 
 2.91975583e+03  1.90651106e+01 -5.72884926e+01 
 2.98708461e+03  1.89240686e+01 -5.78803738e+01 
 3.05596598e+03  1.87811943e+01 -5.84664487e+01 
 3.12643573e+03  1.86365243e+01 -5.90465328e+01 
 3.19853049e+03  1.84900961e+01 -5.96204534e+01 
 3.27228774e+03  1.83419474e+01 -6.01880493e+01 
 3.34774581e+03  1.81921169e+01 -6.07491715e+01 
 3.42494392e+03  1.80406435e+01 -6.13036825e+01 
 3.50392221e+03  1.78875663e+01 -6.18514563e+01 
 3.58472171e+03  1.77329248e+01 -6.23923785e+01 
 3.66738442e+03  1.75767585e+01 -6.29263460e+01 
 3.75195331e+03  1.74191071e+01 -6.34532666e+01 
 3.83847234e+03  1.72600101e+01 -6.39730590e+01 
 3.92698648e+03  1.70995069e+01 -6.44856526e+01 
 4.01754173e+03  1.69376369e+01 -6.49909870e+01 
 4.11018515e+03  1.67744389e+01 -6.54890115e+01 
 4.20496491e+03  1.66099518e+01 -6.59796855e+01 
 4.30193027e+03  1.64442137e+01 -6.64629773e+01 
 4.40113162e+03  1.62772625e+01 -6.69388644e+01 
 4.50262052e+03  1.61091356e+01 -6.74073329e+01 
 4.60644974e+03  1.59398698e+01 -6.78683768e+01 
 4.71267322e+03  1.57695014e+01 -6.83219984e+01 
 4.82134619e+03  1.55980659e+01 -6.87682071e+01 
 4.93252513e+03  1.54255985e+01 -6.92070197e+01 
 5.04626783e+03  1.52521334e+01 -6.96384596e+01 
 5.16263340e+03  1.50777042e+01 -7.00625565e+01 
 5.28168234e+03  1.49023439e+01 -7.04793462e+01 
 5.40347650e+03  1.47260846e+01 -7.08888700e+01 
 5.52807921e+03  1.45489577e+01 -7.12911747e+01 
 5.65555523e+03  1.43709940e+01 -7.16863118e+01 
 5.78597080e+03  1.41922231e+01 -7.20743375e+01 
 5.91939372e+03  1.40126744e+01 -7.24553123e+01 
 6.05589334e+03  1.38323760e+01 -7.28293005e+01 
 6.19554061e+03  1.36513556e+01 -7.31963702e+01 
 6.33840810e+03  1.34696399e+01 -7.35565926e+01 
 6.48457008e+03  1.32872548e+01 -7.39100423e+01 
 6.63410251e+03  1.31042256e+01 -7.42567964e+01 
 6.78708313e+03  1.29205767e+01 -7.45969345e+01 
 6.94359143e+03  1.27363318e+01 -7.49305386e+01 
 7.10370877e+03  1.25515139e+01 -7.52576926e+01 
 7.26751838e+03  1.23661452e+01 -7.55784822e+01 
 7.43510539e+03  1.21802470e+01 -7.58929947e+01 
 7.60655691e+03  1.19938403e+01 -7.62013187e+01 
 7.78196206e+03  1.18069450e+01 -7.65035440e+01 
 7.96141200e+03  1.16195805e+01 -7.67997614e+01 
 8.14500001e+03  1.14317655e+01 -7.70900623e+01 
 8.33282151e+03  1.12435181e+01 -7.73745389e+01 
 8.52497412e+03  1.10548557e+01 -7.76532840e+01 
 8.72155772e+03  1.08657951e+01 -7.79263904e+01 
 8.92267449e+03  1.06763525e+01 -7.81939514e+01 
 9.12842895e+03  1.04865433e+01 -7.84560602e+01 
 9.33892805e+03  1.02963827e+01 -7.87128099e+01 
 9.55428121e+03  1.01058851e+01 -7.89642936e+01 
 9.77460036e+03  9.91506432e+00 -7.92106041e+01 
 1.00000000e+04  9.72393382e+00 -7.94518336e+01 
 1.02305973e+04  9.53250645e+00 -7.96880743e+01 
 1.04665121e+04  9.34079456e+00 -7.99194174e+01 
 1.07078670e+04  9.14881005e+00 -8.01459538e+01 
 1.09547876e+04  8.95656434e+00 -8.03677737e+01 
 1.12074020e+04  8.76406840e+00 -8.05849664e+01 
 1.14658417e+04  8.57133279e+00 -8.07976206e+01 
 1.17302409e+04  8.37836761e+00 -8.10058240e+01 
 1.20007371e+04  8.18518259e+00 -8.12096636e+01 
 1.22774708e+04  7.99178706e+00 -8.14092254e+01 
 1.25605860e+04  7.79818997e+00 -8.16045942e+01 
 1.28502297e+04  7.60439990e+00 -8.17958543e+01 
 1.31465525e+04  7.41042510e+00 -8.19830884e+01 
 1.34497085e+04  7.21627346e+00 -8.21663786e+01 
 1.37598551e+04  7.02195257e+00 -8.23458057e+01 
 1.40771537e+04  6.82746969e+00 -8.25214496e+01 
 1.44017690e+04  6.63283179e+00 -8.26933887e+01 
 1.47338699e+04  6.43804553e+00 -8.28617008e+01 
 1.50736290e+04  6.24311733e+00 -8.30264622e+01 
 1.54212228e+04  6.04805329e+00 -8.31877482e+01 
 1.57768320e+04  5.85285931e+00 -8.33456330e+01 
 1.61406415e+04  5.65754101e+00 -8.35001895e+01 
 1.65128404e+04  5.46210377e+00 -8.36514895e+01 
 1.68936220e+04  5.26655276e+00 -8.37996039e+01 
 1.72831844e+04  5.07089292e+00 -8.39446020e+01 
 1.76817299e+04  4.87512899e+00 -8.40865525e+01 
 1.80894658e+04  4.67926548e+00 -8.42255224e+01 
 1.85066040e+04  4.48330675e+00 -8.43615781e+01 
 1.89333613e+04  4.28725695e+00 -8.44947844e+01 
 1.93699595e+04  4.09112004e+00 -8.46252054e+01 
 1.98166255e+04  3.89489984e+00 -8.47529038e+01 
 2.02735916e+04  3.69859998e+00 -8.48779415e+01 
 2.07410951e+04  3.50222394e+00 -8.50003789e+01 
 2.12193792e+04  3.30577507e+00 -8.51202757e+01 
 2.17086923e+04  3.10925654e+00 -8.52376904e+01 
 2.22092889e+04  2.91267141e+00 -8.53526805e+01 
 2.27214291e+04  2.71602261e+00 -8.54653025e+01 
 2.32453791e+04  2.51931291e+00 -8.55756117e+01 
 2.37814113e+04  2.32254499e+00 -8.56836626e+01 
 2.43298042e+04  2.12572140e+00 -8.57895086e+01 
 2.48908429e+04  1.92884459e+00 -8.58932023e+01 
 2.54648190e+04  1.73191689e+00 -8.59947951e+01 
 2.60520309e+04  1.53494053e+00 -8.60943376e+01 
 2.66527837e+04  1.33791766e+00 -8.61918796e+01 
 2.72673897e+04  1.14085030e+00 -8.62874697e+01 
 2.78961683e+04  9.43740418e-01 -8.63811558e+01 
 2.85394464e+04  7.46589873e-01 -8.64729850e+01 
 2.91975583e+04  5.49400450e-01 -8.65630035e+01 
 2.98708461e+04  3.52173855e-01 -8.66512564e+01 
 3.05596598e+04  1.54911715e-01 -8.67377883e+01 
 3.12643573e+04 -4.23844113e-02 -8.68226429e+01 
 3.19853049e+04 -2.39713036e-01 -8.69058631e+01 
 3.27228774e+04 -4.37072737e-01 -8.69874911e+01 
 3.34774581e+04 -6.34462156e-01 -8.70675681e+01 
 3.42494392e+04 -8.31879995e-01 -8.71461349e+01 
 3.50392221e+04 -1.02932501e+00 -8.72232313e+01 
 3.58472171e+04 -1.22679603e+00 -8.72988966e+01 
 3.66738442e+04 -1.42429190e+00 -8.73731693e+01 
 3.75195331e+04 -1.62181156e+00 -8.74460872e+01 
 3.83847234e+04 -1.81935398e+00 -8.75176877e+01 
 3.92698648e+04 -2.01691815e+00 -8.75880071e+01 
 4.01754173e+04 -2.21450315e+00 -8.76570815e+01 
 4.11018515e+04 -2.41210808e+00 -8.77249461e+01 
 4.20496491e+04 -2.60973208e+00 -8.77916358e+01 
 4.30193027e+04 -2.80737433e+00 -8.78571847e+01 
 4.40113162e+04 -3.00503406e+00 -8.79216264e+01 
 4.50262052e+04 -3.20271051e+00 -8.79849939e+01 
 4.60644974e+04 -3.40040298e+00 -8.80473198e+01 
 4.71267322e+04 -3.59811078e+00 -8.81086361e+01 
 4.82134619e+04 -3.79583329e+00 -8.81689744e+01 
 4.93252513e+04 -3.99356987e+00 -8.82283655e+01 
 5.04626783e+04 -4.19131994e+00 -8.82868402e+01 
 5.16263340e+04 -4.38908295e+00 -8.83444285e+01 
 5.28168234e+04 -4.58685837e+00 -8.84011601e+01 
 5.40347650e+04 -4.78464568e+00 -8.84570641e+01 
 5.52807921e+04 -4.98244440e+00 -8.85121695e+01 
 5.65555523e+04 -5.18025409e+00 -8.85665046e+01 
 5.78597080e+04 -5.37807429e+00 -8.86200975e+01 
 5.91939372e+04 -5.57590461e+00 -8.86729759e+01 
 6.05589334e+04 -5.77374464e+00 -8.87251669e+01 
 6.19554061e+04 -5.97159401e+00 -8.87766977e+01 
 6.33840810e+04 -6.16945237e+00 -8.88275948e+01 
 6.48457008e+04 -6.36731939e+00 -8.88778845e+01 
 6.63410251e+04 -6.56519475e+00 -8.89275928e+01 
 6.78708313e+04 -6.76307815e+00 -8.89767455e+01 
 6.94359143e+04 -6.96096930e+00 -8.90253679e+01 
 7.10370877e+04 -7.15886794e+00 -8.90734852e+01 
 7.26751838e+04 -7.35677382e+00 -8.91211223e+01 
 7.43510539e+04 -7.55468670e+00 -8.91683039e+01 
 7.60655691e+04 -7.75260636e+00 -8.92150544e+01 
 7.78196206e+04 -7.95053259e+00 -8.92613980e+01 
 7.96141200e+04 -8.14846520e+00 -8.93073586e+01 
 8.14500001e+04 -8.34640401e+00 -8.93529602e+01 
 8.33282151e+04 -8.54434884e+00 -8.93982264e+01 
 8.52497412e+04 -8.74229955e+00 -8.94431805e+01 
 8.72155772e+04 -8.94025599e+00 -8.94878459e+01 
 8.92267449e+04 -9.13821803e+00 -8.95322457e+01 
 9.12842895e+04 -9.33618554e+00 -8.95764030e+01 
 9.33892805e+04 -9.53415843e+00 -8.96203400e+01 
 9.55428121e+04 -9.73213659e+00 -8.96640808e+01 
 9.77460036e+04 -9.93011993e+00 -8.97076473e+01 
 1.00000000e+05 -1.01281084e+01 -8.97510623e+01 
 1.02305973e+05 -1.03261019e+01 -8.97943481e+01 
 1.04665121e+05 -1.05241004e+01 -8.98375273e+01 
 1.07078670e+05 -1.07221038e+01 -8.98806222e+01 
 1.09547876e+05 -1.09201122e+01 -8.99236553e+01 
 1.12074020e+05 -1.11181254e+01 -8.99666487e+01 
 1.14658417e+05 -1.13161435e+01 -9.00096248e+01 
 1.17302409e+05 -1.15141665e+01 -9.00526060e+01 
 1.20007371e+05 -1.17121944e+01 -9.00956144e+01 
 1.22774708e+05 -1.19102271e+01 -9.01386724e+01 
 1.25605860e+05 -1.21082648e+01 -9.01818023e+01 
 1.28502297e+05 -1.23063075e+01 -9.02250266e+01 
 1.31465525e+05 -1.25043551e+01 -9.02683675e+01 
 1.34497085e+05 -1.27024078e+01 -9.03118476e+01 
 1.37598551e+05 -1.29004657e+01 -9.03554895e+01 
 1.40771537e+05 -1.30985287e+01 -9.03993157e+01 
 1.44017690e+05 -1.32965971e+01 -9.04433487e+01 
 1.47338699e+05 -1.34946708e+01 -9.04876119e+01 
 1.50736290e+05 -1.36927501e+01 -9.05321280e+01 
 1.54212228e+05 -1.38908350e+01 -9.05769200e+01 
 1.57768320e+05 -1.40889257e+01 -9.06220111e+01 
 1.61406415e+05 -1.42870223e+01 -9.06674247e+01 
 1.65128404e+05 -1.44851250e+01 -9.07131842e+01 
 1.68936220e+05 -1.46832339e+01 -9.07593136e+01 
 1.72831844e+05 -1.48813493e+01 -9.08058366e+01 
 1.76817299e+05 -1.50794713e+01 -9.08527774e+01 
 1.80894658e+05 -1.52776001e+01 -9.09001602e+01 
 1.85066040e+05 -1.54757360e+01 -9.09480096e+01 
 1.89333613e+05 -1.56738793e+01 -9.09963503e+01 
 1.93699595e+05 -1.58720301e+01 -9.10452074e+01 
 1.98166255e+05 -1.60701887e+01 -9.10946061e+01 
 2.02735916e+05 -1.62683555e+01 -9.11445718e+01 
 2.07410951e+05 -1.64665307e+01 -9.11951302e+01 
 2.12193792e+05 -1.66647147e+01 -9.12463082e+01 
 2.17086923e+05 -1.68629077e+01 -9.12981318e+01 
 2.22092889e+05 -1.70611103e+01 -9.13506276e+01 
 2.27214291e+05 -1.72593226e+01 -9.14038231e+01 
 2.32453791e+05 -1.74575452e+01 -9.14577453e+01 
 2.37814113e+05 -1.76557784e+01 -9.15124225e+01 
 2.43298042e+05 -1.78540228e+01 -9.15678826e+01 
 2.48908429e+05 -1.80522787e+01 -9.16241542e+01 
 2.54648190e+05 -1.82505466e+01 -9.16812665e+01 
 2.60520309e+05 -1.84488271e+01 -9.17392488e+01 
 2.66527837e+05 -1.86471207e+01 -9.17981309e+01 
 2.72673897e+05 -1.88454280e+01 -9.18579431e+01 
 2.78961683e+05 -1.90437495e+01 -9.19187164e+01 
 2.85394464e+05 -1.92420860e+01 -9.19804818e+01 
 2.91975583e+05 -1.94404380e+01 -9.20432712e+01 
 2.98708461e+05 -1.96388062e+01 -9.21071168e+01 
 3.05596598e+05 -1.98371913e+01 -9.21720514e+01 
 3.12643573e+05 -2.00355942e+01 -9.22381082e+01 
 3.19853049e+05 -2.02340156e+01 -9.23053210e+01 
 3.27228774e+05 -2.04324563e+01 -9.23737245e+01 
 3.34774581e+05 -2.06309172e+01 -9.24433534e+01 
 3.42494392e+05 -2.08293992e+01 -9.25142436e+01 
 3.50392221e+05 -2.10279032e+01 -9.25864311e+01 
 3.58472171e+05 -2.12264304e+01 -9.26599525e+01 
 3.66738442e+05 -2.14249816e+01 -9.27348460e+01 
 3.75195331e+05 -2.16235581e+01 -9.28111495e+01 
 3.83847234e+05 -2.18221609e+01 -9.28889016e+01 
 3.92698648e+05 -2.20207912e+01 -9.29681421e+01 
 4.01754173e+05 -2.22194504e+01 -9.30489110e+01 
 4.11018515e+05 -2.24181397e+01 -9.31312494e+01 
 4.20496491e+05 -2.26168605e+01 -9.32151991e+01 
 4.30193027e+05 -2.28156143e+01 -9.33008025e+01 
 4.40113162e+05 -2.30144025e+01 -9.33881029e+01 
 4.50262052e+05 -2.32132267e+01 -9.34771444e+01 
 4.60644974e+05 -2.34120886e+01 -9.35679717e+01 
 4.71267322e+05 -2.36109900e+01 -9.36606302e+01 
 4.82134619e+05 -2.38099326e+01 -9.37551674e+01 
 4.93252513e+05 -2.40089183e+01 -9.38516301e+01 
 5.04626783e+05 -2.42079490e+01 -9.39500667e+01 
 5.16263340e+05 -2.44070270e+01 -9.40505263e+01 
 5.28168234e+05 -2.46061543e+01 -9.41530591e+01 
 5.40347650e+05 -2.48053332e+01 -9.42577161e+01 
 5.52807921e+05 -2.50045660e+01 -9.43645490e+01 
 5.65555523e+05 -2.52038553e+01 -9.44736112e+01 
 5.78597080e+05 -2.54032036e+01 -9.45849565e+01 
 5.91939372e+05 -2.56026136e+01 -9.46986396e+01 
 6.05589334e+05 -2.58020883e+01 -9.48147167e+01 
 6.19554061e+05 -2.60016304e+01 -9.49332443e+01 
 6.33840810e+05 -2.62012431e+01 -9.50542809e+01 
 6.48457008e+05 -2.64009297e+01 -9.51778853e+01 
 6.63410251e+05 -2.66006936e+01 -9.53041177e+01 
 6.78708313e+05 -2.68005381e+01 -9.54330390e+01 
 6.94359143e+05 -2.70004672e+01 -9.55647115e+01 
 7.10370877e+05 -2.72004845e+01 -9.56991989e+01 
 7.26751838e+05 -2.74005941e+01 -9.58365655e+01 
 7.43510539e+05 -2.76008003e+01 -9.59768768e+01 
 7.60655691e+05 -2.78011075e+01 -9.61201995e+01 
 7.78196206e+05 -2.80015201e+01 -9.62666016e+01 
 7.96141200e+05 -2.82020431e+01 -9.64161522e+01 
 8.14500001e+05 -2.84026815e+01 -9.65689210e+01 
 8.33282151e+05 -2.86034403e+01 -9.67249798e+01 
 8.52497412e+05 -2.88043253e+01 -9.68844006e+01 
 8.72155772e+05 -2.90053419e+01 -9.70472575e+01 
 8.92267449e+05 -2.92064962e+01 -9.72136250e+01 
 9.12842895e+05 -2.94077944e+01 -9.73835789e+01 
 9.33892805e+05 -2.96092430e+01 -9.75571965e+01 
 9.55428121e+05 -2.98108487e+01 -9.77345556e+01 
 9.77460036e+05 -3.00126186e+01 -9.79157360e+01 
 1.00000000e+06 -3.02145600e+01 -9.81008176e+01 
 1.02305973e+06 -3.04166807e+01 -9.82898823e+01 
 1.04665121e+06 -3.06189886e+01 -9.84830124e+01 
 1.07078670e+06 -3.08214920e+01 -9.86802917e+01 
 1.09547876e+06 -3.10241998e+01 -9.88818047e+01 
 1.12074020e+06 -3.12271208e+01 -9.90876370e+01 
 1.14658417e+06 -3.14302647e+01 -9.92978756e+01 
 1.17302409e+06 -3.16336412e+01 -9.95126075e+01 
 1.20007371e+06 -3.18372605e+01 -9.97319215e+01 
 1.22774708e+06 -3.20411334e+01 -9.99559066e+01 
 1.25605860e+06 -3.22452710e+01 -1.00184653e+02 
 1.28502297e+06 -3.24496847e+01 -1.00418251e+02 
 1.31465525e+06 -3.26543868e+01 -1.00656793e+02 
 1.34497085e+06 -3.28593896e+01 -1.00900370e+02 
 1.37598551e+06 -3.30647062e+01 -1.01149075e+02 
 1.40771537e+06 -3.32703501e+01 -1.01403000e+02 
 1.44017690e+06 -3.34763355e+01 -1.01662240e+02 
 1.47338699e+06 -3.36826768e+01 -1.01926887e+02 
 1.50736290e+06 -3.38893894e+01 -1.02197036e+02 
 1.54212228e+06 -3.40964889e+01 -1.02472779e+02 
 1.57768320e+06 -3.43039917e+01 -1.02754211e+02 
 1.61406415e+06 -3.45119148e+01 -1.03041425e+02 
 1.65128404e+06 -3.47202758e+01 -1.03334514e+02 
 1.68936220e+06 -3.49290929e+01 -1.03633570e+02 
 1.72831844e+06 -3.51383851e+01 -1.03938686e+02 
 1.76817299e+06 -3.53481719e+01 -1.04249952e+02 
 1.80894658e+06 -3.55584737e+01 -1.04567458e+02 
 1.85066040e+06 -3.57693113e+01 -1.04891293e+02 
 1.89333613e+06 -3.59807065e+01 -1.05221545e+02 
 1.93699595e+06 -3.61926817e+01 -1.05558299e+02 
 1.98166255e+06 -3.64052602e+01 -1.05901639e+02 
 2.02735916e+06 -3.66184657e+01 -1.06251647e+02 
 2.07410951e+06 -3.68323230e+01 -1.06608402e+02 
 2.12193792e+06 -3.70468575e+01 -1.06971982e+02 
 2.17086923e+06 -3.72620954e+01 -1.07342461e+02 
 2.22092889e+06 -3.74780638e+01 -1.07719910e+02 
 2.27214291e+06 -3.76947904e+01 -1.08104396e+02 
 2.32453791e+06 -3.79123038e+01 -1.08495983e+02 
 2.37814113e+06 -3.81306334e+01 -1.08894732e+02 
 2.43298042e+06 -3.83498091e+01 -1.09300697e+02 
 2.48908429e+06 -3.85698620e+01 -1.09713929e+02 
 2.54648190e+06 -3.87908237e+01 -1.10134476e+02 
 2.60520309e+06 -3.90127265e+01 -1.10562376e+02 
 2.66527837e+06 -3.92356037e+01 -1.10997665e+02 
 2.72673897e+06 -3.94594889e+01 -1.11440371e+02 
 2.78961683e+06 -3.96844169e+01 -1.11890516e+02 
 2.85394464e+06 -3.99104227e+01 -1.12348117e+02 
 2.91975583e+06 -4.01375422e+01 -1.12813181e+02 
 2.98708461e+06 -4.03658119e+01 -1.13285708e+02 
 3.05596598e+06 -4.05952687e+01 -1.13765692e+02 
 3.12643573e+06 -4.08259501e+01 -1.14253117e+02 
 3.19853049e+06 -4.10578941e+01 -1.14747958e+02 
 3.27228774e+06 -4.12911392e+01 -1.15250183e+02 
 3.34774581e+06 -4.15257242e+01 -1.15759748e+02 
 3.42494392e+06 -4.17616880e+01 -1.16276600e+02 
 3.50392221e+06 -4.19990701e+01 -1.16800678e+02 
 3.58472171e+06 -4.22379099e+01 -1.17331909e+02 
 3.66738442e+06 -4.24782469e+01 -1.17870208e+02 
 3.75195331e+06 -4.27201209e+01 -1.18415483e+02 
 3.83847234e+06 -4.29635713e+01 -1.18967626e+02 
 3.92698648e+06 -4.32086375e+01 -1.19526523e+02 
 4.01754173e+06 -4.34553586e+01 -1.20092043e+02 
 4.11018515e+06 -4.37037735e+01 -1.20664048e+02 
 4.20496491e+06 -4.39539203e+01 -1.21242386e+02 
 4.30193027e+06 -4.42058370e+01 -1.21826894e+02 
 4.40113162e+06 -4.44595607e+01 -1.22417396e+02 
 4.50262052e+06 -4.47151277e+01 -1.23013706e+02 
 4.60644974e+06 -4.49725737e+01 -1.23615625e+02 
 4.71267322e+06 -4.52319331e+01 -1.24222944e+02 
 4.82134619e+06 -4.54932394e+01 -1.24835441e+02 
 4.93252513e+06 -4.57565249e+01 -1.25452884e+02 
 5.04626783e+06 -4.60218206e+01 -1.26075029e+02 
 5.16263340e+06 -4.62891561e+01 -1.26701623e+02 
 5.28168234e+06 -4.65585594e+01 -1.27332403e+02 
 5.40347650e+06 -4.68300571e+01 -1.27967095e+02 
 5.52807921e+06 -4.71036738e+01 -1.28605417e+02 
 5.65555523e+06 -4.73794326e+01 -1.29247077e+02 
 5.78597080e+06 -4.76573545e+01 -1.29891778e+02 
 5.91939372e+06 -4.79374587e+01 -1.30539212e+02 
 6.05589334e+06 -4.82197621e+01 -1.31189067e+02 
 6.19554061e+06 -4.85042798e+01 -1.31841025e+02 
 6.33840810e+06 -4.87910246e+01 -1.32494761e+02 
 6.48457008e+06 -4.90800069e+01 -1.33149948e+02 
 6.63410251e+06 -4.93712352e+01 -1.33806254e+02 
 6.78708313e+06 -4.96647154e+01 -1.34463345e+02 
 6.94359143e+06 -4.99604512e+01 -1.35120885e+02 
 7.10370877e+06 -5.02584440e+01 -1.35778537e+02 
 7.26751838e+06 -5.05586926e+01 -1.36435964e+02 
 7.43510539e+06 -5.08611939e+01 -1.37092830e+02 
 7.60655691e+06 -5.11659420e+01 -1.37748801e+02 
 7.78196206e+06 -5.14729291e+01 -1.38403545e+02 
 7.96141200e+06 -5.17821449e+01 -1.39056735e+02 
 8.14500001e+06 -5.20935769e+01 -1.39708045e+02 
 8.33282151e+06 -5.24072104e+01 -1.40357158e+02 
 8.52497412e+06 -5.27230287e+01 -1.41003760e+02 
 8.72155772e+06 -5.30410129e+01 -1.41647545e+02 
 8.92267449e+06 -5.33611423e+01 -1.42288214e+02 
 9.12842895e+06 -5.36833942e+01 -1.42925475e+02 
 9.33892805e+06 -5.40077440e+01 -1.43559047e+02 
 9.55428121e+06 -5.43341654e+01 -1.44188655e+02 
 9.77460036e+06 -5.46626308e+01 -1.44814035e+02 
 1.00000000e+07 -5.49931105e+01 -1.45434935e+02 
 1.02305973e+07 -5.53255739e+01 -1.46051111e+02 
 1.04665121e+07 -5.56599889e+01 -1.46662329e+02 
 1.07078670e+07 -5.59963221e+01 -1.47268370e+02 
 1.09547876e+07 -5.63345391e+01 -1.47869023e+02 
 1.12074020e+07 -5.66746045e+01 -1.48464090e+02 
 1.14658417e+07 -5.70164821e+01 -1.49053384e+02 
 1.17302409e+07 -5.73601347e+01 -1.49636731e+02 
 1.20007371e+07 -5.77055247e+01 -1.50213968e+02 
 1.22774708e+07 -5.80526137e+01 -1.50784943e+02 
 1.25605860e+07 -5.84013631e+01 -1.51349518e+02 
 1.28502297e+07 -5.87517338e+01 -1.51907565e+02 
 1.31465525e+07 -5.91036864e+01 -1.52458968e+02 
 1.34497085e+07 -5.94571813e+01 -1.53003623e+02 
 1.37598551e+07 -5.98121790e+01 -1.53541437e+02 
 1.40771537e+07 -6.01686398e+01 -1.54072327e+02 
 1.44017690e+07 -6.05265243e+01 -1.54596223e+02 
 1.47338699e+07 -6.08857931e+01 -1.55113062e+02 
 1.50736290e+07 -6.12464070e+01 -1.55622796e+02 
 1.54212228e+07 -6.16083271e+01 -1.56125382e+02 
 1.57768320e+07 -6.19715151e+01 -1.56620789e+02 
 1.61406415e+07 -6.23359328e+01 -1.57108997e+02 
 1.65128404e+07 -6.27015427e+01 -1.57589990e+02 
 1.68936220e+07 -6.30683076e+01 -1.58063765e+02 
 1.72831844e+07 -6.34361909e+01 -1.58530326e+02 
 1.76817299e+07 -6.38051568e+01 -1.58989683e+02 
 1.80894658e+07 -6.41751699e+01 -1.59441855e+02 
 1.85066040e+07 -6.45461956e+01 -1.59886867e+02 
 1.89333613e+07 -6.49181999e+01 -1.60324752e+02 
 1.93699595e+07 -6.52911496e+01 -1.60755549e+02 
 1.98166255e+07 -6.56650121e+01 -1.61179301e+02 
 2.02735916e+07 -6.60397556e+01 -1.61596059e+02 
 2.07410951e+07 -6.64153491e+01 -1.62005878e+02 
 2.12193792e+07 -6.67917623e+01 -1.62408818e+02 
 2.17086923e+07 -6.71689658e+01 -1.62804944e+02 
 2.22092889e+07 -6.75469308e+01 -1.63194325e+02 
 2.27214291e+07 -6.79256295e+01 -1.63577033e+02 
 2.32453791e+07 -6.83050346e+01 -1.63953145e+02 
 2.37814113e+07 -6.86851197e+01 -1.64322740e+02 
 2.43298042e+07 -6.90658594e+01 -1.64685902e+02 
 2.48908429e+07 -6.94472288e+01 -1.65042715e+02 
 2.54648190e+07 -6.98292037e+01 -1.65393268e+02 
 2.60520309e+07 -7.02117608e+01 -1.65737651e+02 
 2.66527837e+07 -7.05948777e+01 -1.66075957e+02 
 2.72673897e+07 -7.09785324e+01 -1.66408279e+02 
 2.78961683e+07 -7.13627037e+01 -1.66734714e+02 
 2.85394464e+07 -7.17473713e+01 -1.67055359e+02 
 2.91975583e+07 -7.21325154e+01 -1.67370311e+02 
 2.98708461e+07 -7.25181169e+01 -1.67679672e+02 
 3.05596598e+07 -7.29041575e+01 -1.67983541e+02 
 3.12643573e+07 -7.32906193e+01 -1.68282019e+02 
 3.19853049e+07 -7.36774852e+01 -1.68575208e+02 
 3.27228774e+07 -7.40647387e+01 -1.68863210e+02 
 3.34774581e+07 -7.44523639e+01 -1.69146128e+02 
 3.42494392e+07 -7.48403454e+01 -1.69424065e+02 
 3.50392221e+07 -7.52286685e+01 -1.69697123e+02 
 3.58472171e+07 -7.56173189e+01 -1.69965405e+02 
 3.66738442e+07 -7.60062828e+01 -1.70229014e+02 
 3.75195331e+07 -7.63955472e+01 -1.70488053e+02 
 3.83847234e+07 -7.67850992e+01 -1.70742624e+02 
 3.92698648e+07 -7.71749268e+01 -1.70992828e+02 
 4.01754173e+07 -7.75650181e+01 -1.71238768e+02 
 4.11018515e+07 -7.79553618e+01 -1.71480545e+02 
 4.20496491e+07 -7.83459472e+01 -1.71718259e+02 
 4.30193027e+07 -7.87367637e+01 -1.71952011e+02 
 4.40113162e+07 -7.91278013e+01 -1.72181899e+02 
 4.50262052e+07 -7.95190504e+01 -1.72408023e+02 
 4.60644974e+07 -7.99105017e+01 -1.72630482e+02 
 4.71267322e+07 -8.03021463e+01 -1.72849371e+02 
 4.82134619e+07 -8.06939756e+01 -1.73064789e+02 
 4.93252513e+07 -8.10859814e+01 -1.73276832e+02 
 5.04626783e+07 -8.14781559e+01 -1.73485594e+02 
 5.16263340e+07 -8.18704913e+01 -1.73691171e+02 
 5.28168234e+07 -8.22629805e+01 -1.73893655e+02 
 5.40347650e+07 -8.26556163e+01 -1.74093141e+02 
 5.52807921e+07 -8.30483921e+01 -1.74289720e+02 
 5.65555523e+07 -8.34413015e+01 -1.74483483e+02 
 5.78597080e+07 -8.38343380e+01 -1.74674522e+02 
 5.91939372e+07 -8.42274959e+01 -1.74862927e+02 
 6.05589334e+07 -8.46207693e+01 -1.75048785e+02 
 6.19554061e+07 -8.50141527e+01 -1.75232187e+02 
 6.33840810e+07 -8.54076408e+01 -1.75413218e+02 
 6.48457008e+07 -8.58012284e+01 -1.75591967e+02 
 6.63410251e+07 -8.61949106e+01 -1.75768519e+02 
 6.78708313e+07 -8.65886827e+01 -1.75942959e+02 
 6.94359143e+07 -8.69825401e+01 -1.76115372e+02 
 7.10370877e+07 -8.73764784e+01 -1.76285843e+02 
 7.26751838e+07 -8.77704933e+01 -1.76454454e+02 
 7.43510539e+07 -8.81645807e+01 -1.76621289e+02 
 7.60655691e+07 -8.85587367e+01 -1.76786428e+02 
 7.78196206e+07 -8.89529575e+01 -1.76949955e+02 
 7.96141200e+07 -8.93472392e+01 -1.77111949e+02 
 8.14500001e+07 -8.97415785e+01 -1.77272491e+02 
 8.33282151e+07 -9.01359717e+01 -1.77431660e+02 
 8.52497412e+07 -9.05304156e+01 -1.77589537e+02 
 8.72155772e+07 -9.09249068e+01 -1.77746200e+02 
 8.92267449e+07 -9.13194422e+01 -1.77901726e+02 
 9.12842895e+07 -9.17140188e+01 -1.78056195e+02 
 9.33892805e+07 -9.21086335e+01 -1.78209684e+02 
 9.55428121e+07 -9.25032834e+01 -1.78362269e+02 
 9.77460036e+07 -9.28979657e+01 -1.78514028e+02 
 1.00000000e+08 -9.32926776e+01 -1.78665037e+02 
 1.02305973e+08 -9.36874163e+01 -1.78815372e+02 
 1.04665121e+08 -9.40821792e+01 -1.78965109e+02 
 1.07078670e+08 -9.44769636e+01 -1.79114325e+02 
 1.09547876e+08 -9.48717670e+01 -1.79263094e+02 
 1.12074020e+08 -9.52665868e+01 -1.79411492e+02 
 1.14658417e+08 -9.56614206e+01 -1.79559594e+02 
 1.17302409e+08 -9.60562657e+01 -1.79707475e+02 
 1.20007371e+08 -9.64511199e+01 -1.79855210e+02 
 1.22774708e+08 -9.68459806e+01 -1.80002874e+02 
 1.25605860e+08 -9.72408453e+01 -1.80150543e+02 
 1.28502297e+08 -9.76357118e+01 -1.80298290e+02 
 1.31465525e+08 -9.80305775e+01 -1.80446192e+02 
 1.34497085e+08 -9.84254401e+01 -1.80594323e+02 
 1.37598551e+08 -9.88202970e+01 -1.80742759e+02 
 1.40771537e+08 -9.92151460e+01 -1.80891574e+02 
 1.44017690e+08 -9.96099845e+01 -1.81040845e+02 
 1.47338699e+08 -1.00004810e+02 -1.81190647e+02 
 1.50736290e+08 -1.00399620e+02 -1.81341056e+02 
 1.54212228e+08 -1.00794412e+02 -1.81492148e+02 
 1.57768320e+08 -1.01189184e+02 -1.81644000e+02 
 1.61406415e+08 -1.01583932e+02 -1.81796688e+02 
 1.65128404e+08 -1.01978655e+02 -1.81950290e+02 
 1.68936220e+08 -1.02373349e+02 -1.82104883e+02 
 1.72831844e+08 -1.02768012e+02 -1.82260546e+02 
 1.76817299e+08 -1.03162641e+02 -1.82417356e+02 
 1.80894658e+08 -1.03557233e+02 -1.82575392e+02 
 1.85066040e+08 -1.03951784e+02 -1.82734735e+02 
 1.89333613e+08 -1.04346293e+02 -1.82895463e+02 
 1.93699595e+08 -1.04740756e+02 -1.83057658e+02 
 1.98166255e+08 -1.05135169e+02 -1.83221400e+02 
 2.02735916e+08 -1.05529530e+02 -1.83386771e+02 
 2.07410951e+08 -1.05923835e+02 -1.83553853e+02 
 2.12193792e+08 -1.06318080e+02 -1.83722730e+02 
 2.17086923e+08 -1.06712262e+02 -1.83893484e+02 
 2.22092889e+08 -1.07106376e+02 -1.84066201e+02 
 2.27214291e+08 -1.07500420e+02 -1.84240965e+02 
 2.32453791e+08 -1.07894389e+02 -1.84417862e+02 
 2.37814113e+08 -1.08288279e+02 -1.84596980e+02 
 2.43298042e+08 -1.08682085e+02 -1.84778405e+02 
 2.48908429e+08 -1.09075803e+02 -1.84962226e+02 
 2.54648190e+08 -1.09469429e+02 -1.85148531e+02 
 2.60520309e+08 -1.09862956e+02 -1.85337412e+02 
 2.66527837e+08 -1.10256382e+02 -1.85528958e+02 
 2.72673897e+08 -1.10649699e+02 -1.85723262e+02 
 2.78961683e+08 -1.11042903e+02 -1.85920417e+02 
 2.85394464e+08 -1.11435989e+02 -1.86120516e+02 
 2.91975583e+08 -1.11828949e+02 -1.86323653e+02 
 2.98708461e+08 -1.12221778e+02 -1.86529924e+02 
 3.05596598e+08 -1.12614471e+02 -1.86739426e+02 
 3.12643573e+08 -1.13007019e+02 -1.86952256e+02 
 3.19853049e+08 -1.13399416e+02 -1.87168512e+02 
 3.27228774e+08 -1.13791656e+02 -1.87388294e+02 
 3.34774581e+08 -1.14183730e+02 -1.87611702e+02 
 3.42494392e+08 -1.14575631e+02 -1.87838837e+02 
 3.50392221e+08 -1.14967350e+02 -1.88069802e+02 
 3.58472171e+08 -1.15358880e+02 -1.88304699e+02 
 3.66738442e+08 -1.15750211e+02 -1.88543633e+02 
 3.75195331e+08 -1.16141335e+02 -1.88786708e+02 
 3.83847234e+08 -1.16532242e+02 -1.89034030e+02 
 3.92698648e+08 -1.16922922e+02 -1.89285706e+02 
 4.01754173e+08 -1.17313365e+02 -1.89541843e+02 
 4.11018515e+08 -1.17703560e+02 -1.89802549e+02 
 4.20496491e+08 -1.18093496e+02 -1.90067933e+02 
 4.30193027e+08 -1.18483162e+02 -1.90338105e+02 
 4.40113162e+08 -1.18872545e+02 -1.90613174e+02 
 4.50262052e+08 -1.19261634e+02 -1.90893251e+02 
 4.60644974e+08 -1.19650415e+02 -1.91178447e+02 
 4.71267322e+08 -1.20038875e+02 -1.91468875e+02 
 4.82134619e+08 -1.20426999e+02 -1.91764645e+02 
 4.93252513e+08 -1.20814774e+02 -1.92065870e+02 
 5.04626783e+08 -1.21202184e+02 -1.92372662e+02 
 5.16263340e+08 -1.21589214e+02 -1.92685134e+02 
 5.28168234e+08 -1.21975847e+02 -1.93003397e+02 
 5.40347650e+08 -1.22362067e+02 -1.93327564e+02 
 5.52807921e+08 -1.22747856e+02 -1.93657746e+02 
 5.65555523e+08 -1.23133196e+02 -1.93994055e+02 
 5.78597080e+08 -1.23518069e+02 -1.94336600e+02 
 5.91939372e+08 -1.23902455e+02 -1.94685493e+02 
 6.05589334e+08 -1.24286335e+02 -1.95040841e+02 
 6.19554061e+08 -1.24669687e+02 -1.95402753e+02 
 6.33840810e+08 -1.25052490e+02 -1.95771335e+02 
 6.48457008e+08 -1.25434722e+02 -1.96146691e+02 
 6.63410251e+08 -1.25816360e+02 -1.96528926e+02 
 6.78708313e+08 -1.26197381e+02 -1.96918140e+02 
 6.94359143e+08 -1.26577760e+02 -1.97314431e+02 
 7.10370877e+08 -1.26957472e+02 -1.97717898e+02 
 7.26751838e+08 -1.27336492e+02 -1.98128632e+02 
 7.43510539e+08 -1.27714794e+02 -1.98546726e+02 
 7.60655691e+08 -1.28092348e+02 -1.98972267e+02 
 7.78196206e+08 -1.28469129e+02 -1.99405338e+02 
 7.96141200e+08 -1.28845107e+02 -1.99846020e+02 
 8.14500001e+08 -1.29220251e+02 -2.00294389e+02 
 8.33282151e+08 -1.29594534e+02 -2.00750516e+02 
 8.52497412e+08 -1.29967922e+02 -2.01214468e+02 
 8.72155772e+08 -1.30340385e+02 -2.01686306e+02 
 8.92267449e+08 -1.30711889e+02 -2.02166085e+02 
 9.12842895e+08 -1.31082403e+02 -2.02653857e+02 
 9.33892805e+08 -1.31451892e+02 -2.03149663e+02 
 9.55428121e+08 -1.31820322e+02 -2.03653543e+02 
 9.77460036e+08 -1.32187659e+02 -2.04165525e+02 
 1.00000000e+09 -1.32553865e+02 -2.04685632e+02 
