 frequency       v(PSRR_dB)     
 1.00000000e-01  2.98419160e+01 
 1.02305973e-01  2.98419160e+01 
 1.04665121e-01  2.98419160e+01 
 1.07078670e-01  2.98419160e+01 
 1.09547876e-01  2.98419160e+01 
 1.12074020e-01  2.98419160e+01 
 1.14658417e-01  2.98419160e+01 
 1.17302409e-01  2.98419160e+01 
 1.20007371e-01  2.98419160e+01 
 1.22774708e-01  2.98419160e+01 
 1.25605860e-01  2.98419160e+01 
 1.28502297e-01  2.98419160e+01 
 1.31465525e-01  2.98419160e+01 
 1.34497085e-01  2.98419160e+01 
 1.37598551e-01  2.98419160e+01 
 1.40771537e-01  2.98419160e+01 
 1.44017690e-01  2.98419160e+01 
 1.47338699e-01  2.98419160e+01 
 1.50736290e-01  2.98419160e+01 
 1.54212228e-01  2.98419160e+01 
 1.57768320e-01  2.98419160e+01 
 1.61406415e-01  2.98419160e+01 
 1.65128404e-01  2.98419160e+01 
 1.68936220e-01  2.98419160e+01 
 1.72831844e-01  2.98419160e+01 
 1.76817299e-01  2.98419160e+01 
 1.80894658e-01  2.98419160e+01 
 1.85066040e-01  2.98419160e+01 
 1.89333613e-01  2.98419160e+01 
 1.93699595e-01  2.98419160e+01 
 1.98166255e-01  2.98419160e+01 
 2.02735916e-01  2.98419160e+01 
 2.07410951e-01  2.98419160e+01 
 2.12193792e-01  2.98419160e+01 
 2.17086923e-01  2.98419160e+01 
 2.22092889e-01  2.98419160e+01 
 2.27214291e-01  2.98419160e+01 
 2.32453791e-01  2.98419160e+01 
 2.37814113e-01  2.98419160e+01 
 2.43298042e-01  2.98419160e+01 
 2.48908429e-01  2.98419160e+01 
 2.54648190e-01  2.98419160e+01 
 2.60520309e-01  2.98419160e+01 
 2.66527837e-01  2.98419160e+01 
 2.72673897e-01  2.98419160e+01 
 2.78961683e-01  2.98419160e+01 
 2.85394464e-01  2.98419160e+01 
 2.91975583e-01  2.98419160e+01 
 2.98708461e-01  2.98419160e+01 
 3.05596598e-01  2.98419160e+01 
 3.12643573e-01  2.98419160e+01 
 3.19853049e-01  2.98419160e+01 
 3.27228774e-01  2.98419160e+01 
 3.34774581e-01  2.98419160e+01 
 3.42494392e-01  2.98419160e+01 
 3.50392221e-01  2.98419160e+01 
 3.58472171e-01  2.98419160e+01 
 3.66738442e-01  2.98419160e+01 
 3.75195331e-01  2.98419160e+01 
 3.83847234e-01  2.98419160e+01 
 3.92698648e-01  2.98419160e+01 
 4.01754173e-01  2.98419160e+01 
 4.11018515e-01  2.98419160e+01 
 4.20496491e-01  2.98419160e+01 
 4.30193027e-01  2.98419160e+01 
 4.40113162e-01  2.98419160e+01 
 4.50262052e-01  2.98419160e+01 
 4.60644974e-01  2.98419160e+01 
 4.71267322e-01  2.98419160e+01 
 4.82134619e-01  2.98419160e+01 
 4.93252513e-01  2.98419160e+01 
 5.04626783e-01  2.98419160e+01 
 5.16263340e-01  2.98419160e+01 
 5.28168234e-01  2.98419160e+01 
 5.40347650e-01  2.98419160e+01 
 5.52807921e-01  2.98419160e+01 
 5.65555523e-01  2.98419160e+01 
 5.78597080e-01  2.98419160e+01 
 5.91939372e-01  2.98419160e+01 
 6.05589334e-01  2.98419160e+01 
 6.19554061e-01  2.98419160e+01 
 6.33840810e-01  2.98419160e+01 
 6.48457008e-01  2.98419160e+01 
 6.63410251e-01  2.98419160e+01 
 6.78708313e-01  2.98419160e+01 
 6.94359143e-01  2.98419160e+01 
 7.10370877e-01  2.98419160e+01 
 7.26751838e-01  2.98419160e+01 
 7.43510539e-01  2.98419160e+01 
 7.60655691e-01  2.98419160e+01 
 7.78196206e-01  2.98419160e+01 
 7.96141200e-01  2.98419160e+01 
 8.14500001e-01  2.98419160e+01 
 8.33282151e-01  2.98419160e+01 
 8.52497412e-01  2.98419160e+01 
 8.72155772e-01  2.98419160e+01 
 8.92267449e-01  2.98419160e+01 
 9.12842895e-01  2.98419160e+01 
 9.33892805e-01  2.98419160e+01 
 9.55428121e-01  2.98419160e+01 
 9.77460036e-01  2.98419160e+01 
 1.00000000e+00  2.98419160e+01 
 1.02305973e+00  2.98419160e+01 
 1.04665121e+00  2.98419160e+01 
 1.07078670e+00  2.98419160e+01 
 1.09547876e+00  2.98419160e+01 
 1.12074020e+00  2.98419160e+01 
 1.14658417e+00  2.98419160e+01 
 1.17302409e+00  2.98419160e+01 
 1.20007371e+00  2.98419160e+01 
 1.22774708e+00  2.98419160e+01 
 1.25605860e+00  2.98419160e+01 
 1.28502297e+00  2.98419160e+01 
 1.31465525e+00  2.98419160e+01 
 1.34497085e+00  2.98419160e+01 
 1.37598551e+00  2.98419160e+01 
 1.40771537e+00  2.98419160e+01 
 1.44017690e+00  2.98419160e+01 
 1.47338699e+00  2.98419160e+01 
 1.50736290e+00  2.98419160e+01 
 1.54212228e+00  2.98419160e+01 
 1.57768320e+00  2.98419160e+01 
 1.61406415e+00  2.98419160e+01 
 1.65128404e+00  2.98419160e+01 
 1.68936220e+00  2.98419160e+01 
 1.72831844e+00  2.98419160e+01 
 1.76817299e+00  2.98419160e+01 
 1.80894658e+00  2.98419160e+01 
 1.85066040e+00  2.98419160e+01 
 1.89333613e+00  2.98419160e+01 
 1.93699595e+00  2.98419160e+01 
 1.98166255e+00  2.98419160e+01 
 2.02735916e+00  2.98419160e+01 
 2.07410951e+00  2.98419160e+01 
 2.12193792e+00  2.98419160e+01 
 2.17086923e+00  2.98419160e+01 
 2.22092889e+00  2.98419160e+01 
 2.27214291e+00  2.98419160e+01 
 2.32453791e+00  2.98419160e+01 
 2.37814113e+00  2.98419160e+01 
 2.43298042e+00  2.98419160e+01 
 2.48908429e+00  2.98419160e+01 
 2.54648190e+00  2.98419160e+01 
 2.60520309e+00  2.98419160e+01 
 2.66527837e+00  2.98419160e+01 
 2.72673897e+00  2.98419160e+01 
 2.78961683e+00  2.98419160e+01 
 2.85394464e+00  2.98419160e+01 
 2.91975583e+00  2.98419160e+01 
 2.98708461e+00  2.98419160e+01 
 3.05596598e+00  2.98419160e+01 
 3.12643573e+00  2.98419160e+01 
 3.19853049e+00  2.98419160e+01 
 3.27228774e+00  2.98419160e+01 
 3.34774581e+00  2.98419160e+01 
 3.42494392e+00  2.98419160e+01 
 3.50392221e+00  2.98419160e+01 
 3.58472171e+00  2.98419160e+01 
 3.66738442e+00  2.98419160e+01 
 3.75195331e+00  2.98419160e+01 
 3.83847234e+00  2.98419160e+01 
 3.92698648e+00  2.98419160e+01 
 4.01754173e+00  2.98419160e+01 
 4.11018515e+00  2.98419160e+01 
 4.20496491e+00  2.98419160e+01 
 4.30193027e+00  2.98419160e+01 
 4.40113162e+00  2.98419160e+01 
 4.50262052e+00  2.98419160e+01 
 4.60644974e+00  2.98419160e+01 
 4.71267322e+00  2.98419160e+01 
 4.82134619e+00  2.98419160e+01 
 4.93252513e+00  2.98419160e+01 
 5.04626783e+00  2.98419160e+01 
 5.16263340e+00  2.98419160e+01 
 5.28168234e+00  2.98419160e+01 
 5.40347650e+00  2.98419160e+01 
 5.52807921e+00  2.98419160e+01 
 5.65555523e+00  2.98419160e+01 
 5.78597080e+00  2.98419160e+01 
 5.91939372e+00  2.98419160e+01 
 6.05589334e+00  2.98419160e+01 
 6.19554061e+00  2.98419160e+01 
 6.33840810e+00  2.98419160e+01 
 6.48457008e+00  2.98419160e+01 
 6.63410251e+00  2.98419160e+01 
 6.78708313e+00  2.98419160e+01 
 6.94359143e+00  2.98419160e+01 
 7.10370877e+00  2.98419160e+01 
 7.26751838e+00  2.98419160e+01 
 7.43510539e+00  2.98419160e+01 
 7.60655691e+00  2.98419160e+01 
 7.78196206e+00  2.98419160e+01 
 7.96141200e+00  2.98419160e+01 
 8.14500001e+00  2.98419160e+01 
 8.33282151e+00  2.98419160e+01 
 8.52497412e+00  2.98419160e+01 
 8.72155772e+00  2.98419160e+01 
 8.92267449e+00  2.98419160e+01 
 9.12842895e+00  2.98419160e+01 
 9.33892805e+00  2.98419160e+01 
 9.55428121e+00  2.98419160e+01 
 9.77460036e+00  2.98419160e+01 
 1.00000000e+01  2.98419160e+01 
 1.02305973e+01  2.98419160e+01 
 1.04665121e+01  2.98419160e+01 
 1.07078670e+01  2.98419160e+01 
 1.09547876e+01  2.98419160e+01 
 1.12074020e+01  2.98419160e+01 
 1.14658417e+01  2.98419160e+01 
 1.17302409e+01  2.98419160e+01 
 1.20007371e+01  2.98419160e+01 
 1.22774708e+01  2.98419160e+01 
 1.25605860e+01  2.98419160e+01 
 1.28502297e+01  2.98419160e+01 
 1.31465525e+01  2.98419160e+01 
 1.34497085e+01  2.98419160e+01 
 1.37598551e+01  2.98419160e+01 
 1.40771537e+01  2.98419160e+01 
 1.44017690e+01  2.98419160e+01 
 1.47338699e+01  2.98419160e+01 
 1.50736290e+01  2.98419160e+01 
 1.54212228e+01  2.98419160e+01 
 1.57768320e+01  2.98419160e+01 
 1.61406415e+01  2.98419160e+01 
 1.65128404e+01  2.98419160e+01 
 1.68936220e+01  2.98419160e+01 
 1.72831844e+01  2.98419160e+01 
 1.76817299e+01  2.98419160e+01 
 1.80894658e+01  2.98419160e+01 
 1.85066040e+01  2.98419160e+01 
 1.89333613e+01  2.98419160e+01 
 1.93699595e+01  2.98419160e+01 
 1.98166255e+01  2.98419160e+01 
 2.02735916e+01  2.98419160e+01 
 2.07410951e+01  2.98419160e+01 
 2.12193792e+01  2.98419160e+01 
 2.17086923e+01  2.98419160e+01 
 2.22092889e+01  2.98419160e+01 
 2.27214291e+01  2.98419160e+01 
 2.32453791e+01  2.98419160e+01 
 2.37814113e+01  2.98419160e+01 
 2.43298042e+01  2.98419160e+01 
 2.48908429e+01  2.98419160e+01 
 2.54648190e+01  2.98419160e+01 
 2.60520309e+01  2.98419160e+01 
 2.66527837e+01  2.98419160e+01 
 2.72673897e+01  2.98419160e+01 
 2.78961683e+01  2.98419160e+01 
 2.85394464e+01  2.98419160e+01 
 2.91975583e+01  2.98419160e+01 
 2.98708461e+01  2.98419160e+01 
 3.05596598e+01  2.98419160e+01 
 3.12643573e+01  2.98419160e+01 
 3.19853049e+01  2.98419160e+01 
 3.27228774e+01  2.98419160e+01 
 3.34774581e+01  2.98419160e+01 
 3.42494392e+01  2.98419160e+01 
 3.50392221e+01  2.98419160e+01 
 3.58472171e+01  2.98419160e+01 
 3.66738442e+01  2.98419160e+01 
 3.75195331e+01  2.98419160e+01 
 3.83847234e+01  2.98419160e+01 
 3.92698648e+01  2.98419160e+01 
 4.01754173e+01  2.98419160e+01 
 4.11018515e+01  2.98419160e+01 
 4.20496491e+01  2.98419160e+01 
 4.30193027e+01  2.98419160e+01 
 4.40113162e+01  2.98419160e+01 
 4.50262052e+01  2.98419160e+01 
 4.60644974e+01  2.98419160e+01 
 4.71267322e+01  2.98419160e+01 
 4.82134619e+01  2.98419160e+01 
 4.93252513e+01  2.98419160e+01 
 5.04626783e+01  2.98419160e+01 
 5.16263340e+01  2.98419160e+01 
 5.28168234e+01  2.98419160e+01 
 5.40347650e+01  2.98419160e+01 
 5.52807921e+01  2.98419160e+01 
 5.65555523e+01  2.98419160e+01 
 5.78597080e+01  2.98419160e+01 
 5.91939372e+01  2.98419160e+01 
 6.05589334e+01  2.98419160e+01 
 6.19554061e+01  2.98419160e+01 
 6.33840810e+01  2.98419160e+01 
 6.48457008e+01  2.98419160e+01 
 6.63410251e+01  2.98419160e+01 
 6.78708313e+01  2.98419160e+01 
 6.94359143e+01  2.98419160e+01 
 7.10370877e+01  2.98419160e+01 
 7.26751838e+01  2.98419160e+01 
 7.43510539e+01  2.98419160e+01 
 7.60655691e+01  2.98419160e+01 
 7.78196206e+01  2.98419160e+01 
 7.96141200e+01  2.98419160e+01 
 8.14500001e+01  2.98419160e+01 
 8.33282151e+01  2.98419160e+01 
 8.52497412e+01  2.98419160e+01 
 8.72155772e+01  2.98419160e+01 
 8.92267449e+01  2.98419160e+01 
 9.12842895e+01  2.98419160e+01 
 9.33892805e+01  2.98419160e+01 
 9.55428121e+01  2.98419160e+01 
 9.77460036e+01  2.98419160e+01 
 1.00000000e+02  2.98419160e+01 
 1.02305973e+02  2.98419160e+01 
 1.04665121e+02  2.98419160e+01 
 1.07078670e+02  2.98419160e+01 
 1.09547876e+02  2.98419160e+01 
 1.12074020e+02  2.98419160e+01 
 1.14658417e+02  2.98419160e+01 
 1.17302409e+02  2.98419160e+01 
 1.20007371e+02  2.98419160e+01 
 1.22774708e+02  2.98419160e+01 
 1.25605860e+02  2.98419160e+01 
 1.28502297e+02  2.98419160e+01 
 1.31465525e+02  2.98419160e+01 
 1.34497085e+02  2.98419160e+01 
 1.37598551e+02  2.98419160e+01 
 1.40771537e+02  2.98419160e+01 
 1.44017690e+02  2.98419160e+01 
 1.47338699e+02  2.98419160e+01 
 1.50736290e+02  2.98419160e+01 
 1.54212228e+02  2.98419160e+01 
 1.57768320e+02  2.98419160e+01 
 1.61406415e+02  2.98419160e+01 
 1.65128404e+02  2.98419160e+01 
 1.68936220e+02  2.98419160e+01 
 1.72831844e+02  2.98419160e+01 
 1.76817299e+02  2.98419160e+01 
 1.80894658e+02  2.98419160e+01 
 1.85066040e+02  2.98419160e+01 
 1.89333613e+02  2.98419160e+01 
 1.93699595e+02  2.98419160e+01 
 1.98166255e+02  2.98419160e+01 
 2.02735916e+02  2.98419160e+01 
 2.07410951e+02  2.98419160e+01 
 2.12193792e+02  2.98419160e+01 
 2.17086923e+02  2.98419160e+01 
 2.22092889e+02  2.98419160e+01 
 2.27214291e+02  2.98419160e+01 
 2.32453791e+02  2.98419160e+01 
 2.37814113e+02  2.98419160e+01 
 2.43298042e+02  2.98419160e+01 
 2.48908429e+02  2.98419160e+01 
 2.54648190e+02  2.98419160e+01 
 2.60520309e+02  2.98419160e+01 
 2.66527837e+02  2.98419160e+01 
 2.72673897e+02  2.98419160e+01 
 2.78961683e+02  2.98419160e+01 
 2.85394464e+02  2.98419160e+01 
 2.91975583e+02  2.98419160e+01 
 2.98708461e+02  2.98419160e+01 
 3.05596598e+02  2.98419160e+01 
 3.12643573e+02  2.98419160e+01 
 3.19853049e+02  2.98419160e+01 
 3.27228774e+02  2.98419160e+01 
 3.34774581e+02  2.98419160e+01 
 3.42494392e+02  2.98419160e+01 
 3.50392221e+02  2.98419160e+01 
 3.58472171e+02  2.98419160e+01 
 3.66738442e+02  2.98419160e+01 
 3.75195331e+02  2.98419160e+01 
 3.83847234e+02  2.98419160e+01 
 3.92698648e+02  2.98419161e+01 
 4.01754173e+02  2.98419161e+01 
 4.11018515e+02  2.98419161e+01 
 4.20496491e+02  2.98419161e+01 
 4.30193027e+02  2.98419161e+01 
 4.40113162e+02  2.98419161e+01 
 4.50262052e+02  2.98419161e+01 
 4.60644974e+02  2.98419161e+01 
 4.71267322e+02  2.98419161e+01 
 4.82134619e+02  2.98419161e+01 
 4.93252513e+02  2.98419161e+01 
 5.04626783e+02  2.98419161e+01 
 5.16263340e+02  2.98419161e+01 
 5.28168234e+02  2.98419161e+01 
 5.40347650e+02  2.98419161e+01 
 5.52807921e+02  2.98419161e+01 
 5.65555523e+02  2.98419161e+01 
 5.78597080e+02  2.98419161e+01 
 5.91939372e+02  2.98419161e+01 
 6.05589334e+02  2.98419161e+01 
 6.19554061e+02  2.98419161e+01 
 6.33840810e+02  2.98419161e+01 
 6.48457008e+02  2.98419161e+01 
 6.63410251e+02  2.98419161e+01 
 6.78708313e+02  2.98419161e+01 
 6.94359143e+02  2.98419161e+01 
 7.10370877e+02  2.98419161e+01 
 7.26751838e+02  2.98419161e+01 
 7.43510539e+02  2.98419162e+01 
 7.60655691e+02  2.98419162e+01 
 7.78196206e+02  2.98419162e+01 
 7.96141200e+02  2.98419162e+01 
 8.14500001e+02  2.98419162e+01 
 8.33282151e+02  2.98419162e+01 
 8.52497412e+02  2.98419162e+01 
 8.72155772e+02  2.98419162e+01 
 8.92267449e+02  2.98419162e+01 
 9.12842895e+02  2.98419162e+01 
 9.33892805e+02  2.98419162e+01 
 9.55428121e+02  2.98419162e+01 
 9.77460036e+02  2.98419163e+01 
 1.00000000e+03  2.98419163e+01 
 1.02305973e+03  2.98419163e+01 
 1.04665121e+03  2.98419163e+01 
 1.07078670e+03  2.98419163e+01 
 1.09547876e+03  2.98419163e+01 
 1.12074020e+03  2.98419163e+01 
 1.14658417e+03  2.98419163e+01 
 1.17302409e+03  2.98419164e+01 
 1.20007371e+03  2.98419164e+01 
 1.22774708e+03  2.98419164e+01 
 1.25605860e+03  2.98419164e+01 
 1.28502297e+03  2.98419164e+01 
 1.31465525e+03  2.98419165e+01 
 1.34497085e+03  2.98419165e+01 
 1.37598551e+03  2.98419165e+01 
 1.40771537e+03  2.98419165e+01 
 1.44017690e+03  2.98419165e+01 
 1.47338699e+03  2.98419166e+01 
 1.50736290e+03  2.98419166e+01 
 1.54212228e+03  2.98419166e+01 
 1.57768320e+03  2.98419166e+01 
 1.61406415e+03  2.98419167e+01 
 1.65128404e+03  2.98419167e+01 
 1.68936220e+03  2.98419167e+01 
 1.72831844e+03  2.98419168e+01 
 1.76817299e+03  2.98419168e+01 
 1.80894658e+03  2.98419168e+01 
 1.85066040e+03  2.98419169e+01 
 1.89333613e+03  2.98419169e+01 
 1.93699595e+03  2.98419170e+01 
 1.98166255e+03  2.98419170e+01 
 2.02735916e+03  2.98419171e+01 
 2.07410951e+03  2.98419171e+01 
 2.12193792e+03  2.98419172e+01 
 2.17086923e+03  2.98419172e+01 
 2.22092889e+03  2.98419173e+01 
 2.27214291e+03  2.98419173e+01 
 2.32453791e+03  2.98419174e+01 
 2.37814113e+03  2.98419175e+01 
 2.43298042e+03  2.98419175e+01 
 2.48908429e+03  2.98419176e+01 
 2.54648190e+03  2.98419177e+01 
 2.60520309e+03  2.98419177e+01 
 2.66527837e+03  2.98419178e+01 
 2.72673897e+03  2.98419179e+01 
 2.78961683e+03  2.98419180e+01 
 2.85394464e+03  2.98419181e+01 
 2.91975583e+03  2.98419182e+01 
 2.98708461e+03  2.98419183e+01 
 3.05596598e+03  2.98419184e+01 
 3.12643573e+03  2.98419185e+01 
 3.19853049e+03  2.98419186e+01 
 3.27228774e+03  2.98419187e+01 
 3.34774581e+03  2.98419189e+01 
 3.42494392e+03  2.98419190e+01 
 3.50392221e+03  2.98419191e+01 
 3.58472171e+03  2.98419193e+01 
 3.66738442e+03  2.98419194e+01 
 3.75195331e+03  2.98419196e+01 
 3.83847234e+03  2.98419198e+01 
 3.92698648e+03  2.98419199e+01 
 4.01754173e+03  2.98419201e+01 
 4.11018515e+03  2.98419203e+01 
 4.20496491e+03  2.98419205e+01 
 4.30193027e+03  2.98419207e+01 
 4.40113162e+03  2.98419210e+01 
 4.50262052e+03  2.98419212e+01 
 4.60644974e+03  2.98419214e+01 
 4.71267322e+03  2.98419217e+01 
 4.82134619e+03  2.98419219e+01 
 4.93252513e+03  2.98419222e+01 
 5.04626783e+03  2.98419225e+01 
 5.16263340e+03  2.98419228e+01 
 5.28168234e+03  2.98419231e+01 
 5.40347650e+03  2.98419235e+01 
 5.52807921e+03  2.98419238e+01 
 5.65555523e+03  2.98419242e+01 
 5.78597080e+03  2.98419246e+01 
 5.91939372e+03  2.98419250e+01 
 6.05589334e+03  2.98419254e+01 
 6.19554061e+03  2.98419258e+01 
 6.33840810e+03  2.98419263e+01 
 6.48457008e+03  2.98419268e+01 
 6.63410251e+03  2.98419273e+01 
 6.78708313e+03  2.98419278e+01 
 6.94359143e+03  2.98419283e+01 
 7.10370877e+03  2.98419289e+01 
 7.26751838e+03  2.98419295e+01 
 7.43510539e+03  2.98419301e+01 
 7.60655691e+03  2.98419308e+01 
 7.78196206e+03  2.98419315e+01 
 7.96141200e+03  2.98419322e+01 
 8.14500001e+03  2.98419330e+01 
 8.33282151e+03  2.98419337e+01 
 8.52497412e+03  2.98419346e+01 
 8.72155772e+03  2.98419354e+01 
 8.92267449e+03  2.98419363e+01 
 9.12842895e+03  2.98419373e+01 
 9.33892805e+03  2.98419383e+01 
 9.55428121e+03  2.98419393e+01 
 9.77460036e+03  2.98419404e+01 
 1.00000000e+04  2.98419416e+01 
 1.02305973e+04  2.98419427e+01 
 1.04665121e+04  2.98419440e+01 
 1.07078670e+04  2.98419453e+01 
 1.09547876e+04  2.98419467e+01 
 1.12074020e+04  2.98419481e+01 
 1.14658417e+04  2.98419496e+01 
 1.17302409e+04  2.98419512e+01 
 1.20007371e+04  2.98419528e+01 
 1.22774708e+04  2.98419545e+01 
 1.25605860e+04  2.98419563e+01 
 1.28502297e+04  2.98419582e+01 
 1.31465525e+04  2.98419602e+01 
 1.34497085e+04  2.98419622e+01 
 1.37598551e+04  2.98419644e+01 
 1.40771537e+04  2.98419666e+01 
 1.44017690e+04  2.98419690e+01 
 1.47338699e+04  2.98419715e+01 
 1.50736290e+04  2.98419740e+01 
 1.54212228e+04  2.98419768e+01 
 1.57768320e+04  2.98419796e+01 
 1.61406415e+04  2.98419826e+01 
 1.65128404e+04  2.98419857e+01 
 1.68936220e+04  2.98419889e+01 
 1.72831844e+04  2.98419923e+01 
 1.76817299e+04  2.98419959e+01 
 1.80894658e+04  2.98419996e+01 
 1.85066040e+04  2.98420035e+01 
 1.89333613e+04  2.98420076e+01 
 1.93699595e+04  2.98420118e+01 
 1.98166255e+04  2.98420163e+01 
 2.02735916e+04  2.98420210e+01 
 2.07410951e+04  2.98420259e+01 
 2.12193792e+04  2.98420310e+01 
 2.17086923e+04  2.98420364e+01 
 2.22092889e+04  2.98420420e+01 
 2.27214291e+04  2.98420479e+01 
 2.32453791e+04  2.98420540e+01 
 2.37814113e+04  2.98420605e+01 
 2.43298042e+04  2.98420672e+01 
 2.48908429e+04  2.98420743e+01 
 2.54648190e+04  2.98420816e+01 
 2.60520309e+04  2.98420894e+01 
 2.66527837e+04  2.98420975e+01 
 2.72673897e+04  2.98421059e+01 
 2.78961683e+04  2.98421148e+01 
 2.85394464e+04  2.98421241e+01 
 2.91975583e+04  2.98421338e+01 
 2.98708461e+04  2.98421439e+01 
 3.05596598e+04  2.98421546e+01 
 3.12643573e+04  2.98421657e+01 
 3.19853049e+04  2.98421773e+01 
 3.27228774e+04  2.98421895e+01 
 3.34774581e+04  2.98422023e+01 
 3.42494392e+04  2.98422156e+01 
 3.50392221e+04  2.98422296e+01 
 3.58472171e+04  2.98422442e+01 
 3.66738442e+04  2.98422596e+01 
 3.75195331e+04  2.98422756e+01 
 3.83847234e+04  2.98422923e+01 
 3.92698648e+04  2.98423099e+01 
 4.01754173e+04  2.98423283e+01 
 4.11018515e+04  2.98423475e+01 
 4.20496491e+04  2.98423676e+01 
 4.30193027e+04  2.98423887e+01 
 4.40113162e+04  2.98424108e+01 
 4.50262052e+04  2.98424338e+01 
 4.60644974e+04  2.98424580e+01 
 4.71267322e+04  2.98424833e+01 
 4.82134619e+04  2.98425097e+01 
 4.93252513e+04  2.98425374e+01 
 5.04626783e+04  2.98425664e+01 
 5.16263340e+04  2.98425968e+01 
 5.28168234e+04  2.98426285e+01 
 5.40347650e+04  2.98426618e+01 
 5.52807921e+04  2.98426965e+01 
 5.65555523e+04  2.98427329e+01 
 5.78597080e+04  2.98427711e+01 
 5.91939372e+04  2.98428109e+01 
 6.05589334e+04  2.98428527e+01 
 6.19554061e+04  2.98428964e+01 
 6.33840810e+04  2.98429421e+01 
 6.48457008e+04  2.98429900e+01 
 6.63410251e+04  2.98430401e+01 
 6.78708313e+04  2.98430925e+01 
 6.94359143e+04  2.98431474e+01 
 7.10370877e+04  2.98432048e+01 
 7.26751838e+04  2.98432649e+01 
 7.43510539e+04  2.98433278e+01 
 7.60655691e+04  2.98433937e+01 
 7.78196206e+04  2.98434626e+01 
 7.96141200e+04  2.98435347e+01 
 8.14500001e+04  2.98436102e+01 
 8.33282151e+04  2.98436893e+01 
 8.52497412e+04  2.98437720e+01 
 8.72155772e+04  2.98438585e+01 
 8.92267449e+04  2.98439491e+01 
 9.12842895e+04  2.98440439e+01 
 9.33892805e+04  2.98441432e+01 
 9.55428121e+04  2.98442471e+01 
 9.77460036e+04  2.98443558e+01 
 1.00000000e+05  2.98444695e+01 
 1.02305973e+05  2.98445886e+01 
 1.04665121e+05  2.98447133e+01 
 1.07078670e+05  2.98448437e+01 
 1.09547876e+05  2.98449802e+01 
 1.12074020e+05  2.98451231e+01 
 1.14658417e+05  2.98452727e+01 
 1.17302409e+05  2.98454292e+01 
 1.20007371e+05  2.98455930e+01 
 1.22774708e+05  2.98457645e+01 
 1.25605860e+05  2.98459440e+01 
 1.28502297e+05  2.98461318e+01 
 1.31465525e+05  2.98463283e+01 
 1.34497085e+05  2.98465340e+01 
 1.37598551e+05  2.98467493e+01 
 1.40771537e+05  2.98469747e+01 
 1.44017690e+05  2.98472105e+01 
 1.47338699e+05  2.98474573e+01 
 1.50736290e+05  2.98477157e+01 
 1.54212228e+05  2.98479860e+01 
 1.57768320e+05  2.98482690e+01 
 1.61406415e+05  2.98485651e+01 
 1.65128404e+05  2.98488750e+01 
 1.68936220e+05  2.98491993e+01 
 1.72831844e+05  2.98495388e+01 
 1.76817299e+05  2.98498941e+01 
 1.80894658e+05  2.98502659e+01 
 1.85066040e+05  2.98506550e+01 
 1.89333613e+05  2.98510622e+01 
 1.93699595e+05  2.98514883e+01 
 1.98166255e+05  2.98519343e+01 
 2.02735916e+05  2.98524011e+01 
 2.07410951e+05  2.98528895e+01 
 2.12193792e+05  2.98534007e+01 
 2.17086923e+05  2.98539357e+01 
 2.22092889e+05  2.98544956e+01 
 2.27214291e+05  2.98550814e+01 
 2.32453791e+05  2.98556945e+01 
 2.37814113e+05  2.98563362e+01 
 2.43298042e+05  2.98570076e+01 
 2.48908429e+05  2.98577102e+01 
 2.54648190e+05  2.98584455e+01 
 2.60520309e+05  2.98592150e+01 
 2.66527837e+05  2.98600202e+01 
 2.72673897e+05  2.98608628e+01 
 2.78961683e+05  2.98617444e+01 
 2.85394464e+05  2.98626670e+01 
 2.91975583e+05  2.98636325e+01 
 2.98708461e+05  2.98646427e+01 
 3.05596598e+05  2.98656997e+01 
 3.12643573e+05  2.98668058e+01 
 3.19853049e+05  2.98679631e+01 
 3.27228774e+05  2.98691741e+01 
 3.34774581e+05  2.98704412e+01 
 3.42494392e+05  2.98717669e+01 
 3.50392221e+05  2.98731541e+01 
 3.58472171e+05  2.98746054e+01 
 3.66738442e+05  2.98761238e+01 
 3.75195331e+05  2.98777125e+01 
 3.83847234e+05  2.98793746e+01 
 3.92698648e+05  2.98811135e+01 
 4.01754173e+05  2.98829327e+01 
 4.11018515e+05  2.98848359e+01 
 4.20496491e+05  2.98868269e+01 
 4.30193027e+05  2.98889097e+01 
 4.40113162e+05  2.98910885e+01 
 4.50262052e+05  2.98933676e+01 
 4.60644974e+05  2.98957517e+01 
 4.71267322e+05  2.98982455e+01 
 4.82134619e+05  2.99008539e+01 
 4.93252513e+05  2.99035822e+01 
 5.04626783e+05  2.99064358e+01 
 5.16263340e+05  2.99094202e+01 
 5.28168234e+05  2.99125416e+01 
 5.40347650e+05  2.99158059e+01 
 5.52807921e+05  2.99192196e+01 
 5.65555523e+05  2.99227894e+01 
 5.78597080e+05  2.99265223e+01 
 5.91939372e+05  2.99304256e+01 
 6.05589334e+05  2.99345069e+01 
 6.19554061e+05  2.99387741e+01 
 6.33840810e+05  2.99432355e+01 
 6.48457008e+05  2.99478996e+01 
 6.63410251e+05  2.99527754e+01 
 6.78708313e+05  2.99578723e+01 
 6.94359143e+05  2.99632000e+01 
 7.10370877e+05  2.99687686e+01 
 7.26751838e+05  2.99745885e+01 
 7.43510539e+05  2.99806709e+01 
 7.60655691e+05  2.99870270e+01 
 7.78196206e+05  2.99936687e+01 
 7.96141200e+05  3.00006083e+01 
 8.14500001e+05  3.00078588e+01 
 8.33282151e+05  3.00154332e+01 
 8.52497412e+05  3.00233456e+01 
 8.72155772e+05  3.00316101e+01 
 8.92267449e+05  3.00402418e+01 
 9.12842895e+05  3.00492560e+01 
 9.33892805e+05  3.00586689e+01 
 9.55428121e+05  3.00684969e+01 
 9.77460036e+05  3.00787573e+01 
 1.00000000e+06  3.00894680e+01 
 1.02305973e+06  3.01006473e+01 
 1.04665121e+06  3.01123144e+01 
 1.07078670e+06  3.01244891e+01 
 1.09547876e+06  3.01371916e+01 
 1.12074020e+06  3.01504431e+01 
 1.14658417e+06  3.01642654e+01 
 1.17302409e+06  3.01786809e+01 
 1.20007371e+06  3.01937126e+01 
 1.22774708e+06  3.02093845e+01 
 1.25605860e+06  3.02257212e+01 
 1.28502297e+06  3.02427477e+01 
 1.31465525e+06  3.02604901e+01 
 1.34497085e+06  3.02789750e+01 
 1.37598551e+06  3.02982298e+01 
 1.40771537e+06  3.03182825e+01 
 1.44017690e+06  3.03391617e+01 
 1.47338699e+06  3.03608970e+01 
 1.50736290e+06  3.03835182e+01 
 1.54212228e+06  3.04070560e+01 
 1.57768320e+06  3.04315417e+01 
 1.61406415e+06  3.04570070e+01 
 1.65128404e+06  3.04834845e+01 
 1.68936220e+06  3.05110069e+01 
 1.72831844e+06  3.05396076e+01 
 1.76817299e+06  3.05693204e+01 
 1.80894658e+06  3.06001795e+01 
 1.85066040e+06  3.06322193e+01 
 1.89333613e+06  3.06654746e+01 
 1.93699595e+06  3.06999805e+01 
 1.98166255e+06  3.07357719e+01 
 2.02735916e+06  3.07728842e+01 
 2.07410951e+06  3.08113524e+01 
 2.12193792e+06  3.08512117e+01 
 2.17086923e+06  3.08924969e+01 
 2.22092889e+06  3.09352426e+01 
 2.27214291e+06  3.09794833e+01 
 2.32453791e+06  3.10252525e+01 
 2.37814113e+06  3.10725836e+01 
 2.43298042e+06  3.11215091e+01 
 2.48908429e+06  3.11720607e+01 
 2.54648190e+06  3.12242694e+01 
 2.60520309e+06  3.12781648e+01 
 2.66527837e+06  3.13337758e+01 
 2.72673897e+06  3.13911297e+01 
 2.78961683e+06  3.14502525e+01 
 2.85394464e+06  3.15111688e+01 
 2.91975583e+06  3.15739015e+01 
 2.98708461e+06  3.16384718e+01 
 3.05596598e+06  3.17048990e+01 
 3.12643573e+06  3.17732003e+01 
 3.19853049e+06  3.18433911e+01 
 3.27228774e+06  3.19154844e+01 
 3.34774581e+06  3.19894910e+01 
 3.42494392e+06  3.20654192e+01 
 3.50392221e+06  3.21432749e+01 
 3.58472171e+06  3.22230614e+01 
 3.66738442e+06  3.23047795e+01 
 3.75195331e+06  3.23884269e+01 
 3.83847234e+06  3.24739990e+01 
 3.92698648e+06  3.25614882e+01 
 4.01754173e+06  3.26508839e+01 
 4.11018515e+06  3.27421727e+01 
 4.20496491e+06  3.28353384e+01 
 4.30193027e+06  3.29303616e+01 
 4.40113162e+06  3.30272203e+01 
 4.50262052e+06  3.31258894e+01 
 4.60644974e+06  3.32263407e+01 
 4.71267322e+06  3.33285436e+01 
 4.82134619e+06  3.34324641e+01 
 4.93252513e+06  3.35380658e+01 
 5.04626783e+06  3.36453093e+01 
 5.16263340e+06  3.37541528e+01 
 5.28168234e+06  3.38645514e+01 
 5.40347650e+06  3.39764582e+01 
 5.52807921e+06  3.40898233e+01 
 5.65555523e+06  3.42045948e+01 
 5.78597080e+06  3.43207184e+01 
 5.91939372e+06  3.44381376e+01 
 6.05589334e+06  3.45567936e+01 
 6.19554061e+06  3.46766260e+01 
 6.33840810e+06  3.47975722e+01 
 6.48457008e+06  3.49195679e+01 
 6.63410251e+06  3.50425473e+01 
 6.78708313e+06  3.51664429e+01 
 6.94359143e+06  3.52911856e+01 
 7.10370877e+06  3.54167053e+01 
 7.26751838e+06  3.55429306e+01 
 7.43510539e+06  3.56697890e+01 
 7.60655691e+06  3.57972069e+01 
 7.78196206e+06  3.59251099e+01 
 7.96141200e+06  3.60534232e+01 
 8.14500001e+06  3.61820708e+01 
 8.33282151e+06  3.63109767e+01 
 8.52497412e+06  3.64400643e+01 
 8.72155772e+06  3.65692567e+01 
 8.92267449e+06  3.66984770e+01 
 9.12842895e+06  3.68276480e+01 
 9.33892805e+06  3.69566929e+01 
 9.55428121e+06  3.70855349e+01 
 9.77460036e+06  3.72140975e+01 
 1.00000000e+07  3.73423048e+01 
 1.02305973e+07  3.74700813e+01 
 1.04665121e+07  3.75973521e+01 
 1.07078670e+07  3.77240434e+01 
 1.09547876e+07  3.78500818e+01 
 1.12074020e+07  3.79753954e+01 
 1.14658417e+07  3.80999132e+01 
 1.17302409e+07  3.82235654e+01 
 1.20007371e+07  3.83462837e+01 
 1.22774708e+07  3.84680012e+01 
 1.25605860e+07  3.85886526e+01 
 1.28502297e+07  3.87081743e+01 
 1.31465525e+07  3.88265046e+01 
 1.34497085e+07  3.89435837e+01 
 1.37598551e+07  3.90593537e+01 
 1.40771537e+07  3.91737590e+01 
 1.44017690e+07  3.92867463e+01 
 1.47338699e+07  3.93982643e+01 
 1.50736290e+07  3.95082646e+01 
 1.54212228e+07  3.96167008e+01 
 1.57768320e+07  3.97235296e+01 
 1.61406415e+07  3.98287099e+01 
 1.65128404e+07  3.99322036e+01 
 1.68936220e+07  4.00339754e+01 
 1.72831844e+07  4.01339927e+01 
 1.76817299e+07  4.02322258e+01 
 1.80894658e+07  4.03286479e+01 
 1.85066040e+07  4.04232353e+01 
 1.89333613e+07  4.05159670e+01 
 1.93699595e+07  4.06068251e+01 
 1.98166255e+07  4.06957946e+01 
 2.02735916e+07  4.07828634e+01 
 2.07410951e+07  4.08680223e+01 
 2.12193792e+07  4.09512651e+01 
 2.17086923e+07  4.10325883e+01 
 2.22092889e+07  4.11119911e+01 
 2.27214291e+07  4.11894756e+01 
 2.32453791e+07  4.12650464e+01 
 2.37814113e+07  4.13387106e+01 
 2.43298042e+07  4.14104779e+01 
 2.48908429e+07  4.14803603e+01 
 2.54648190e+07  4.15483723e+01 
 2.60520309e+07  4.16145302e+01 
 2.66527837e+07  4.16788526e+01 
 2.72673897e+07  4.17413601e+01 
 2.78961683e+07  4.18020750e+01 
 2.85394464e+07  4.18610213e+01 
 2.91975583e+07  4.19182249e+01 
 2.98708461e+07  4.19737128e+01 
 3.05596598e+07  4.20275135e+01 
 3.12643573e+07  4.20796569e+01 
 3.19853049e+07  4.21301739e+01 
 3.27228774e+07  4.21790962e+01 
 3.34774581e+07  4.22264567e+01 
 3.42494392e+07  4.22722890e+01 
 3.50392221e+07  4.23166271e+01 
 3.58472171e+07  4.23595059e+01 
 3.66738442e+07  4.24009606e+01 
 3.75195331e+07  4.24410265e+01 
 3.83847234e+07  4.24797396e+01 
 3.92698648e+07  4.25171357e+01 
 4.01754173e+07  4.25532507e+01 
 4.11018515e+07  4.25881207e+01 
 4.20496491e+07  4.26217814e+01 
 4.30193027e+07  4.26542685e+01 
 4.40113162e+07  4.26856174e+01 
 4.50262052e+07  4.27158631e+01 
 4.60644974e+07  4.27450403e+01 
 4.71267322e+07  4.27731832e+01 
 4.82134619e+07  4.28003256e+01 
 4.93252513e+07  4.28265005e+01 
 5.04626783e+07  4.28517406e+01 
 5.16263340e+07  4.28760777e+01 
 5.28168234e+07  4.28995429e+01 
 5.40347650e+07  4.29221668e+01 
 5.52807921e+07  4.29439788e+01 
 5.65555523e+07  4.29650079e+01 
 5.78597080e+07  4.29852819e+01 
 5.91939372e+07  4.30048278e+01 
 6.05589334e+07  4.30236717e+01 
 6.19554061e+07  4.30418386e+01 
 6.33840810e+07  4.30593526e+01 
 6.48457008e+07  4.30762367e+01 
 6.63410251e+07  4.30925128e+01 
 6.78708313e+07  4.31082015e+01 
 6.94359143e+07  4.31233225e+01 
 7.10370877e+07  4.31378941e+01 
 7.26751838e+07  4.31519334e+01 
 7.43510539e+07  4.31654561e+01 
 7.60655691e+07  4.31784768e+01 
 7.78196206e+07  4.31910085e+01 
 7.96141200e+07  4.32030631e+01 
 8.14500001e+07  4.32146508e+01 
 8.33282151e+07  4.32257809e+01 
 8.52497412e+07  4.32364609e+01 
 8.72155772e+07  4.32466975e+01 
 8.92267449e+07  4.32564961e+01 
 9.12842895e+07  4.32658612e+01 
 9.33892805e+07  4.32747969e+01 
 9.55428121e+07  4.32833070e+01 
 9.77460036e+07  4.32913959e+01 
 1.00000000e+08  4.32990692e+01 
 1.02305973e+08  4.33063353e+01 
 1.04665121e+08  4.33132061e+01 
 1.07078670e+08  4.33197003e+01 
 1.09547876e+08  4.33258451e+01 
 1.12074020e+08  4.33316807e+01 
 1.14658417e+08  4.33372650e+01 
 1.17302409e+08  4.33426802e+01 
 1.20007371e+08  4.33480413e+01 
 1.22774708e+08  4.33535073e+01 
 1.25605860e+08  4.33592957e+01 
 1.28502297e+08  4.33657005e+01 
 1.31465525e+08  4.33731147e+01 
 1.34497085e+08  4.33820583e+01 
 1.37598551e+08  4.33932106e+01 
 1.40771537e+08  4.34074465e+01 
 1.44017690e+08  4.34258732e+01 
 1.47338699e+08  4.34498630e+01 
 1.50736290e+08  4.34810695e+01 
 1.54212228e+08  4.35214150e+01 
 1.57768320e+08  4.35730265e+01 
 1.61406415e+08  4.36380992e+01 
 1.65128404e+08  4.37186704e+01 
 1.68936220e+08  4.38163055e+01 
 1.72831844e+08  4.39317309e+01 
 1.76817299e+08  4.40644924e+01 
 1.80894658e+08  4.42127481e+01 
 1.85066040e+08  4.43733009e+01 
 1.89333613e+08  4.45419156e+01 
 1.93699595e+08  4.47138685e+01 
 1.98166255e+08  4.48845895e+01 
 2.02735916e+08  4.50502250e+01 
 2.07410951e+08  4.52079940e+01 
 2.12193792e+08  4.53562966e+01 
 2.17086923e+08  4.54946134e+01 
 2.22092889e+08  4.56232796e+01 
 2.27214291e+08  4.57432178e+01 
 2.32453791e+08  4.58556904e+01 
 2.37814113e+08  4.59621032e+01 
 2.43298042e+08  4.60638674e+01 
 2.48908429e+08  4.61623140e+01 
 2.54648190e+08  4.62586487e+01 
 2.60520309e+08  4.63539346e+01 
 2.66527837e+08  4.64490923e+01 
 2.72673897e+08  4.65449101e+01 
 2.78961683e+08  4.66420591e+01 
 2.85394464e+08  4.67411088e+01 
 2.91975583e+08  4.68425437e+01 
 2.98708461e+08  4.69467769e+01 
 3.05596598e+08  4.70541633e+01 
 3.12643573e+08  4.71650099e+01 
 3.19853049e+08  4.72795849e+01 
 3.27228774e+08  4.73981250e+01 
 3.34774581e+08  4.75208416e+01 
 3.42494392e+08  4.76479257e+01 
 3.50392221e+08  4.77795517e+01 
 3.58472171e+08  4.79158807e+01 
 3.66738442e+08  4.80570635e+01 
 3.75195331e+08  4.82032418e+01 
 3.83847234e+08  4.83545506e+01 
 3.92698648e+08  4.85111196e+01 
 4.01754173e+08  4.86730737e+01 
 4.11018515e+08  4.88405346e+01 
 4.20496491e+08  4.90136211e+01 
 4.30193027e+08  4.91924499e+01 
 4.40113162e+08  4.93771364e+01 
 4.50262052e+08  4.95677947e+01 
 4.60644974e+08  4.97645386e+01 
 4.71267322e+08  4.99674818e+01 
 4.82134619e+08  5.01767383e+01 
 4.93252513e+08  5.03924230e+01 
 5.04626783e+08  5.06146522e+01 
 5.16263340e+08  5.08435438e+01 
 5.28168234e+08  5.10792184e+01 
 5.40347650e+08  5.13217993e+01 
 5.52807921e+08  5.15714139e+01 
 5.65555523e+08  5.18281936e+01 
 5.78597080e+08  5.20922754e+01 
 5.91939372e+08  5.23638024e+01 
 6.05589334e+08  5.26429249e+01 
 6.19554061e+08  5.29298017e+01 
 6.33840810e+08  5.32246012e+01 
 6.48457008e+08  5.35275030e+01 
 6.63410251e+08  5.38386995e+01 
 6.78708313e+08  5.41583976e+01 
 6.94359143e+08  5.44868211e+01 
 7.10370877e+08  5.48242124e+01 
 7.26751838e+08  5.51708359e+01 
 7.43510539e+08  5.55269801e+01 
 7.60655691e+08  5.58929619e+01 
 7.78196206e+08  5.62691297e+01 
 7.96141200e+08  5.66558682e+01 
 8.14500001e+08  5.70536032e+01 
 8.33282151e+08  5.74628080e+01 
 8.52497412e+08  5.78840096e+01 
 8.72155772e+08  5.83177971e+01 
 8.92267449e+08  5.87648312e+01 
 9.12842895e+08  5.92258549e+01 
 9.33892805e+08  5.97017071e+01 
 9.55428121e+08  6.01933384e+01 
 9.77460036e+08  6.07018302e+01 
 1.00000000e+09  6.12284185e+01 
