 frequency       v(Tmb_dB)       v(Tmb_arg)     
 1.00000000e+00  2.12118683e+01 -1.15909526e-03 
 1.02305973e+00  2.12118683e+01 -1.18582368e-03 
 1.04665121e+00  2.12118683e+01 -1.21316846e-03 
 1.07078670e+00  2.12118683e+01 -1.24114379e-03 
 1.09547876e+00  2.12118683e+01 -1.26976423e-03 
 1.12074020e+00  2.12118683e+01 -1.29904465e-03 
 1.14658417e+00  2.12118683e+01 -1.32900027e-03 
 1.17302409e+00  2.12118683e+01 -1.35964666e-03 
 1.20007371e+00  2.12118683e+01 -1.39099974e-03 
 1.22774708e+00  2.12118683e+01 -1.42307582e-03 
 1.25605860e+00  2.12118683e+01 -1.45589157e-03 
 1.28502297e+00  2.12118683e+01 -1.48946403e-03 
 1.31465525e+00  2.12118683e+01 -1.52381067e-03 
 1.34497085e+00  2.12118683e+01 -1.55894933e-03 
 1.37598551e+00  2.12118683e+01 -1.59489828e-03 
 1.40771537e+00  2.12118683e+01 -1.63167621e-03 
 1.44017690e+00  2.12118683e+01 -1.66930222e-03 
 1.47338699e+00  2.12118683e+01 -1.70779588e-03 
 1.50736290e+00  2.12118683e+01 -1.74717719e-03 
 1.54212228e+00  2.12118683e+01 -1.78746662e-03 
 1.57768320e+00  2.12118683e+01 -1.82868512e-03 
 1.61406415e+00  2.12118683e+01 -1.87085411e-03 
 1.65128404e+00  2.12118683e+01 -1.91399550e-03 
 1.68936220e+00  2.12118683e+01 -1.95813171e-03 
 1.72831844e+00  2.12118683e+01 -2.00328570e-03 
 1.76817299e+00  2.12118683e+01 -2.04948093e-03 
 1.80894658e+00  2.12118683e+01 -2.09674141e-03 
 1.85066040e+00  2.12118683e+01 -2.14509170e-03 
 1.89333613e+00  2.12118683e+01 -2.19455693e-03 
 1.93699595e+00  2.12118683e+01 -2.24516282e-03 
 1.98166255e+00  2.12118683e+01 -2.29693567e-03 
 2.02735916e+00  2.12118683e+01 -2.34990239e-03 
 2.07410951e+00  2.12118683e+01 -2.40409050e-03 
 2.12193792e+00  2.12118683e+01 -2.45952818e-03 
 2.17086923e+00  2.12118683e+01 -2.51624423e-03 
 2.22092889e+00  2.12118683e+01 -2.57426814e-03 
 2.27214291e+00  2.12118683e+01 -2.63363007e-03 
 2.32453791e+00  2.12118683e+01 -2.69436087e-03 
 2.37814113e+00  2.12118683e+01 -2.75649210e-03 
 2.43298042e+00  2.12118683e+01 -2.82005607e-03 
 2.48908429e+00  2.12118683e+01 -2.88508580e-03 
 2.54648190e+00  2.12118683e+01 -2.95161510e-03 
 2.60520309e+00  2.12118683e+01 -3.01967854e-03 
 2.66527837e+00  2.12118683e+01 -3.08931152e-03 
 2.72673897e+00  2.12118683e+01 -3.16055020e-03 
 2.78961683e+00  2.12118683e+01 -3.23343164e-03 
 2.85394464e+00  2.12118683e+01 -3.30799370e-03 
 2.91975583e+00  2.12118683e+01 -3.38427514e-03 
 2.98708461e+00  2.12118683e+01 -3.46231561e-03 
 3.05596598e+00  2.12118683e+01 -3.54215567e-03 
 3.12643573e+00  2.12118683e+01 -3.62383682e-03 
 3.19853049e+00  2.12118683e+01 -3.70740152e-03 
 3.27228774e+00  2.12118683e+01 -3.79289320e-03 
 3.34774581e+00  2.12118683e+01 -3.88035629e-03 
 3.42494392e+00  2.12118683e+01 -3.96983626e-03 
 3.50392221e+00  2.12118683e+01 -4.06137961e-03 
 3.58472171e+00  2.12118683e+01 -4.15503393e-03 
 3.66738442e+00  2.12118683e+01 -4.25084789e-03 
 3.75195331e+00  2.12118683e+01 -4.34887129e-03 
 3.83847234e+00  2.12118683e+01 -4.44915509e-03 
 3.92698648e+00  2.12118683e+01 -4.55175140e-03 
 4.01754173e+00  2.12118683e+01 -4.65671356e-03 
 4.11018515e+00  2.12118683e+01 -4.76409611e-03 
 4.20496491e+00  2.12118683e+01 -4.87395488e-03 
 4.30193027e+00  2.12118683e+01 -4.98634697e-03 
 4.40113162e+00  2.12118683e+01 -5.10133078e-03 
 4.50262052e+00  2.12118683e+01 -5.21896609e-03 
 4.60644974e+00  2.12118683e+01 -5.33931404e-03 
 4.71267322e+00  2.12118683e+01 -5.46243717e-03 
 4.82134619e+00  2.12118683e+01 -5.58839950e-03 
 4.93252513e+00  2.12118683e+01 -5.71726648e-03 
 5.04626783e+00  2.12118683e+01 -5.84910510e-03 
 5.16263340e+00  2.12118683e+01 -5.98398388e-03 
 5.28168234e+00  2.12118683e+01 -6.12197293e-03 
 5.40347650e+00  2.12118683e+01 -6.26314397e-03 
 5.52807921e+00  2.12118683e+01 -6.40757038e-03 
 5.65555523e+00  2.12118683e+01 -6.55532722e-03 
 5.78597080e+00  2.12118683e+01 -6.70649130e-03 
 5.91939372e+00  2.12118683e+01 -6.86114117e-03 
 6.05589334e+00  2.12118683e+01 -7.01935723e-03 
 6.19554061e+00  2.12118683e+01 -7.18122171e-03 
 6.33840810e+00  2.12118683e+01 -7.34681874e-03 
 6.48457008e+00  2.12118683e+01 -7.51623440e-03 
 6.63410251e+00  2.12118683e+01 -7.68955673e-03 
 6.78708313e+00  2.12118683e+01 -7.86687583e-03 
 6.94359143e+00  2.12118683e+01 -8.04828386e-03 
 7.10370877e+00  2.12118683e+01 -8.23387511e-03 
 7.26751838e+00  2.12118683e+01 -8.42374604e-03 
 7.43510539e+00  2.12118683e+01 -8.61799535e-03 
 7.60655691e+00  2.12118682e+01 -8.81672399e-03 
 7.78196206e+00  2.12118682e+01 -9.02003526e-03 
 7.96141200e+00  2.12118682e+01 -9.22803483e-03 
 8.14500001e+00  2.12118682e+01 -9.44083082e-03 
 8.33282151e+00  2.12118682e+01 -9.65853382e-03 
 8.52497412e+00  2.12118682e+01 -9.88125700e-03 
 8.72155772e+00  2.12118682e+01 -1.01091161e-02 
 8.92267449e+00  2.12118682e+01 -1.03422296e-02 
 9.12842895e+00  2.12118682e+01 -1.05807186e-02 
 9.33892805e+00  2.12118682e+01 -1.08247071e-02 
 9.55428121e+00  2.12118682e+01 -1.10743219e-02 
 9.77460036e+00  2.12118682e+01 -1.13296928e-02 
 1.00000000e+01  2.12118682e+01 -1.15909524e-02 
 1.02305973e+01  2.12118682e+01 -1.18582367e-02 
 1.04665121e+01  2.12118682e+01 -1.21316844e-02 
 1.07078670e+01  2.12118682e+01 -1.24114378e-02 
 1.09547876e+01  2.12118681e+01 -1.26976422e-02 
 1.12074020e+01  2.12118681e+01 -1.29904463e-02 
 1.14658417e+01  2.12118681e+01 -1.32900025e-02 
 1.17302409e+01  2.12118681e+01 -1.35964664e-02 
 1.20007371e+01  2.12118681e+01 -1.39099972e-02 
 1.22774708e+01  2.12118681e+01 -1.42307580e-02 
 1.25605860e+01  2.12118681e+01 -1.45589154e-02 
 1.28502297e+01  2.12118681e+01 -1.48946400e-02 
 1.31465525e+01  2.12118681e+01 -1.52381064e-02 
 1.34497085e+01  2.12118680e+01 -1.55894930e-02 
 1.37598551e+01  2.12118680e+01 -1.59489825e-02 
 1.40771537e+01  2.12118680e+01 -1.63167617e-02 
 1.44017690e+01  2.12118680e+01 -1.66930218e-02 
 1.47338699e+01  2.12118680e+01 -1.70779583e-02 
 1.50736290e+01  2.12118680e+01 -1.74717714e-02 
 1.54212228e+01  2.12118679e+01 -1.78746657e-02 
 1.57768320e+01  2.12118679e+01 -1.82868507e-02 
 1.61406415e+01  2.12118679e+01 -1.87085405e-02 
 1.65128404e+01  2.12118679e+01 -1.91399543e-02 
 1.68936220e+01  2.12118679e+01 -1.95813165e-02 
 1.72831844e+01  2.12118678e+01 -2.00328563e-02 
 1.76817299e+01  2.12118678e+01 -2.04948085e-02 
 1.80894658e+01  2.12118678e+01 -2.09674133e-02 
 1.85066040e+01  2.12118678e+01 -2.14509161e-02 
 1.89333613e+01  2.12118677e+01 -2.19455684e-02 
 1.93699595e+01  2.12118677e+01 -2.24516272e-02 
 1.98166255e+01  2.12118677e+01 -2.29693556e-02 
 2.02735916e+01  2.12118677e+01 -2.34990227e-02 
 2.07410951e+01  2.12118676e+01 -2.40409038e-02 
 2.12193792e+01  2.12118676e+01 -2.45952805e-02 
 2.17086923e+01  2.12118676e+01 -2.51624409e-02 
 2.22092889e+01  2.12118675e+01 -2.57426799e-02 
 2.27214291e+01  2.12118675e+01 -2.63362991e-02 
 2.32453791e+01  2.12118674e+01 -2.69436070e-02 
 2.37814113e+01  2.12118674e+01 -2.75649192e-02 
 2.43298042e+01  2.12118674e+01 -2.82005587e-02 
 2.48908429e+01  2.12118673e+01 -2.88508559e-02 
 2.54648190e+01  2.12118673e+01 -2.95161487e-02 
 2.60520309e+01  2.12118672e+01 -3.01967830e-02 
 2.66527837e+01  2.12118672e+01 -3.08931125e-02 
 2.72673897e+01  2.12118671e+01 -3.16054992e-02 
 2.78961683e+01  2.12118671e+01 -3.23343134e-02 
 2.85394464e+01  2.12118670e+01 -3.30799338e-02 
 2.91975583e+01  2.12118669e+01 -3.38427480e-02 
 2.98708461e+01  2.12118669e+01 -3.46231524e-02 
 3.05596598e+01  2.12118668e+01 -3.54215528e-02 
 3.12643573e+01  2.12118667e+01 -3.62383640e-02 
 3.19853049e+01  2.12118666e+01 -3.70740107e-02 
 3.27228774e+01  2.12118666e+01 -3.79289272e-02 
 3.34774581e+01  2.12118665e+01 -3.88035577e-02 
 3.42494392e+01  2.12118664e+01 -3.96983571e-02 
 3.50392221e+01  2.12118663e+01 -4.06137902e-02 
 3.58472171e+01  2.12118662e+01 -4.15503329e-02 
 3.66738442e+01  2.12118661e+01 -4.25084721e-02 
 3.75195331e+01  2.12118660e+01 -4.34887056e-02 
 3.83847234e+01  2.12118659e+01 -4.44915431e-02 
 3.92698648e+01  2.12118658e+01 -4.55175057e-02 
 4.01754173e+01  2.12118657e+01 -4.65671266e-02 
 4.11018515e+01  2.12118655e+01 -4.76409516e-02 
 4.20496491e+01  2.12118654e+01 -4.87395386e-02 
 4.30193027e+01  2.12118653e+01 -4.98634587e-02 
 4.40113162e+01  2.12118651e+01 -5.10132960e-02 
 4.50262052e+01  2.12118650e+01 -5.21896483e-02 
 4.60644974e+01  2.12118648e+01 -5.33931269e-02 
 4.71267322e+01  2.12118647e+01 -5.46243573e-02 
 4.82134619e+01  2.12118645e+01 -5.58839795e-02 
 4.93252513e+01  2.12118643e+01 -5.71726483e-02 
 5.04626783e+01  2.12118641e+01 -5.84910333e-02 
 5.16263340e+01  2.12118639e+01 -5.98398199e-02 
 5.28168234e+01  2.12118637e+01 -6.12197090e-02 
 5.40347650e+01  2.12118635e+01 -6.26314180e-02 
 5.52807921e+01  2.12118633e+01 -6.40756805e-02 
 5.65555523e+01  2.12118630e+01 -6.55532473e-02 
 5.78597080e+01  2.12118628e+01 -6.70648863e-02 
 5.91939372e+01  2.12118625e+01 -6.86113831e-02 
 6.05589334e+01  2.12118623e+01 -7.01935417e-02 
 6.19554061e+01  2.12118620e+01 -7.18121844e-02 
 6.33840810e+01  2.12118617e+01 -7.34681523e-02 
 6.48457008e+01  2.12118614e+01 -7.51623064e-02 
 6.63410251e+01  2.12118610e+01 -7.68955271e-02 
 6.78708313e+01  2.12118607e+01 -7.86687152e-02 
 6.94359143e+01  2.12118603e+01 -8.04827924e-02 
 7.10370877e+01  2.12118600e+01 -8.23387017e-02 
 7.26751838e+01  2.12118596e+01 -8.42374075e-02 
 7.43510539e+01  2.12118592e+01 -8.61798968e-02 
 7.60655691e+01  2.12118587e+01 -8.81671792e-02 
 7.78196206e+01  2.12118583e+01 -9.02002876e-02 
 7.96141200e+01  2.12118578e+01 -9.22802788e-02 
 8.14500001e+01  2.12118573e+01 -9.44082337e-02 
 8.33282151e+01  2.12118568e+01 -9.65852585e-02 
 8.52497412e+01  2.12118563e+01 -9.88124846e-02 
 8.72155772e+01  2.12118557e+01 -1.01091070e-01 
 8.92267449e+01  2.12118551e+01 -1.03422198e-01 
 9.12842895e+01  2.12118545e+01 -1.05807081e-01 
 9.33892805e+01  2.12118539e+01 -1.08246959e-01 
 9.55428121e+01  2.12118532e+01 -1.10743099e-01 
 9.77460036e+01  2.12118525e+01 -1.13296799e-01 
 1.00000000e+02  2.12118518e+01 -1.15909387e-01 
 1.02305973e+02  2.12118510e+01 -1.18582219e-01 
 1.04665121e+02  2.12118502e+01 -1.21316686e-01 
 1.07078670e+02  2.12118493e+01 -1.24114208e-01 
 1.09547876e+02  2.12118484e+01 -1.26976240e-01 
 1.12074020e+02  2.12118475e+01 -1.29904269e-01 
 1.14658417e+02  2.12118465e+01 -1.32899817e-01 
 1.17302409e+02  2.12118455e+01 -1.35964441e-01 
 1.20007371e+02  2.12118445e+01 -1.39099734e-01 
 1.22774708e+02  2.12118433e+01 -1.42307325e-01 
 1.25605860e+02  2.12118422e+01 -1.45588881e-01 
 1.28502297e+02  2.12118410e+01 -1.48946108e-01 
 1.31465525e+02  2.12118397e+01 -1.52380751e-01 
 1.34497085e+02  2.12118383e+01 -1.55894595e-01 
 1.37598551e+02  2.12118370e+01 -1.59489466e-01 
 1.40771537e+02  2.12118355e+01 -1.63167232e-01 
 1.44017690e+02  2.12118340e+01 -1.66929806e-01 
 1.47338699e+02  2.12118323e+01 -1.70779143e-01 
 1.50736290e+02  2.12118307e+01 -1.74717242e-01 
 1.54212228e+02  2.12118289e+01 -1.78746152e-01 
 1.57768320e+02  2.12118271e+01 -1.82867966e-01 
 1.61406415e+02  2.12118251e+01 -1.87084825e-01 
 1.65128404e+02  2.12118231e+01 -1.91398923e-01 
 1.68936220e+02  2.12118210e+01 -1.95812500e-01 
 1.72831844e+02  2.12118188e+01 -2.00327852e-01 
 1.76817299e+02  2.12118165e+01 -2.04947324e-01 
 1.80894658e+02  2.12118141e+01 -2.09673317e-01 
 1.85066040e+02  2.12118116e+01 -2.14508288e-01 
 1.89333613e+02  2.12118089e+01 -2.19454749e-01 
 1.93699595e+02  2.12118061e+01 -2.24515271e-01 
 1.98166255e+02  2.12118032e+01 -2.29692484e-01 
 2.02735916e+02  2.12118002e+01 -2.34989079e-01 
 2.07410951e+02  2.12117970e+01 -2.40407808e-01 
 2.12193792e+02  2.12117937e+01 -2.45951488e-01 
 2.17086923e+02  2.12117902e+01 -2.51622999e-01 
 2.22092889e+02  2.12117866e+01 -2.57425290e-01 
 2.27214291e+02  2.12117827e+01 -2.63361375e-01 
 2.32453791e+02  2.12117788e+01 -2.69434339e-01 
 2.37814113e+02  2.12117746e+01 -2.75647338e-01 
 2.43298042e+02  2.12117702e+01 -2.82003602e-01 
 2.48908429e+02  2.12117656e+01 -2.88506434e-01 
 2.54648190e+02  2.12117608e+01 -2.95159211e-01 
 2.60520309e+02  2.12117558e+01 -3.01965393e-01 
 2.66527837e+02  2.12117506e+01 -3.08928516e-01 
 2.72673897e+02  2.12117451e+01 -3.16052199e-01 
 2.78961683e+02  2.12117393e+01 -3.23340142e-01 
 2.85394464e+02  2.12117333e+01 -3.30796134e-01 
 2.91975583e+02  2.12117270e+01 -3.38424050e-01 
 2.98708461e+02  2.12117204e+01 -3.46227851e-01 
 3.05596598e+02  2.12117135e+01 -3.54211595e-01 
 3.12643573e+02  2.12117063e+01 -3.62379429e-01 
 3.19853049e+02  2.12116987e+01 -3.70735598e-01 
 3.27228774e+02  2.12116908e+01 -3.79284443e-01 
 3.34774581e+02  2.12116825e+01 -3.88030407e-01 
 3.42494392e+02  2.12116739e+01 -3.96978034e-01 
 3.50392221e+02  2.12116648e+01 -4.06131974e-01 
 3.58472171e+02  2.12116553e+01 -4.15496981e-01 
 3.66738442e+02  2.12116453e+01 -4.25077924e-01 
 3.75195331e+02  2.12116349e+01 -4.34879778e-01 
 3.83847234e+02  2.12116241e+01 -4.44907637e-01 
 3.92698648e+02  2.12116127e+01 -4.55166712e-01 
 4.01754173e+02  2.12116007e+01 -4.65662331e-01 
 4.11018515e+02  2.12115882e+01 -4.76399947e-01 
 4.20496491e+02  2.12115752e+01 -4.87385140e-01 
 4.30193027e+02  2.12115615e+01 -4.98623616e-01 
 4.40113162e+02  2.12115472e+01 -5.10121213e-01 
 4.50262052e+02  2.12115322e+01 -5.21883904e-01 
 4.60644974e+02  2.12115165e+01 -5.33917800e-01 
 4.71267322e+02  2.12115001e+01 -5.46229150e-01 
 4.82134619e+02  2.12114829e+01 -5.58824352e-01 
 4.93252513e+02  2.12114650e+01 -5.71709946e-01 
 5.04626783e+02  2.12114461e+01 -5.84892626e-01 
 5.16263340e+02  2.12114264e+01 -5.98379238e-01 
 5.28168234e+02  2.12114058e+01 -6.12176788e-01 
 5.40347650e+02  2.12113843e+01 -6.26292440e-01 
 5.52807921e+02  2.12113617e+01 -6.40733527e-01 
 5.65555523e+02  2.12113380e+01 -6.55507547e-01 
 5.78597080e+02  2.12113133e+01 -6.70622172e-01 
 5.91939372e+02  2.12112874e+01 -6.86085251e-01 
 6.05589334e+02  2.12112603e+01 -7.01904814e-01 
 6.19554061e+02  2.12112320e+01 -7.18089074e-01 
 6.33840810e+02  2.12112023e+01 -7.34646435e-01 
 6.48457008e+02  2.12111712e+01 -7.51585492e-01 
 6.63410251e+02  2.12111387e+01 -7.68915039e-01 
 6.78708313e+02  2.12111046e+01 -7.86644073e-01 
 6.94359143e+02  2.12110690e+01 -8.04781796e-01 
 7.10370877e+02  2.12110317e+01 -8.23337623e-01 
 7.26751838e+02  2.12109927e+01 -8.42321185e-01 
 7.43510539e+02  2.12109519e+01 -8.61742335e-01 
 7.60655691e+02  2.12109091e+01 -8.81611150e-01 
 7.78196206e+02  2.12108644e+01 -9.01937942e-01 
 7.96141200e+02  2.12108175e+01 -9.22733258e-01 
 8.14500001e+02  2.12107685e+01 -9.44007886e-01 
 8.33282151e+02  2.12107172e+01 -9.65772864e-01 
 8.52497412e+02  2.12106635e+01 -9.88039483e-01 
 8.72155772e+02  2.12106073e+01 -1.01081929e+00 
 8.92267449e+02  2.12105485e+01 -1.03412411e+00 
 9.12842895e+02  2.12104869e+01 -1.05796601e+00 
 9.33892805e+02  2.12104225e+01 -1.08235737e+00 
 9.55428121e+02  2.12103551e+01 -1.10731083e+00 
 9.77460036e+02  2.12102845e+01 -1.13283933e+00 
 1.00000000e+03  2.12102106e+01 -1.15895609e+00 
 1.02305973e+03  2.12101333e+01 -1.18567467e+00 
 1.04665121e+03  2.12100524e+01 -1.21300889e+00 
 1.07078670e+03  2.12099677e+01 -1.24097294e+00 
 1.09547876e+03  2.12098790e+01 -1.26958129e+00 
 1.12074020e+03  2.12097862e+01 -1.29884876e+00 
 1.14658417e+03  2.12096891e+01 -1.32879051e+00 
 1.17302409e+03  2.12095875e+01 -1.35942206e+00 
 1.20007371e+03  2.12094811e+01 -1.39075925e+00 
 1.22774708e+03  2.12093698e+01 -1.42281830e+00 
 1.25605860e+03  2.12092532e+01 -1.45561582e+00 
 1.28502297e+03  2.12091313e+01 -1.48916878e+00 
 1.31465525e+03  2.12090036e+01 -1.52349452e+00 
 1.34497085e+03  2.12088700e+01 -1.55861081e+00 
 1.37598551e+03  2.12087302e+01 -1.59453580e+00 
 1.40771537e+03  2.12085839e+01 -1.63128807e+00 
 1.44017690e+03  2.12084307e+01 -1.66888662e+00 
 1.47338699e+03  2.12082704e+01 -1.70735087e+00 
 1.50736290e+03  2.12081026e+01 -1.74670069e+00 
 1.54212228e+03  2.12079270e+01 -1.78695641e+00 
 1.57768320e+03  2.12077432e+01 -1.82813880e+00 
 1.61406415e+03  2.12075509e+01 -1.87026913e+00 
 1.65128404e+03  2.12073496e+01 -1.91336913e+00 
 1.68936220e+03  2.12071389e+01 -1.95746103e+00 
 1.72831844e+03  2.12069184e+01 -2.00256756e+00 
 1.76817299e+03  2.12066876e+01 -2.04871198e+00 
 1.80894658e+03  2.12064460e+01 -2.09591805e+00 
 1.85066040e+03  2.12061932e+01 -2.14421009e+00 
 1.89333613e+03  2.12059287e+01 -2.19361295e+00 
 1.93699595e+03  2.12056518e+01 -2.24415206e+00 
 1.98166255e+03  2.12053620e+01 -2.29585340e+00 
 2.02735916e+03  2.12050586e+01 -2.34874355e+00 
 2.07410951e+03  2.12047412e+01 -2.40284969e+00 
 2.12193792e+03  2.12044090e+01 -2.45819960e+00 
 2.17086923e+03  2.12040613e+01 -2.51482167e+00 
 2.22092889e+03  2.12036974e+01 -2.57274496e+00 
 2.27214291e+03  2.12033166e+01 -2.63199915e+00 
 2.32453791e+03  2.12029181e+01 -2.69261460e+00 
 2.37814113e+03  2.12025010e+01 -2.75462232e+00 
 2.43298042e+03  2.12020644e+01 -2.81805405e+00 
 2.48908429e+03  2.12016076e+01 -2.88294220e+00 
 2.54648190e+03  2.12011295e+01 -2.94931991e+00 
 2.60520309e+03  2.12006292e+01 -3.01722105e+00 
 2.66527837e+03  2.12001055e+01 -3.08668025e+00 
 2.72673897e+03  2.11995575e+01 -3.15773289e+00 
 2.78961683e+03  2.11989840e+01 -3.23041513e+00 
 2.85394464e+03  2.11983839e+01 -3.30476393e+00 
 2.91975583e+03  2.11977558e+01 -3.38081704e+00 
 2.98708461e+03  2.11970985e+01 -3.45861305e+00 
 3.05596598e+03  2.11964106e+01 -3.53819139e+00 
 3.12643573e+03  2.11956908e+01 -3.61959234e+00 
 3.19853049e+03  2.11949375e+01 -3.70285705e+00 
 3.27228774e+03  2.11941492e+01 -3.78802756e+00 
 3.34774581e+03  2.11933243e+01 -3.87514681e+00 
 3.42494392e+03  2.11924611e+01 -3.96425867e+00 
 3.50392221e+03  2.11915578e+01 -4.05540793e+00 
 3.58472171e+03  2.11906125e+01 -4.14864035e+00 
 3.66738442e+03  2.11896233e+01 -4.24400265e+00 
 3.75195331e+03  2.11885883e+01 -4.34154253e+00 
 3.83847234e+03  2.11875052e+01 -4.44130870e+00 
 3.92698648e+03  2.11863718e+01 -4.54335089e+00 
 4.01754173e+03  2.11851859e+01 -4.64771985e+00 
 4.11018515e+03  2.11839450e+01 -4.75446739e+00 
 4.20496491e+03  2.11826466e+01 -4.86364639e+00 
 4.30193027e+03  2.11812880e+01 -4.97531080e+00 
 4.40113162e+03  2.11798664e+01 -5.08951568e+00 
 4.50262052e+03  2.11783790e+01 -5.20631719e+00 
 4.60644974e+03  2.11768228e+01 -5.32577262e+00 
 4.71267322e+03  2.11751945e+01 -5.44794041e+00 
 4.82134619e+03  2.11734909e+01 -5.57288015e+00 
 4.93252513e+03  2.11717086e+01 -5.70065258e+00 
 5.04626783e+03  2.11698438e+01 -5.83131966e+00 
 5.16263340e+03  2.11678929e+01 -5.96494451e+00 
 5.28168234e+03  2.11658518e+01 -6.10159148e+00 
 5.40347650e+03  2.11637166e+01 -6.24132611e+00 
 5.52807921e+03  2.11614828e+01 -6.38421518e+00 
 5.65555523e+03  2.11591460e+01 -6.53032672e+00 
 5.78597080e+03  2.11567014e+01 -6.67972998e+00 
 5.91939372e+03  2.11541443e+01 -6.83249546e+00 
 6.05589334e+03  2.11514694e+01 -6.98869492e+00 
 6.19554061e+03  2.11486715e+01 -7.14840139e+00 
 6.33840810e+03  2.11457449e+01 -7.31168915e+00 
 6.48457008e+03  2.11426837e+01 -7.47863373e+00 
 6.63410251e+03  2.11394821e+01 -7.64931195e+00 
 6.78708313e+03  2.11361335e+01 -7.82380186e+00 
 6.94359143e+03  2.11326313e+01 -8.00218277e+00 
 7.10370877e+03  2.11289687e+01 -8.18453524e+00 
 7.26751838e+03  2.11251384e+01 -8.37094107e+00 
 7.43510539e+03  2.11211329e+01 -8.56148326e+00 
 7.60655691e+03  2.11169444e+01 -8.75624605e+00 
 7.78196206e+03  2.11125647e+01 -8.95531485e+00 
 7.96141200e+03  2.11079852e+01 -9.15877623e+00 
 8.14500001e+03  2.11031970e+01 -9.36671792e+00 
 8.33282151e+03  2.10981910e+01 -9.57922875e+00 
 8.52497412e+03  2.10929573e+01 -9.79639864e+00 
 8.72155772e+03  2.10874861e+01 -1.00183185e+01 
 8.92267449e+03  2.10817667e+01 -1.02450804e+01 
 9.12842895e+03  2.10757883e+01 -1.04767772e+01 
 9.33892805e+03  2.10695394e+01 -1.07135027e+01 
 9.55428121e+03  2.10630084e+01 -1.09553516e+01 
 9.77460036e+03  2.10561828e+01 -1.12024194e+01 
 1.00000000e+04  2.10490499e+01 -1.14548022e+01 
 1.02305973e+04  2.10415963e+01 -1.17125969e+01 
 1.04665121e+04  2.10338082e+01 -1.19759007e+01 
 1.07078670e+04  2.10256712e+01 -1.22448117e+01 
 1.09547876e+04  2.10171703e+01 -1.25194280e+01 
 1.12074020e+04  2.10082900e+01 -1.27998481e+01 
 1.14658417e+04  2.09990142e+01 -1.30861707e+01 
 1.17302409e+04  2.09893261e+01 -1.33784945e+01 
 1.20007371e+04  2.09792083e+01 -1.36769182e+01 
 1.22774708e+04  2.09686428e+01 -1.39815402e+01 
 1.25605860e+04  2.09576110e+01 -1.42924584e+01 
 1.28502297e+04  2.09460933e+01 -1.46097705e+01 
 1.31465525e+04  2.09340699e+01 -1.49335732e+01 
 1.34497085e+04  2.09215198e+01 -1.52639625e+01 
 1.37598551e+04  2.09084217e+01 -1.56010333e+01 
 1.40771537e+04  2.08947532e+01 -1.59448793e+01 
 1.44017690e+04  2.08804913e+01 -1.62955927e+01 
 1.47338699e+04  2.08656123e+01 -1.66532638e+01 
 1.50736290e+04  2.08500917e+01 -1.70179814e+01 
 1.54212228e+04  2.08339041e+01 -1.73898319e+01 
 1.57768320e+04  2.08170234e+01 -1.77688992e+01 
 1.61406415e+04  2.07994226e+01 -1.81552648e+01 
 1.65128404e+04  2.07810741e+01 -1.85490069e+01 
 1.68936220e+04  2.07619493e+01 -1.89502006e+01 
 1.72831844e+04  2.07420189e+01 -1.93589177e+01 
 1.76817299e+04  2.07212526e+01 -1.97752256e+01 
 1.80894658e+04  2.06996194e+01 -2.01991881e+01 
 1.85066040e+04  2.06770877e+01 -2.06308641e+01 
 1.89333613e+04  2.06536248e+01 -2.10703077e+01 
 1.93699595e+04  2.06291972e+01 -2.15175680e+01 
 1.98166255e+04  2.06037710e+01 -2.19726883e+01 
 2.02735916e+04  2.05773111e+01 -2.24357061e+01 
 2.07410951e+04  2.05497820e+01 -2.29066527e+01 
 2.12193792e+04  2.05211472e+01 -2.33855526e+01 
 2.17086923e+04  2.04913697e+01 -2.38724233e+01 
 2.22092889e+04  2.04604119e+01 -2.43672750e+01 
 2.27214291e+04  2.04282355e+01 -2.48701100e+01 
 2.32453791e+04  2.03948015e+01 -2.53809226e+01 
 2.37814113e+04  2.03600705e+01 -2.58996985e+01 
 2.43298042e+04  2.03240027e+01 -2.64264145e+01 
 2.48908429e+04  2.02865578e+01 -2.69610383e+01 
 2.54648190e+04  2.02476950e+01 -2.75035282e+01 
 2.60520309e+04  2.02073733e+01 -2.80538322e+01 
 2.66527837e+04  2.01655516e+01 -2.86118887e+01 
 2.72673897e+04  2.01221885e+01 -2.91776252e+01 
 2.78961683e+04  2.00772424e+01 -2.97509588e+01 
 2.85394464e+04  2.00306718e+01 -3.03317956e+01 
 2.91975583e+04  1.99824353e+01 -3.09200306e+01 
 2.98708461e+04  1.99324917e+01 -3.15155475e+01 
 3.05596598e+04  1.98807999e+01 -3.21182185e+01 
 3.12643573e+04  1.98273193e+01 -3.27279044e+01 
 3.19853049e+04  1.97720096e+01 -3.33444544e+01 
 3.27228774e+04  1.97148312e+01 -3.39677062e+01 
 3.34774581e+04  1.96557450e+01 -3.45974858e+01 
 3.42494392e+04  1.95947127e+01 -3.52336079e+01 
 3.50392221e+04  1.95316969e+01 -3.58758757e+01 
 3.58472171e+04  1.94666612e+01 -3.65240815e+01 
 3.66738442e+04  1.93995701e+01 -3.71780064e+01 
 3.75195331e+04  1.93303893e+01 -3.78374211e+01 
 3.83847234e+04  1.92590859e+01 -3.85020859e+01 
 3.92698648e+04  1.91856281e+01 -3.91717512e+01 
 4.01754173e+04  1.91099859e+01 -3.98461579e+01 
 4.11018515e+04  1.90321304e+01 -4.05250381e+01 
 4.20496491e+04  1.89520348e+01 -4.12081153e+01 
 4.30193027e+04  1.88696736e+01 -4.18951053e+01 
 4.40113162e+04  1.87850233e+01 -4.25857165e+01 
 4.50262052e+04  1.86980623e+01 -4.32796509e+01 
 4.60644974e+04  1.86087705e+01 -4.39766048e+01 
 4.71267322e+04  1.85171303e+01 -4.46762691e+01 
 4.82134619e+04  1.84231257e+01 -4.53783308e+01 
 4.93252513e+04  1.83267429e+01 -4.60824729e+01 
 5.04626783e+04  1.82279701e+01 -4.67883762e+01 
 5.16263340e+04  1.81267974e+01 -4.74957193e+01 
 5.28168234e+04  1.80232173e+01 -4.82041798e+01 
 5.40347650e+04  1.79172241e+01 -4.89134354e+01 
 5.52807921e+04  1.78088143e+01 -4.96231640e+01 
 5.65555523e+04  1.76979862e+01 -5.03330452e+01 
 5.78597080e+04  1.75847403e+01 -5.10427611e+01 
 5.91939372e+04  1.74690789e+01 -5.17519964e+01 
 6.05589334e+04  1.73510061e+01 -5.24604401e+01 
 6.19554061e+04  1.72305282e+01 -5.31677854e+01 
 6.33840810e+04  1.71076526e+01 -5.38737311e+01 
 6.48457008e+04  1.69823890e+01 -5.45779817e+01 
 6.63410251e+04  1.68547483e+01 -5.52802482e+01 
 6.78708313e+04  1.67247428e+01 -5.59802489e+01 
 6.94359143e+04  1.65923864e+01 -5.66777097e+01 
 7.10370877e+04  1.64576941e+01 -5.73723644e+01 
 7.26751838e+04  1.63206821e+01 -5.80639554e+01 
 7.43510539e+04  1.61813677e+01 -5.87522338e+01 
 7.60655691e+04  1.60397689e+01 -5.94369599e+01 
 7.78196206e+04  1.58959047e+01 -6.01179032e+01 
 7.96141200e+04  1.57497945e+01 -6.07948427e+01 
 8.14500001e+04  1.56014585e+01 -6.14675671e+01 
 8.33282151e+04  1.54509170e+01 -6.21358742e+01 
 8.52497412e+04  1.52981909e+01 -6.27995720e+01 
 8.72155772e+04  1.51433009e+01 -6.34584773e+01 
 8.92267449e+04  1.49862679e+01 -6.41124167e+01 
 9.12842895e+04  1.48271127e+01 -6.47612255e+01 
 9.33892805e+04  1.46658558e+01 -6.54047479e+01 
 9.55428121e+04  1.45025174e+01 -6.60428368e+01 
 9.77460036e+04  1.43371172e+01 -6.66753528e+01 
 1.00000000e+05  1.41696742e+01 -6.73021646e+01 
 1.02305973e+05  1.40002069e+01 -6.79231476e+01 
 1.04665121e+05  1.38287330e+01 -6.85381844e+01 
 1.07078670e+05  1.36552691e+01 -6.91471631e+01 
 1.09547876e+05  1.34798310e+01 -6.97499780e+01 
 1.12074020e+05  1.33024334e+01 -7.03465275e+01 
 1.14658417e+05  1.31230898e+01 -7.09367146e+01 
 1.17302409e+05  1.29418125e+01 -7.15204457e+01 
 1.20007371e+05  1.27586123e+01 -7.20976296e+01 
 1.22774708e+05  1.25734990e+01 -7.26681771e+01 
 1.25605860e+05  1.23864807e+01 -7.32320002e+01 
 1.28502297e+05  1.21975639e+01 -7.37890107e+01 
 1.31465525e+05  1.20067538e+01 -7.43391201e+01 
 1.34497085e+05  1.18140540e+01 -7.48822381e+01 
 1.37598551e+05  1.16194663e+01 -7.54182718e+01 
 1.40771537e+05  1.14229909e+01 -7.59471249e+01 
 1.44017690e+05  1.12246265e+01 -7.64686966e+01 
 1.47338699e+05  1.10243698e+01 -7.69828804e+01 
 1.50736290e+05  1.08222162e+01 -7.74895633e+01 
 1.54212228e+05  1.06181589e+01 -7.79886249e+01 
 1.57768320e+05  1.04121897e+01 -7.84799358e+01 
 1.61406415e+05  1.02042987e+01 -7.89633569e+01 
 1.65128404e+05  9.99447417e+00 -7.94387381e+01 
 1.68936220e+05  9.78270283e+00 -7.99059171e+01 
 1.72831844e+05  9.56896971e+00 -8.03647184e+01 
 1.76817299e+05  9.35325826e+00 -8.08149517e+01 
 1.80894658e+05  9.13555036e+00 -8.12564111e+01 
 1.85066040e+05  8.91582641e+00 -8.16888734e+01 
 1.89333613e+05  8.69406540e+00 -8.21120972e+01 
 1.93699595e+05  8.47024490e+00 -8.25258211e+01 
 1.98166255e+05  8.24434125e+00 -8.29297625e+01 
 2.02735916e+05  8.01632957e+00 -8.33236160e+01 
 2.07410951e+05  7.78618396e+00 -8.37070537e+01 
 2.12193792e+05  7.55387749e+00 -8.40797205e+01 
 2.17086923e+05  7.31938239e+00 -8.44412345e+01 
 2.22092889e+05  7.08267021e+00 -8.47911854e+01 
 2.27214291e+05  6.84371194e+00 -8.51291326e+01 
 2.32453791e+05  6.60247819e+00 -8.54546035e+01 
 2.37814113e+05  6.35893940e+00 -8.57670915e+01 
 2.43298042e+05  6.11306600e+00 -8.60660547e+01 
 2.48908429e+05  5.86482866e+00 -8.63509136e+01 
 2.54648190e+05  5.61419856e+00 -8.66210497e+01 
 2.60520309e+05  5.36114763e+00 -8.68758026e+01 
 2.66527837e+05  5.10564885e+00 -8.71144689e+01 
 2.72673897e+05  4.84767659e+00 -8.73362993e+01 
 2.78961683e+05  4.58720699e+00 -8.75404967e+01 
 2.85394464e+05  4.32421832e+00 -8.77262136e+01 
 2.91975583e+05  4.05869147e+00 -8.78925503e+01 
 2.98708461e+05  3.79061040e+00 -8.80385516e+01 
 3.05596598e+05  3.51996272e+00 -8.81632047e+01 
 3.12643573e+05  3.24674030e+00 -8.82654367e+01 
 3.19853049e+05  2.97093987e+00 -8.83441108e+01 
 3.27228774e+05  2.69256396e+00 -8.83980264e+01 
 3.34774581e+05  2.41162149e+00 -8.84259125e+01 
 3.42494392e+05  2.12812889e+00 -8.84264273e+01 
 3.50392221e+05  1.84211109e+00 -8.83981548e+01 
 3.58472171e+05  1.55360273e+00 -8.83396031e+01 
 3.66738442e+05  1.26264940e+00 -8.82492006e+01 
 3.75195331e+05  9.69309177e-01 -8.81252950e+01 
 3.83847234e+05  6.73654257e-01 -8.79661510e+01 
 3.92698648e+05  3.75772746e-01 -8.77699495e+01 
 4.01754173e+05  7.57707236e-02 -8.75347867e+01 
 4.11018515e+05 -2.26225512e-01 -8.72586754e+01 
 4.20496491e+05 -5.30066942e-01 -8.69395465e+01 
 4.30193027e+05 -8.35579113e-01 -8.65752518e+01 
 4.40113162e+05 -1.14255913e+00 -8.61635697e+01 
 4.50262052e+05 -1.45077238e+00 -8.57022140e+01 
 4.60644974e+05 -1.75994907e+00 -8.51888428e+01 
 4.71267322e+05 -2.06978050e+00 -8.46210737e+01 
 4.82134619e+05 -2.37991515e+00 -8.39965020e+01 
 4.93252513e+05 -2.68995465e+00 -8.33127247e+01 
 5.04626783e+05 -2.99944978e+00 -8.25673687e+01 
 5.16263340e+05 -3.30789645e+00 -8.17581266e+01 
 5.28168234e+05 -3.61473207e+00 -8.08828002e+01 
 5.40347650e+05 -3.91933236e+00 -7.99393500e+01 
 5.52807921e+05 -4.22100882e+00 -7.89259565e+01 
 5.65555523e+05 -4.51900747e+00 -7.78410847e+01 
 5.78597080e+05 -4.81250879e+00 -7.66835622e+01 
 5.91939372e+05 -5.10062968e+00 -7.54526609e+01 
 6.05589334e+05 -5.38242760e+00 -7.41481866e+01 
 6.19554061e+05 -5.65690740e+00 -7.27705712e+01 
 6.33840810e+05 -5.92303132e+00 -7.13209636e+01 
 6.48457008e+05 -6.17973221e+00 -6.98013168e+01 
 6.63410251e+05 -6.42593040e+00 -6.82144649e+01 
 6.78708313e+05 -6.66055373e+00 -6.65641841e+01 
 6.94359143e+05 -6.88256093e+00 -6.48552266e+01 
 7.10370877e+05 -7.09096704e+00 -6.30933310e+01 
 7.26751838e+05 -7.28487039e+00 -6.12851923e+01 
 7.43510539e+05 -7.46347945e+00 -5.94383975e+01 
 7.60655691e+05 -7.62613841e+00 -5.75613177e+01 
 7.78196206e+05 -7.77234946e+00 -5.56629638e+01 
 7.96141200e+05 -7.90179060e+00 -5.37528098e+01 
 8.14500001e+05 -8.01432743e+00 -5.18405881e+01 
 8.33282151e+05 -8.11001816e+00 -4.99360731e+01 
 8.52497412e+05 -8.18911130e+00 -4.80488621e+01 
 8.72155772e+05 -8.25203641e+00 -4.61881641e+01 
 8.92267449e+05 -8.29938839e+00 -4.43626123e+01 
 9.12842895e+05 -8.33190670e+00 -4.25801057e+01 
 9.33892805e+05 -8.35045087e+00 -4.08476881e+01 
 9.55428121e+05 -8.35597382e+00 -3.91714663e+01 
 9.77460036e+05 -8.34949482e+00 -3.75565674e+01 
 1.00000000e+06 -8.33207321e+00 -3.60071356e+01 
 1.02305973e+06 -8.30478417e+00 -3.45263562e+01 
 1.04665121e+06 -8.26869733e+00 -3.31165094e+01 
 1.07078670e+06 -8.22485862e+00 -3.17790412e+01 
 1.09547876e+06 -8.17427564e+00 -3.05146481e+01 
 1.12074020e+06 -8.11790647e+00 -2.93233670e+01 
 1.14658417e+06 -8.05665168e+00 -2.82046688e+01 
 1.17302409e+06 -7.99134924e+00 -2.71575486e+01 
 1.20007371e+06 -7.92277179e+00 -2.61806125e+01 
 1.22774708e+06 -7.85162601e+00 -2.52721554e+01 
 1.25605860e+06 -7.77855351e+00 -2.44302346e+01 
 1.28502297e+06 -7.70413301e+00 -2.36527291e+01 
 1.31465525e+06 -7.62888336e+00 -2.29373965e+01 
 1.34497085e+06 -7.55326710e+00 -2.22819172e+01 
 1.37598551e+06 -7.47769442e+00 -2.16839346e+01 
 1.40771537e+06 -7.40252727e+00 -2.11410848e+01 
 1.44017690e+06 -7.32808350e+00 -2.06510244e+01 
 1.47338699e+06 -7.25464088e+00 -2.02114484e+01 
 1.50736290e+06 -7.18244102e+00 -1.98201079e+01 
 1.54212228e+06 -7.11169299e+00 -1.94748207e+01 
 1.57768320e+06 -7.04257684e+00 -1.91734803e+01 
 1.61406415e+06 -6.97524668e+00 -1.89140627e+01 
 1.65128404e+06 -6.90983368e+00 -1.86946284e+01 
 1.68936220e+06 -6.84644868e+00 -1.85133264e+01 
 1.72831844e+06 -6.78518464e+00 -1.83683930e+01 
 1.76817299e+06 -6.72611883e+00 -1.82581525e+01 
 1.80894658e+06 -6.66931473e+00 -1.81810160e+01 
 1.85066040e+06 -6.61482390e+00 -1.81354780e+01 
 1.89333613e+06 -6.56268748e+00 -1.81201149e+01 
 1.93699595e+06 -6.51293764e+00 -1.81335822e+01 
 1.98166255e+06 -6.46559882e+00 -1.81746108e+01 
 2.02735916e+06 -6.42068887e+00 -1.82420039e+01 
 2.07410951e+06 -6.37822004e+00 -1.83346342e+01 
 2.12193792e+06 -6.33819987e+00 -1.84514393e+01 
 2.17086923e+06 -6.30063197e+00 -1.85914195e+01 
 2.22092889e+06 -6.26551674e+00 -1.87536336e+01 
 2.27214291e+06 -6.23285197e+00 -1.89371954e+01 
 2.32453791e+06 -6.20263340e+00 -1.91412715e+01 
 2.37814113e+06 -6.17485518e+00 -1.93650774e+01 
 2.43298042e+06 -6.14951032e+00 -1.96078743e+01 
 2.48908429e+06 -6.12659106e+00 -1.98689661e+01 
 2.54648190e+06 -6.10608920e+00 -2.01476973e+01 
 2.60520309e+06 -6.08799636e+00 -2.04434497e+01 
 2.66527837e+06 -6.07230429e+00 -2.07556393e+01 
 2.72673897e+06 -6.05900501e+00 -2.10837147e+01 
 2.78961683e+06 -6.04809105e+00 -2.14271534e+01 
 2.85394464e+06 -6.03955558e+00 -2.17854611e+01 
 2.91975583e+06 -6.03339255e+00 -2.21581683e+01 
 2.98708461e+06 -6.02959679e+00 -2.25448278e+01 
 3.05596598e+06 -6.02816410e+00 -2.29450138e+01 
 3.12643573e+06 -6.02909134e+00 -2.33583191e+01 
 3.19853049e+06 -6.03237641e+00 -2.37843534e+01 
 3.27228774e+06 -6.03801836e+00 -2.42227417e+01 
 3.34774581e+06 -6.04601735e+00 -2.46731221e+01 
 3.42494392e+06 -6.05637469e+00 -2.51351445e+01 
 3.50392221e+06 -6.06909279e+00 -2.56084693e+01 
 3.58472171e+06 -6.08417515e+00 -2.60927651e+01 
 3.66738442e+06 -6.10162633e+00 -2.65877083e+01 
 3.75195331e+06 -6.12145191e+00 -2.70929806e+01 
 3.83847234e+06 -6.14365837e+00 -2.76082692e+01 
 3.92698648e+06 -6.16825311e+00 -2.81332642e+01 
 4.01754173e+06 -6.19524430e+00 -2.86676586e+01 
 4.11018515e+06 -6.22464086e+00 -2.92111466e+01 
 4.20496491e+06 -6.25645229e+00 -2.97634229e+01 
 4.30193027e+06 -6.29068863e+00 -3.03241821e+01 
 4.40113162e+06 -6.32736034e+00 -3.08931174e+01 
 4.50262052e+06 -6.36647818e+00 -3.14699204e+01 
 4.60644974e+06 -6.40805309e+00 -3.20542803e+01 
 4.71267322e+06 -6.45209610e+00 -3.26458834e+01 
 4.82134619e+06 -6.49861818e+00 -3.32444123e+01 
 4.93252513e+06 -6.54763012e+00 -3.38495464e+01 
 5.04626783e+06 -6.59914242e+00 -3.44609606e+01 
 5.16263340e+06 -6.65316515e+00 -3.50783258e+01 
 5.28168234e+06 -6.70970782e+00 -3.57013086e+01 
 5.40347650e+06 -6.76877929e+00 -3.63295711e+01 
 5.52807921e+06 -6.83038760e+00 -3.69627713e+01 
 5.65555523e+06 -6.89453988e+00 -3.76005625e+01 
 5.78597080e+06 -6.96124223e+00 -3.82425946e+01 
 5.91939372e+06 -7.03049961e+00 -3.88885130e+01 
 6.05589334e+06 -7.10231572e+00 -3.95379602e+01 
 6.19554061e+06 -7.17669294e+00 -4.01905753e+01 
 6.33840810e+06 -7.25363218e+00 -4.08459949e+01 
 6.48457008e+06 -7.33313285e+00 -4.15038534e+01 
 6.63410251e+06 -7.41519273e+00 -4.21637835e+01 
 6.78708313e+06 -7.49980797e+00 -4.28254171e+01 
 6.94359143e+06 -7.58697294e+00 -4.34883855e+01 
 7.10370877e+06 -7.67668028e+00 -4.41523204e+01 
 7.26751838e+06 -7.76892077e+00 -4.48168546e+01 
 7.43510539e+06 -7.86368337e+00 -4.54816222e+01 
 7.60655691e+06 -7.96095514e+00 -4.61462603e+01 
 7.78196206e+06 -8.06072129e+00 -4.68104085e+01 
 7.96141200e+06 -8.16296512e+00 -4.74737107e+01 
 8.14500001e+06 -8.26766808e+00 -4.81358154e+01 
 8.33282151e+06 -8.37480977e+00 -4.87963763e+01 
 8.52497412e+06 -8.48436794e+00 -4.94550532e+01 
 8.72155772e+06 -8.59631859e+00 -5.01115126e+01 
 8.92267449e+06 -8.71063596e+00 -5.07654287e+01 
 9.12842895e+06 -8.82729262e+00 -5.14164833e+01 
 9.33892805e+06 -8.94625951e+00 -5.20643671e+01 
 9.55428121e+06 -9.06750603e+00 -5.27087800e+01 
 9.77460036e+06 -9.19100009e+00 -5.33494316e+01 
 1.00000000e+07 -9.31670822e+00 -5.39860416e+01 
 1.02305973e+07 -9.44459562e+00 -5.46183406e+01 
 1.04665121e+07 -9.57462630e+00 -5.52460700e+01 
 1.07078670e+07 -9.70676311e+00 -5.58689827e+01 
 1.09547876e+07 -9.84096791e+00 -5.64868429e+01 
 1.12074020e+07 -9.97720159e+00 -5.70994271e+01 
 1.14658417e+07 -1.01154242e+01 -5.77065238e+01 
 1.17302409e+07 -1.02555952e+01 -5.83079334e+01 
 1.20007371e+07 -1.03976731e+01 -5.89034689e+01 
 1.22774708e+07 -1.05416162e+01 -5.94929554e+01 
 1.25605860e+07 -1.06873822e+01 -6.00762305e+01 
 1.28502297e+07 -1.08349284e+01 -6.06531441e+01 
 1.31465525e+07 -1.09842122e+01 -6.12235580e+01 
 1.34497085e+07 -1.11351903e+01 -6.17873463e+01 
 1.37598551e+07 -1.12878197e+01 -6.23443951e+01 
 1.40771537e+07 -1.14420574e+01 -6.28946018e+01 
 1.44017690e+07 -1.15978603e+01 -6.34378757e+01 
 1.47338699e+07 -1.17551857e+01 -6.39741372e+01 
 1.50736290e+07 -1.19139910e+01 -6.45033174e+01 
 1.54212228e+07 -1.20742339e+01 -6.50253583e+01 
 1.57768320e+07 -1.22358725e+01 -6.55402123e+01 
 1.61406415e+07 -1.23988655e+01 -6.60478415e+01 
 1.65128404e+07 -1.25631718e+01 -6.65482178e+01 
 1.68936220e+07 -1.27287511e+01 -6.70413224e+01 
 1.72831844e+07 -1.28955635e+01 -6.75271455e+01 
 1.76817299e+07 -1.30635698e+01 -6.80056855e+01 
 1.80894658e+07 -1.32327315e+01 -6.84769493e+01 
 1.85066040e+07 -1.34030108e+01 -6.89409515e+01 
 1.89333613e+07 -1.35743705e+01 -6.93977140e+01 
 1.93699595e+07 -1.37467744e+01 -6.98472657e+01 
 1.98166255e+07 -1.39201868e+01 -7.02896422e+01 
 2.02735916e+07 -1.40945729e+01 -7.07248855e+01 
 2.07410951e+07 -1.42698988e+01 -7.11530432e+01 
 2.12193792e+07 -1.44461314e+01 -7.15741688e+01 
 2.17086923e+07 -1.46232384e+01 -7.19883205e+01 
 2.22092889e+07 -1.48011881e+01 -7.23955619e+01 
 2.27214291e+07 -1.49799501e+01 -7.27959608e+01 
 2.32453791e+07 -1.51594945e+01 -7.31895891e+01 
 2.37814113e+07 -1.53397923e+01 -7.35765229e+01 
 2.43298042e+07 -1.55208155e+01 -7.39568415e+01 
 2.48908429e+07 -1.57025367e+01 -7.43306278e+01 
 2.54648190e+07 -1.58849294e+01 -7.46979676e+01 
 2.60520309e+07 -1.60679680e+01 -7.50589494e+01 
 2.66527837e+07 -1.62516276e+01 -7.54136642e+01 
 2.72673897e+07 -1.64358842e+01 -7.57622053e+01 
 2.78961683e+07 -1.66207145e+01 -7.61046680e+01 
 2.85394464e+07 -1.68060959e+01 -7.64411492e+01 
 2.91975583e+07 -1.69920067e+01 -7.67717479e+01 
 2.98708461e+07 -1.71784259e+01 -7.70965638e+01 
 3.05596598e+07 -1.73653331e+01 -7.74156984e+01 
 3.12643573e+07 -1.75527089e+01 -7.77292539e+01 
 3.19853049e+07 -1.77405341e+01 -7.80373336e+01 
 3.27228774e+07 -1.79287907e+01 -7.83400413e+01 
 3.34774581e+07 -1.81174610e+01 -7.86374815e+01 
 3.42494392e+07 -1.83065281e+01 -7.89297591e+01 
 3.50392221e+07 -1.84959756e+01 -7.92169793e+01 
 3.58472171e+07 -1.86857879e+01 -7.94992476e+01 
 3.66738442e+07 -1.88759498e+01 -7.97766694e+01 
 3.75195331e+07 -1.90664467e+01 -8.00493504e+01 
 3.83847234e+07 -1.92572646e+01 -8.03173959e+01 
 3.92698648e+07 -1.94483900e+01 -8.05809113e+01 
 4.01754173e+07 -1.96398100e+01 -8.08400014e+01 
 4.11018515e+07 -1.98315120e+01 -8.10947710e+01 
 4.20496491e+07 -2.00234841e+01 -8.13453243e+01 
 4.30193027e+07 -2.02157147e+01 -8.15917653e+01 
 4.40113162e+07 -2.04081928e+01 -8.18341973e+01 
 4.50262052e+07 -2.06009077e+01 -8.20727230e+01 
 4.60644974e+07 -2.07938492e+01 -8.23074447e+01 
 4.71267322e+07 -2.09870075e+01 -8.25384641e+01 
 4.82134619e+07 -2.11803732e+01 -8.27658822e+01 
 4.93252513e+07 -2.13739371e+01 -8.29897992e+01 
 5.04626783e+07 -2.15676906e+01 -8.32103147e+01 
 5.16263340e+07 -2.17616253e+01 -8.34275277e+01 
 5.28168234e+07 -2.19557333e+01 -8.36415364e+01 
 5.40347650e+07 -2.21500067e+01 -8.38524382e+01 
 5.52807921e+07 -2.23444383e+01 -8.40603299e+01 
 5.65555523e+07 -2.25390209e+01 -8.42653073e+01 
 5.78597080e+07 -2.27337476e+01 -8.44674657e+01 
 5.91939372e+07 -2.29286121e+01 -8.46668996e+01 
 6.05589334e+07 -2.31236079e+01 -8.48637028e+01 
 6.19554061e+07 -2.33187291e+01 -8.50579681e+01 
 6.33840810e+07 -2.35139698e+01 -8.52497879e+01 
 6.48457008e+07 -2.37093245e+01 -8.54392536e+01 
 6.63410251e+07 -2.39047878e+01 -8.56264562e+01 
 6.78708313e+07 -2.41003546e+01 -8.58114858e+01 
 6.94359143e+07 -2.42960200e+01 -8.59944318e+01 
 7.10370877e+07 -2.44917792e+01 -8.61753830e+01 
 7.26751838e+07 -2.46876276e+01 -8.63544276e+01 
 7.43510539e+07 -2.48835609e+01 -8.65316531e+01 
 7.60655691e+07 -2.50795748e+01 -8.67071465e+01 
 7.78196206e+07 -2.52756653e+01 -8.68809940e+01 
 7.96141200e+07 -2.54718284e+01 -8.70532816e+01 
 8.14500001e+07 -2.56680604e+01 -8.72240943e+01 
 8.33282151e+07 -2.58643576e+01 -8.73935171e+01 
 8.52497412e+07 -2.60607166e+01 -8.75616342e+01 
 8.72155772e+07 -2.62571339e+01 -8.77285293e+01 
 8.92267449e+07 -2.64536063e+01 -8.78942860e+01 
 9.12842895e+07 -2.66501306e+01 -8.80589871e+01 
 9.33892805e+07 -2.68467037e+01 -8.82227153e+01 
 9.55428121e+07 -2.70433227e+01 -8.83855529e+01 
 9.77460036e+07 -2.72399848e+01 -8.85475818e+01 
 1.00000000e+08 -2.74366871e+01 -8.87088837e+01 
 1.02305973e+08 -2.76334269e+01 -8.88695401e+01 
 1.04665121e+08 -2.78302016e+01 -8.90296322e+01 
 1.07078670e+08 -2.80270087e+01 -8.91892410e+01 
 1.09547876e+08 -2.82238456e+01 -8.93484474e+01 
 1.12074020e+08 -2.84207100e+01 -8.95073321e+01 
 1.14658417e+08 -2.86175994e+01 -8.96659758e+01 
 1.17302409e+08 -2.88145116e+01 -8.98244592e+01 
 1.20007371e+08 -2.90114442e+01 -8.99828628e+01 
 1.22774708e+08 -2.92083949e+01 -9.01412672e+01 
 1.25605860e+08 -2.94053617e+01 -9.02997531e+01 
 1.28502297e+08 -2.96023424e+01 -9.04584012e+01 
 1.31465525e+08 -2.97993347e+01 -9.06172923e+01 
 1.34497085e+08 -2.99963365e+01 -9.07765074e+01 
 1.37598551e+08 -3.01933459e+01 -9.09361277e+01 
 1.40771537e+08 -3.03903606e+01 -9.10962346e+01 
 1.44017690e+08 -3.05873787e+01 -9.12569097e+01 
 1.47338699e+08 -3.07843980e+01 -9.14182350e+01 
 1.50736290e+08 -3.09814165e+01 -9.15802927e+01 
 1.54212228e+08 -3.11784321e+01 -9.17431654e+01 
 1.57768320e+08 -3.13754428e+01 -9.19069361e+01 
 1.61406415e+08 -3.15724464e+01 -9.20716882e+01 
 1.65128404e+08 -3.17694409e+01 -9.22375057e+01 
 1.68936220e+08 -3.19664242e+01 -9.24044730e+01 
 1.72831844e+08 -3.21633941e+01 -9.25726750e+01 
 1.76817299e+08 -3.23603485e+01 -9.27421971e+01 
 1.80894658e+08 -3.25572852e+01 -9.29131256e+01 
 1.85066040e+08 -3.27542019e+01 -9.30855472e+01 
 1.89333613e+08 -3.29510965e+01 -9.32595494e+01 
 1.93699595e+08 -3.31479665e+01 -9.34352202e+01 
 1.98166255e+08 -3.33448096e+01 -9.36126486e+01 
 2.02735916e+08 -3.35416234e+01 -9.37919243e+01 
 2.07410951e+08 -3.37384055e+01 -9.39731378e+01 
 2.12193792e+08 -3.39351533e+01 -9.41563805e+01 
 2.17086923e+08 -3.41318642e+01 -9.43417446e+01 
 2.22092889e+08 -3.43285355e+01 -9.45293233e+01 
 2.27214291e+08 -3.45251645e+01 -9.47192107e+01 
 2.32453791e+08 -3.47217483e+01 -9.49115021e+01 
 2.37814113e+08 -3.49182841e+01 -9.51062934e+01 
 2.43298042e+08 -3.51147687e+01 -9.53036821e+01 
 2.48908429e+08 -3.53111992e+01 -9.55037663e+01 
 2.54648190e+08 -3.55075722e+01 -9.57066454e+01 
 2.60520309e+08 -3.57038844e+01 -9.59124202e+01 
 2.66527837e+08 -3.59001324e+01 -9.61211923e+01 
 2.72673897e+08 -3.60963126e+01 -9.63330648e+01 
 2.78961683e+08 -3.62924213e+01 -9.65481418e+01 
 2.85394464e+08 -3.64884546e+01 -9.67665288e+01 
 2.91975583e+08 -3.66844086e+01 -9.69883327e+01 
 2.98708461e+08 -3.68802790e+01 -9.72136616e+01 
 3.05596598e+08 -3.70760617e+01 -9.74426249e+01 
 3.12643573e+08 -3.72717520e+01 -9.76753335e+01 
 3.19853049e+08 -3.74673454e+01 -9.79118997e+01 
 3.27228774e+08 -3.76628371e+01 -9.81524369e+01 
 3.34774581e+08 -3.78582220e+01 -9.83970605e+01 
 3.42494392e+08 -3.80534949e+01 -9.86458868e+01 
 3.50392221e+08 -3.82486503e+01 -9.88990338e+01 
 3.58472171e+08 -3.84436827e+01 -9.91566211e+01 
 3.66738442e+08 -3.86385861e+01 -9.94187697e+01 
 3.75195331e+08 -3.88333544e+01 -9.96856019e+01 
 3.83847234e+08 -3.90279814e+01 -9.99572417e+01 
 3.92698648e+08 -3.92224602e+01 -1.00233815e+02 
 4.01754173e+08 -3.94167841e+01 -1.00515447e+02 
 4.11018515e+08 -3.96109460e+01 -1.00802269e+02 
 4.20496491e+08 -3.98049382e+01 -1.01094409e+02 
 4.30193027e+08 -3.99987532e+01 -1.01391998e+02 
 4.40113162e+08 -4.01923829e+01 -1.01695171e+02 
 4.50262052e+08 -4.03858188e+01 -1.02004060e+02 
 4.60644974e+08 -4.05790522e+01 -1.02318803e+02 
 4.71267322e+08 -4.07720741e+01 -1.02639535e+02 
 4.82134619e+08 -4.09648751e+01 -1.02966396e+02 
 4.93252513e+08 -4.11574453e+01 -1.03299525e+02 
 5.04626783e+08 -4.13497746e+01 -1.03639063e+02 
 5.16263340e+08 -4.15418525e+01 -1.03985153e+02 
 5.28168234e+08 -4.17336679e+01 -1.04337938e+02 
 5.40347650e+08 -4.19252094e+01 -1.04697563e+02 
 5.52807921e+08 -4.21164652e+01 -1.05064172e+02 
 5.65555523e+08 -4.23074231e+01 -1.05437914e+02 
 5.78597080e+08 -4.24980702e+01 -1.05818934e+02 
 5.91939372e+08 -4.26883934e+01 -1.06207381e+02 
 6.05589334e+08 -4.28783790e+01 -1.06603404e+02 
 6.19554061e+08 -4.30680128e+01 -1.07007152e+02 
 6.33840810e+08 -4.32572801e+01 -1.07418775e+02 
 6.48457008e+08 -4.34461657e+01 -1.07838423e+02 
 6.63410251e+08 -4.36346538e+01 -1.08266245e+02 
 6.78708313e+08 -4.38227282e+01 -1.08702393e+02 
 6.94359143e+08 -4.40103720e+01 -1.09147014e+02 
 7.10370877e+08 -4.41975678e+01 -1.09600261e+02 
 7.26751838e+08 -4.43842978e+01 -1.10062280e+02 
 7.43510539e+08 -4.45705433e+01 -1.10533221e+02 
 7.60655691e+08 -4.47562853e+01 -1.11013230e+02 
 7.78196206e+08 -4.49415040e+01 -1.11502455e+02 
 7.96141200e+08 -4.51261792e+01 -1.12001038e+02 
 8.14500001e+08 -4.53102900e+01 -1.12509124e+02 
 8.33282151e+08 -4.54938151e+01 -1.13026853e+02 
 8.52497412e+08 -4.56767322e+01 -1.13554364e+02 
 8.72155772e+08 -4.58590188e+01 -1.14091794e+02 
 8.92267449e+08 -4.60406518e+01 -1.14639276e+02 
 9.12842895e+08 -4.62216073e+01 -1.15196940e+02 
 9.33892805e+08 -4.64018610e+01 -1.15764914e+02 
 9.55428121e+08 -4.65813880e+01 -1.16343321e+02 
 9.77460036e+08 -4.67601629e+01 -1.16932279e+02 
 1.00000000e+09 -4.69381599e+01 -1.17531904e+02 
