 frequency       v(Zin_dm)       v(Zin_dm)       v(Zin_cm)       v(Zin_cm)      
 1.00000000e-01  1.86300764e+08 -3.62155288e+04  5.23749588e+07 -6.81193968e+03 
 1.02305973e-01  1.86300764e+08 -3.70506490e+04  5.23749588e+07 -6.96902116e+03 
 1.04665121e-01  1.86300764e+08 -3.79050269e+04  5.23749587e+07 -7.12972490e+03 
 1.07078670e-01  1.86300763e+08 -3.87791065e+04  5.23749587e+07 -7.29413442e+03 
 1.09547876e-01  1.86300763e+08 -3.96733421e+04  5.23749586e+07 -7.46233518e+03 
 1.12074020e-01  1.86300763e+08 -4.05881986e+04  5.23749586e+07 -7.63441461e+03 
 1.14658417e-01  1.86300762e+08 -4.15241514e+04  5.23749585e+07 -7.81046214e+03 
 1.17302409e-01  1.86300762e+08 -4.24816870e+04  5.23749585e+07 -7.99056928e+03 
 1.20007371e-01  1.86300761e+08 -4.34613031e+04  5.23749584e+07 -8.17482964e+03 
 1.22774708e-01  1.86300761e+08 -4.44635089e+04  5.23749584e+07 -8.36333899e+03 
 1.25605860e-01  1.86300760e+08 -4.54888253e+04  5.23749583e+07 -8.55619532e+03 
 1.28502297e-01  1.86300760e+08 -4.65377852e+04  5.23749582e+07 -8.75349886e+03 
 1.31465525e-01  1.86300759e+08 -4.76109338e+04  5.23749582e+07 -8.95535217e+03 
 1.34497085e-01  1.86300759e+08 -4.87088289e+04  5.23749581e+07 -9.16186016e+03 
 1.37598551e-01  1.86300758e+08 -4.98320412e+04  5.23749580e+07 -9.37313017e+03 
 1.40771537e-01  1.86300758e+08 -5.09811545e+04  5.23749580e+07 -9.58927200e+03 
 1.44017690e-01  1.86300757e+08 -5.21567659e+04  5.23749579e+07 -9.81039801e+03 
 1.47338699e-01  1.86300756e+08 -5.33594867e+04  5.23749578e+07 -1.00366231e+04 
 1.50736290e-01  1.86300756e+08 -5.45899418e+04  5.23749577e+07 -1.02680649e+04 
 1.54212228e-01  1.86300755e+08 -5.58487709e+04  5.23749576e+07 -1.05048437e+04 
 1.57768320e-01  1.86300754e+08 -5.71366282e+04  5.23749575e+07 -1.07470825e+04 
 1.61406415e-01  1.86300753e+08 -5.84541832e+04  5.23749574e+07 -1.09949073e+04 
 1.65128404e-01  1.86300752e+08 -5.98021206e+04  5.23749573e+07 -1.12484469e+04 
 1.68936220e-01  1.86300751e+08 -6.11811410e+04  5.23749572e+07 -1.15078330e+04 
 1.72831844e-01  1.86300750e+08 -6.25919613e+04  5.23749571e+07 -1.17732005e+04 
 1.76817299e-01  1.86300749e+08 -6.40353147e+04  5.23749569e+07 -1.20446873e+04 
 1.80894658e-01  1.86300748e+08 -6.55119514e+04  5.23749568e+07 -1.23224345e+04 
 1.85066040e-01  1.86300747e+08 -6.70226389e+04  5.23749567e+07 -1.26065865e+04 
 1.89333613e-01  1.86300746e+08 -6.85681624e+04  5.23749565e+07 -1.28972909e+04 
 1.93699595e-01  1.86300745e+08 -7.01493253e+04  5.23749564e+07 -1.31946990e+04 
 1.98166255e-01  1.86300744e+08 -7.17669493e+04  5.23749562e+07 -1.34989651e+04 
 2.02735916e-01  1.86300743e+08 -7.34218752e+04  5.23749561e+07 -1.38102476e+04 
 2.07410951e-01  1.86300741e+08 -7.51149633e+04  5.23749559e+07 -1.41287081e+04 
 2.12193792e-01  1.86300740e+08 -7.68470935e+04  5.23749557e+07 -1.44545122e+04 
 2.17086923e-01  1.86300738e+08 -7.86191661e+04  5.23749555e+07 -1.47878293e+04 
 2.22092889e-01  1.86300737e+08 -8.04321021e+04  5.23749553e+07 -1.51288326e+04 
 2.27214291e-01  1.86300735e+08 -8.22868440e+04  5.23749551e+07 -1.54776993e+04 
 2.32453791e-01  1.86300733e+08 -8.41843556e+04  5.23749549e+07 -1.58346109e+04 
 2.37814113e-01  1.86300732e+08 -8.61256233e+04  5.23749547e+07 -1.61997526e+04 
 2.43298042e-01  1.86300730e+08 -8.81116560e+04  5.23749545e+07 -1.65733145e+04 
 2.48908429e-01  1.86300728e+08 -9.01434860e+04  5.23749542e+07 -1.69554906e+04 
 2.54648190e-01  1.86300726e+08 -9.22221694e+04  5.23749540e+07 -1.73464795e+04 
 2.60520309e-01  1.86300724e+08 -9.43487867e+04  5.23749537e+07 -1.77464845e+04 
 2.66527837e-01  1.86300721e+08 -9.65244430e+04  5.23749534e+07 -1.81557136e+04 
 2.72673897e-01  1.86300719e+08 -9.87502694e+04  5.23749531e+07 -1.85743793e+04 
 2.78961683e-01  1.86300717e+08 -1.01027423e+05  5.23749528e+07 -1.90026994e+04 
 2.85394464e-01  1.86300714e+08 -1.03357086e+05  5.23749525e+07 -1.94408964e+04 
 2.91975583e-01  1.86300711e+08 -1.05740471e+05  5.23749522e+07 -1.98891981e+04 
 2.98708461e-01  1.86300709e+08 -1.08178816e+05  5.23749518e+07 -2.03478375e+04 
 3.05596598e-01  1.86300706e+08 -1.10673389e+05  5.23749514e+07 -2.08170530e+04 
 3.12643573e-01  1.86300703e+08 -1.13225485e+05  5.23749511e+07 -2.12970884e+04 
 3.19853049e-01  1.86300699e+08 -1.15836433e+05  5.23749506e+07 -2.17881934e+04 
 3.27228774e-01  1.86300696e+08 -1.18507587e+05  5.23749502e+07 -2.22906230e+04 
 3.34774581e-01  1.86300693e+08 -1.21240338e+05  5.23749498e+07 -2.28046386e+04 
 3.42494392e-01  1.86300689e+08 -1.24036105e+05  5.23749493e+07 -2.33305072e+04 
 3.50392221e-01  1.86300685e+08 -1.26896341e+05  5.23749488e+07 -2.38685021e+04 
 3.58472171e-01  1.86300681e+08 -1.29822534e+05  5.23749483e+07 -2.44189031e+04 
 3.66738442e-01  1.86300677e+08 -1.32816203e+05  5.23749478e+07 -2.49819962e+04 
 3.75195331e-01  1.86300672e+08 -1.35878906e+05  5.23749472e+07 -2.55580740e+04 
 3.83847234e-01  1.86300668e+08 -1.39012233e+05  5.23749467e+07 -2.61474360e+04 
 3.92698648e-01  1.86300663e+08 -1.42217814e+05  5.23749460e+07 -2.67503885e+04 
 4.01754173e-01  1.86300658e+08 -1.45497315e+05  5.23749454e+07 -2.73672449e+04 
 4.11018515e-01  1.86300653e+08 -1.48852439e+05  5.23749447e+07 -2.79983258e+04 
 4.20496491e-01  1.86300647e+08 -1.52284932e+05  5.23749440e+07 -2.86439592e+04 
 4.30193027e-01  1.86300641e+08 -1.55796576e+05  5.23749433e+07 -2.93044808e+04 
 4.40113162e-01  1.86300635e+08 -1.59389198e+05  5.23749426e+07 -2.99802338e+04 
 4.50262052e-01  1.86300629e+08 -1.63064664e+05  5.23749418e+07 -3.06715694e+04 
 4.60644974e-01  1.86300622e+08 -1.66824885e+05  5.23749409e+07 -3.13788470e+04 
 4.71267322e-01  1.86300615e+08 -1.70671816e+05  5.23749400e+07 -3.21024342e+04 
 4.82134619e-01  1.86300608e+08 -1.74607455e+05  5.23749391e+07 -3.28427071e+04 
 4.93252513e-01  1.86300600e+08 -1.78633848e+05  5.23749382e+07 -3.36000504e+04 
 5.04626783e-01  1.86300592e+08 -1.82753089e+05  5.23749372e+07 -3.43748578e+04 
 5.16263340e-01  1.86300584e+08 -1.86967317e+05  5.23749361e+07 -3.51675321e+04 
 5.28168234e-01  1.86300575e+08 -1.91278724e+05  5.23749350e+07 -3.59784851e+04 
 5.40347650e-01  1.86300566e+08 -1.95689550e+05  5.23749338e+07 -3.68081384e+04 
 5.52807921e-01  1.86300556e+08 -2.00202088e+05  5.23749326e+07 -3.76569233e+04 
 5.65555523e-01  1.86300546e+08 -2.04818683e+05  5.23749314e+07 -3.85252808e+04 
 5.78597080e-01  1.86300536e+08 -2.09541735e+05  5.23749301e+07 -3.94136624e+04 
 5.91939372e-01  1.86300525e+08 -2.14373698e+05  5.23749287e+07 -4.03225298e+04 
 6.05589334e-01  1.86300513e+08 -2.19317084e+05  5.23749272e+07 -4.12523553e+04 
 6.19554061e-01  1.86300501e+08 -2.24374462e+05  5.23749257e+07 -4.22036222e+04 
 6.33840810e-01  1.86300489e+08 -2.29548461e+05  5.23749241e+07 -4.31768250e+04 
 6.48457008e-01  1.86300475e+08 -2.34841770e+05  5.23749225e+07 -4.41724695e+04 
 6.63410251e-01  1.86300462e+08 -2.40257140e+05  5.23749207e+07 -4.51910733e+04 
 6.78708313e-01  1.86300447e+08 -2.45797385e+05  5.23749189e+07 -4.62331656e+04 
 6.94359143e-01  1.86300432e+08 -2.51465386e+05  5.23749170e+07 -4.72992882e+04 
 7.10370877e-01  1.86300416e+08 -2.57264088e+05  5.23749150e+07 -4.83899951e+04 
 7.26751838e-01  1.86300400e+08 -2.63196505e+05  5.23749129e+07 -4.95058534e+04 
 7.43510539e-01  1.86300382e+08 -2.69265721e+05  5.23749107e+07 -5.06474429e+04 
 7.60655691e-01  1.86300364e+08 -2.75474888e+05  5.23749085e+07 -5.18153570e+04 
 7.78196206e-01  1.86300345e+08 -2.81827236e+05  5.23749061e+07 -5.30102027e+04 
 7.96141200e-01  1.86300325e+08 -2.88326065e+05  5.23749036e+07 -5.42326010e+04 
 8.14500001e-01  1.86300304e+08 -2.94974754e+05  5.23749009e+07 -5.54831874e+04 
 8.33282151e-01  1.86300283e+08 -3.01776756e+05  5.23748982e+07 -5.67626117e+04 
 8.52497412e-01  1.86300260e+08 -3.08735609e+05  5.23748953e+07 -5.80715390e+04 
 8.72155772e-01  1.86300236e+08 -3.15854928e+05  5.23748923e+07 -5.94106496e+04 
 8.92267449e-01  1.86300211e+08 -3.23138414e+05  5.23748892e+07 -6.07806395e+04 
 9.12842895e-01  1.86300185e+08 -3.30589852e+05  5.23748859e+07 -6.21822207e+04 
 9.33892805e-01  1.86300157e+08 -3.38213115e+05  5.23748824e+07 -6.36161218e+04 
 9.55428121e-01  1.86300129e+08 -3.46012165e+05  5.23748788e+07 -6.50830879e+04 
 9.77460036e-01  1.86300099e+08 -3.53991055e+05  5.23748751e+07 -6.65838815e+04 
 1.00000000e+00  1.86300067e+08 -3.62153933e+05  5.23748711e+07 -6.81192827e+04 
 1.02305973e+00  1.86300035e+08 -3.70505039e+05  5.23748670e+07 -6.96900894e+04 
 1.04665121e+00  1.86300000e+08 -3.79048715e+05  5.23748627e+07 -7.12971182e+04 
 1.07078670e+00  1.86299964e+08 -3.87789401e+05  5.23748581e+07 -7.29412042e+04 
 1.09547876e+00  1.86299927e+08 -3.96731640e+05  5.23748534e+07 -7.46232019e+04 
 1.12074020e+00  1.86299887e+08 -4.05880078e+05  5.23748484e+07 -7.63439855e+04 
 1.14658417e+00  1.86299846e+08 -4.15239471e+05  5.23748432e+07 -7.81044495e+04 
 1.17302409e+00  1.86299803e+08 -4.24814683e+05  5.23748378e+07 -7.99055087e+04 
 1.20007371e+00  1.86299758e+08 -4.34610689e+05  5.23748321e+07 -8.17480992e+04 
 1.22774708e+00  1.86299710e+08 -4.44632582e+05  5.23748262e+07 -8.36331788e+04 
 1.25605860e+00  1.86299661e+08 -4.54885568e+05  5.23748199e+07 -8.55617271e+04 
 1.28502297e+00  1.86299609e+08 -4.65374977e+05  5.23748134e+07 -8.75347466e+04 
 1.31465525e+00  1.86299555e+08 -4.76106259e+05  5.23748066e+07 -8.95532625e+04 
 1.34497085e+00  1.86299498e+08 -4.87084993e+05  5.23747994e+07 -9.16183240e+04 
 1.37598551e+00  1.86299439e+08 -4.98316882e+05  5.23747920e+07 -9.37310045e+04 
 1.40771537e+00  1.86299376e+08 -5.09807765e+05  5.23747841e+07 -9.58924018e+04 
 1.44017690e+00  1.86299311e+08 -5.21563612e+05  5.23747760e+07 -9.81036393e+04 
 1.47338699e+00  1.86299243e+08 -5.33590533e+05  5.23747674e+07 -1.00365866e+05 
 1.50736290e+00  1.86299172e+08 -5.45894777e+05  5.23747584e+07 -1.02680258e+05 
 1.54212228e+00  1.86299097e+08 -5.58482740e+05  5.23747490e+07 -1.05048019e+05 
 1.57768320e+00  1.86299019e+08 -5.71360961e+05  5.23747392e+07 -1.07470377e+05 
 1.61406415e+00  1.86298937e+08 -5.84536134e+05  5.23747289e+07 -1.09948594e+05 
 1.65128404e+00  1.86298852e+08 -5.98015105e+05  5.23747181e+07 -1.12483955e+05 
 1.68936220e+00  1.86298762e+08 -6.11804877e+05  5.23747069e+07 -1.15077780e+05 
 1.72831844e+00  1.86298668e+08 -6.25912618e+05  5.23746951e+07 -1.17731416e+05 
 1.76817299e+00  1.86298570e+08 -6.40345656e+05  5.23746827e+07 -1.20446243e+05 
 1.80894658e+00  1.86298468e+08 -6.55111493e+05  5.23746698e+07 -1.23223670e+05 
 1.85066040e+00  1.86298360e+08 -6.70217800e+05  5.23746563e+07 -1.26065142e+05 
 1.89333613e+00  1.86298248e+08 -6.85672428e+05  5.23746421e+07 -1.28972135e+05 
 1.93699595e+00  1.86298130e+08 -7.01483405e+05  5.23746273e+07 -1.31946161e+05 
 1.98166255e+00  1.86298007e+08 -7.17658948e+05  5.23746118e+07 -1.34988763e+05 
 2.02735916e+00  1.86297878e+08 -7.34207461e+05  5.23745956e+07 -1.38101525e+05 
 2.07410951e+00  1.86297743e+08 -7.51137543e+05  5.23745786e+07 -1.41286063e+05 
 2.12193792e+00  1.86297602e+08 -7.68457989e+05  5.23745608e+07 -1.44544032e+05 
 2.17086923e+00  1.86297454e+08 -7.86177798e+05  5.23745422e+07 -1.47877126e+05 
 2.22092889e+00  1.86297299e+08 -8.04306178e+05  5.23745227e+07 -1.51287076e+05 
 2.27214291e+00  1.86297137e+08 -8.22852545e+05  5.23745023e+07 -1.54775655e+05 
 2.32453791e+00  1.86296967e+08 -8.41826537e+05  5.23744810e+07 -1.58344676e+05 
 2.37814113e+00  1.86296790e+08 -8.61238009e+05  5.23744587e+07 -1.61995992e+05 
 2.43298042e+00  1.86296604e+08 -8.81097046e+05  5.23744353e+07 -1.65731502e+05 
 2.48908429e+00  1.86296410e+08 -9.01413965e+05  5.23744108e+07 -1.69553146e+05 
 2.54648190e+00  1.86296206e+08 -9.22199320e+05  5.23743852e+07 -1.73462911e+05 
 2.60520309e+00  1.86295993e+08 -9.43463909e+05  5.23743584e+07 -1.77462828e+05 
 2.66527837e+00  1.86295770e+08 -9.65218777e+05  5.23743304e+07 -1.81554976e+05 
 2.72673897e+00  1.86295537e+08 -9.87475224e+05  5.23743010e+07 -1.85741481e+05 
 2.78961683e+00  1.86295293e+08 -1.01024481e+06  5.23742703e+07 -1.90024517e+05 
 2.85394464e+00  1.86295037e+08 -1.03353937e+06  5.23742381e+07 -1.94406312e+05 
 2.91975583e+00  1.86294770e+08 -1.05737099e+06  5.23742044e+07 -1.98889141e+05 
 2.98708461e+00  1.86294490e+08 -1.08175205e+06  5.23741692e+07 -2.03475334e+05 
 3.05596598e+00  1.86294197e+08 -1.10669522e+06  5.23741323e+07 -2.08167274e+05 
 3.12643573e+00  1.86293890e+08 -1.13221345e+06  5.23740937e+07 -2.12967398e+05 
 3.19853049e+00  1.86293569e+08 -1.15831999e+06  5.23740533e+07 -2.17878201e+05 
 3.27228774e+00  1.86293233e+08 -1.18502840e+06  5.23740110e+07 -2.22902233e+05 
 3.34774581e+00  1.86292881e+08 -1.21235254e+06  5.23739668e+07 -2.28042106e+05 
 3.42494392e+00  1.86292513e+08 -1.24030661e+06  5.23739205e+07 -2.33300489e+05 
 3.50392221e+00  1.86292128e+08 -1.26890512e+06  5.23738720e+07 -2.38680114e+05 
 3.58472171e+00  1.86291725e+08 -1.29816292e+06  5.23738212e+07 -2.44183776e+05 
 3.66738442e+00  1.86291303e+08 -1.32809520e+06  5.23737681e+07 -2.49814335e+05 
 3.75195331e+00  1.86290861e+08 -1.35871750e+06  5.23737125e+07 -2.55574715e+05 
 3.83847234e+00  1.86290399e+08 -1.39004571e+06  5.23736544e+07 -2.61467908e+05 
 3.92698648e+00  1.86289915e+08 -1.42209609e+06  5.23735935e+07 -2.67496976e+05 
 4.01754173e+00  1.86289408e+08 -1.45488529e+06  5.23735297e+07 -2.73665051e+05 
 4.11018515e+00  1.86288878e+08 -1.48843031e+06  5.23734630e+07 -2.79975337e+05 
 4.20496491e+00  1.86288324e+08 -1.52274858e+06  5.23733932e+07 -2.86431111e+05 
 4.30193027e+00  1.86287743e+08 -1.55785789e+06  5.23733201e+07 -2.93035726e+05 
 4.40113162e+00  1.86287135e+08 -1.59377647e+06  5.23732436e+07 -2.99792613e+05 
 4.50262052e+00  1.86286499e+08 -1.63052296e+06  5.23731636e+07 -3.06705281e+05 
 4.60644974e+00  1.86285833e+08 -1.66811642e+06  5.23730798e+07 -3.13777320e+05 
 4.71267322e+00  1.86285136e+08 -1.70657635e+06  5.23729921e+07 -3.21012402e+05 
 4.82134619e+00  1.86284407e+08 -1.74592270e+06  5.23729003e+07 -3.28414286e+05 
 4.93252513e+00  1.86283644e+08 -1.78617589e+06  5.23728043e+07 -3.35986814e+05 
 5.04626783e+00  1.86282845e+08 -1.82735678e+06  5.23727037e+07 -3.43733920e+05 
 5.16263340e+00  1.86282009e+08 -1.86948675e+06  5.23725985e+07 -3.51659624e+05 
 5.28168234e+00  1.86281133e+08 -1.91258762e+06  5.23724883e+07 -3.59768044e+05 
 5.40347650e+00  1.86280217e+08 -1.95668175e+06  5.23723730e+07 -3.68063387e+05 
 5.52807921e+00  1.86279259e+08 -2.00179200e+06  5.23722524e+07 -3.76549962e+05 
 5.65555523e+00  1.86278255e+08 -2.04794175e+06  5.23721261e+07 -3.85232173e+05 
 5.78597080e+00  1.86277205e+08 -2.09515492e+06  5.23719939e+07 -3.94114528e+05 
 5.91939372e+00  1.86276106e+08 -2.14345597e+06  5.23718555e+07 -4.03201638e+05 
 6.05589334e+00  1.86274955e+08 -2.19286994e+06  5.23717107e+07 -4.12498218e+05 
 6.19554061e+00  1.86273751e+08 -2.24342243e+06  5.23715592e+07 -4.22009094e+05 
 6.33840810e+00  1.86272491e+08 -2.29513961e+06  5.23714005e+07 -4.31739202e+05 
 6.48457008e+00  1.86271171e+08 -2.34804828e+06  5.23712345e+07 -4.41693592e+05 
 6.63410251e+00  1.86269791e+08 -2.40217584e+06  5.23710607e+07 -4.51877427e+05 
 6.78708313e+00  1.86268346e+08 -2.45755030e+06  5.23708789e+07 -4.62295993e+05 
 6.94359143e+00  1.86266833e+08 -2.51420033e+06  5.23706885e+07 -4.72954694e+05 
 7.10370877e+00  1.86265250e+08 -2.57215525e+06  5.23704892e+07 -4.83859061e+05 
 7.26751838e+00  1.86263594e+08 -2.63144505e+06  5.23702807e+07 -4.95014749e+05 
 7.43510539e+00  1.86261860e+08 -2.69210039e+06  5.23700625e+07 -5.06427545e+05 
 7.60655691e+00  1.86260045e+08 -2.75415266e+06  5.23698340e+07 -5.18103367e+05 
 7.78196206e+00  1.86258145e+08 -2.81763394e+06  5.23695949e+07 -5.30048271e+05 
 7.96141200e+00  1.86256157e+08 -2.88257705e+06  5.23693447e+07 -5.42268450e+05 
 8.14500001e+00  1.86254076e+08 -2.94901555e+06  5.23690828e+07 -5.54770239e+05 
 8.33282151e+00  1.86251898e+08 -3.01698377e+06  5.23688086e+07 -5.67560120e+05 
 8.52497412e+00  1.86249619e+08 -3.08651683e+06  5.23685217e+07 -5.80644722e+05 
 8.72155772e+00  1.86247233e+08 -3.15765062e+06  5.23682214e+07 -5.94030826e+05 
 8.92267449e+00  1.86244737e+08 -3.23042188e+06  5.23679071e+07 -6.07725369e+05 
 9.12842895e+00  1.86242123e+08 -3.30486816e+06  5.23675781e+07 -6.21735446e+05 
 9.33892805e+00  1.86239388e+08 -3.38102788e+06  5.23672338e+07 -6.36068315e+05 
 9.55428121e+00  1.86236526e+08 -3.45894030e+06  5.23668734e+07 -6.50731400e+05 
 9.77460036e+00  1.86233530e+08 -3.53864559e+06  5.23664963e+07 -6.65732296e+05 
 1.00000000e+01  1.86230394e+08 -3.62018484e+06  5.23661015e+07 -6.81078768e+05 
 1.02305973e+01  1.86227112e+08 -3.70360006e+06  5.23656883e+07 -6.96778763e+05 
 1.04665121e+01  1.86223677e+08 -3.78893418e+06  5.23652559e+07 -7.12840406e+05 
 1.07078670e+01  1.86220082e+08 -3.87623114e+06  5.23648033e+07 -7.29272010e+05 
 1.09547876e+01  1.86216319e+08 -3.96553586e+06  5.23643296e+07 -7.46082076e+05 
 1.12074020e+01  1.86212382e+08 -4.05689425e+06  5.23638338e+07 -7.63279300e+05 
 1.14658417e+01  1.86208260e+08 -4.15035326e+06  5.23633149e+07 -7.80872576e+05 
 1.17302409e+01  1.86203947e+08 -4.24596092e+06  5.23627717e+07 -7.98871001e+05 
 1.20007371e+01  1.86199432e+08 -4.34376631e+06  5.23622033e+07 -8.17283878e+05 
 1.22774708e+01  1.86194707e+08 -4.44381962e+06  5.23616083e+07 -8.36120723e+05 
 1.25605860e+01  1.86189762e+08 -4.54617215e+06  5.23609856e+07 -8.55391268e+05 
 1.28502297e+01  1.86184587e+08 -4.65087636e+06  5.23603339e+07 -8.75105467e+05 
 1.31465525e+01  1.86179170e+08 -4.75798587e+06  5.23596518e+07 -8.95273500e+05 
 1.34497085e+01  1.86173501e+08 -4.86755552e+06  5.23589379e+07 -9.15905777e+05 
 1.37598551e+01  1.86167568e+08 -4.97964132e+06  5.23581907e+07 -9.37012944e+05 
 1.40771537e+01  1.86161358e+08 -5.09430058e+06  5.23574087e+07 -9.58605891e+05 
 1.44017690e+01  1.86154860e+08 -5.21159182e+06  5.23565902e+07 -9.80695753e+05 
 1.47338699e+01  1.86148058e+08 -5.33157491e+06  5.23557335e+07 -1.00329392e+06 
 1.50736290e+01  1.86140940e+08 -5.45431100e+06  5.23548369e+07 -1.02641203e+06 
 1.54212228e+01  1.86133490e+08 -5.57986260e+06  5.23538986e+07 -1.05006199e+06 
 1.57768320e+01  1.86125694e+08 -5.70829360e+06  5.23529165e+07 -1.07425598e+06 
 1.61406415e+01  1.86117534e+08 -5.83966928e+06  5.23518886e+07 -1.09900646e+06 
 1.65128404e+01  1.86108995e+08 -5.97405634e+06  5.23508128e+07 -1.12432614e+06 
 1.68936220e+01  1.86100058e+08 -6.11152296e+06  5.23496868e+07 -1.15022806e+06 
 1.72831844e+01  1.86090705e+08 -6.25213878e+06  5.23485084e+07 -1.17672552e+06 
 1.76817299e+01  1.86080917e+08 -6.39597495e+06  5.23472751e+07 -1.20383213e+06 
 1.80894658e+01  1.86070673e+08 -6.54310416e+06  5.23459843e+07 -1.23156180e+06 
 1.85066040e+01  1.86059952e+08 -6.69360068e+06  5.23446333e+07 -1.25992877e+06 
 1.89333613e+01  1.86048733e+08 -6.84754035e+06  5.23432194e+07 -1.28894757e+06 
 1.93699595e+01  1.86036992e+08 -7.00500066e+06  5.23417396e+07 -1.31863307e+06 
 1.98166255e+01  1.86024704e+08 -7.16606072e+06  5.23401909e+07 -1.34900048e+06 
 2.02735916e+01  1.86011846e+08 -7.33080134e+06  5.23385700e+07 -1.38006532e+06 
 2.07410951e+01  1.85998389e+08 -7.49930504e+06  5.23368736e+07 -1.41184350e+06 
 2.12193792e+01  1.85984306e+08 -7.67165606e+06  5.23350982e+07 -1.44435123e+06 
 2.17086923e+01  1.85969569e+08 -7.84794043e+06  5.23332401e+07 -1.47760511e+06 
 2.22092889e+01  1.85954147e+08 -8.02824595e+06  5.23312955e+07 -1.51162212e+06 
 2.27214291e+01  1.85938008e+08 -8.21266225e+06  5.23292603e+07 -1.54641957e+06 
 2.32453791e+01  1.85921119e+08 -8.40128082e+06  5.23271303e+07 -1.58201519e+06 
 2.37814113e+01  1.85903445e+08 -8.59419501e+06  5.23249011e+07 -1.61842708e+06 
 2.43298042e+01  1.85884951e+08 -8.79150007e+06  5.23225681e+07 -1.65567375e+06 
 2.48908429e+01  1.85865598e+08 -8.99329321e+06  5.23201266e+07 -1.69377410e+06 
 2.54648190e+01  1.85845346e+08 -9.19967357e+06  5.23175713e+07 -1.73274744e+06 
 2.60520309e+01  1.85824154e+08 -9.41074227e+06  5.23148972e+07 -1.77261352e+06 
 2.66527837e+01  1.85801979e+08 -9.62660246e+06  5.23120985e+07 -1.81339250e+06 
 2.72673897e+01  1.85778775e+08 -9.84735929e+06  5.23091697e+07 -1.85510497e+06 
 2.78961683e+01  1.85754494e+08 -1.00731200e+07  5.23061045e+07 -1.89777198e+06 
 2.85394464e+01  1.85729088e+08 -1.03039938e+07  5.23028968e+07 -1.94141502e+06 
 2.91975583e+01  1.85702504e+08 -1.05400922e+07  5.22995398e+07 -1.98605604e+06 
 2.98708461e+01  1.85674688e+08 -1.07815286e+07  5.22960267e+07 -2.03171747e+06 
 3.05596598e+01  1.85645583e+08 -1.10284186e+07  5.22923501e+07 -2.07842220e+06 
 3.12643573e+01  1.85615130e+08 -1.12808801e+07  5.22885027e+07 -2.12619361e+06 
 3.19853049e+01  1.85583268e+08 -1.15390329e+07  5.22844763e+07 -2.17505556e+06 
 3.27228774e+01  1.85549930e+08 -1.18029991e+07  5.22802628e+07 -2.22503242e+06 
 3.34774581e+01  1.85515050e+08 -1.20729031e+07  5.22758534e+07 -2.27614908e+06 
 3.42494392e+01  1.85478557e+08 -1.23488712e+07  5.22712391e+07 -2.32843092e+06 
 3.50392221e+01  1.85440377e+08 -1.26310321e+07  5.22664105e+07 -2.38190385e+06 
 3.58472171e+01  1.85400432e+08 -1.29195166e+07  5.22613575e+07 -2.43659433e+06 
 3.66738442e+01  1.85358643e+08 -1.32144578e+07  5.22560699e+07 -2.49252932e+06 
 3.75195331e+01  1.85314924e+08 -1.35159908e+07  5.22505367e+07 -2.54973636e+06 
 3.83847234e+01  1.85269188e+08 -1.38242529e+07  5.22447466e+07 -2.60824353e+06 
 3.92698648e+01  1.85221342e+08 -1.41393838e+07  5.22386878e+07 -2.66807947e+06 
 4.01754173e+01  1.85171291e+08 -1.44615251e+07  5.22323479e+07 -2.72927339e+06 
 4.11018515e+01  1.85118933e+08 -1.47908204e+07  5.22257138e+07 -2.79185505e+06 
 4.20496491e+01  1.85064165e+08 -1.51274156e+07  5.22187721e+07 -2.85585483e+06 
 4.30193027e+01  1.85006876e+08 -1.54714587e+07  5.22115085e+07 -2.92130366e+06 
 4.40113162e+01  1.84946953e+08 -1.58230993e+07  5.22039082e+07 -2.98823308e+06 
 4.50262052e+01  1.84884276e+08 -1.61824894e+07  5.21959557e+07 -3.05667522e+06 
 4.60644974e+01  1.84818721e+08 -1.65497827e+07  5.21876348e+07 -3.12666280e+06 
 4.71267322e+01  1.84750157e+08 -1.69251347e+07  5.21789286e+07 -3.19822917e+06 
 4.82134619e+01  1.84678449e+08 -1.73087026e+07  5.21698193e+07 -3.27140825e+06 
 4.93252513e+01  1.84603455e+08 -1.77006454e+07  5.21602885e+07 -3.34623461e+06 
 5.04626783e+01  1.84525028e+08 -1.81011237e+07  5.21503168e+07 -3.42274341e+06 
 5.16263340e+01  1.84443013e+08 -1.85102995e+07  5.21398840e+07 -3.50097043e+06 
 5.28168234e+01  1.84357251e+08 -1.89283361e+07  5.21289689e+07 -3.58095206e+06 
 5.40347650e+01  1.84267573e+08 -1.93553981e+07  5.21175496e+07 -3.66272531e+06 
 5.52807921e+01  1.84173805e+08 -1.97916513e+07  5.21056028e+07 -3.74632781e+06 
 5.65555523e+01  1.84075764e+08 -2.02372623e+07  5.20931046e+07 -3.83179779e+06 
 5.78597080e+01  1.83973262e+08 -2.06923985e+07  5.20800298e+07 -3.91917409e+06 
 5.91939372e+01  1.83866100e+08 -2.11572279e+07  5.20663520e+07 -4.00849615e+06 
 6.05589334e+01  1.83754072e+08 -2.16319190e+07  5.20520439e+07 -4.09980403e+06 
 6.19554061e+01  1.83636964e+08 -2.21166403e+07  5.20370766e+07 -4.19313834e+06 
 6.33840810e+01  1.83514553e+08 -2.26115604e+07  5.20214204e+07 -4.28854031e+06 
 6.48457008e+01  1.83386606e+08 -2.31168476e+07  5.20050438e+07 -4.38605170e+06 
 6.63410251e+01  1.83252881e+08 -2.36326694e+07  5.19879143e+07 -4.48571487e+06 
 6.78708313e+01  1.83113126e+08 -2.41591926e+07  5.19699978e+07 -4.58757268e+06 
 6.94359143e+01  1.82967080e+08 -2.46965829e+07  5.19512587e+07 -4.69166855e+06 
 7.10370877e+01  1.82814469e+08 -2.52450041e+07  5.19316598e+07 -4.79804639e+06 
 7.26751838e+01  1.82655012e+08 -2.58046185e+07  5.19111624e+07 -4.90675059e+06 
 7.43510539e+01  1.82488414e+08 -2.63755857e+07  5.18897262e+07 -5.01782600e+06 
 7.60655691e+01  1.82314368e+08 -2.69580627e+07  5.18673089e+07 -5.13131793e+06 
 7.78196206e+01  1.82132559e+08 -2.75522035e+07  5.18438665e+07 -5.24727205e+06 
 7.96141200e+01  1.81942656e+08 -2.81581580e+07  5.18193532e+07 -5.36573445e+06 
 8.14500001e+01  1.81744317e+08 -2.87760722e+07  5.17937211e+07 -5.48675150e+06 
 8.33282151e+01  1.81537188e+08 -2.94060873e+07  5.17669204e+07 -5.61036991e+06 
 8.52497412e+01  1.81320902e+08 -3.00483389e+07  5.17388992e+07 -5.73663661e+06 
 8.72155772e+01  1.81095077e+08 -3.07029567e+07  5.17096031e+07 -5.86559875e+06 
 8.92267449e+01  1.80859319e+08 -3.13700640e+07  5.16789759e+07 -5.99730359e+06 
 9.12842895e+01  1.80613218e+08 -3.20497762e+07  5.16469587e+07 -6.13179854e+06 
 9.33892805e+01  1.80356354e+08 -3.27422011e+07  5.16134904e+07 -6.26913098e+06 
 9.55428121e+01  1.80088287e+08 -3.34474371e+07  5.15785071e+07 -6.40934828e+06 
 9.77460036e+01  1.79808568e+08 -3.41655731e+07  5.15419426e+07 -6.55249768e+06 
 1.00000000e+02  1.79516728e+08 -3.48966873e+07  5.15037277e+07 -6.69862623e+06 
 1.02305973e+02  1.79212287e+08 -3.56408462e+07  5.14637908e+07 -6.84778072e+06 
 1.04665121e+02  1.78894747e+08 -3.63981037e+07  5.14220570e+07 -7.00000753e+06 
 1.07078670e+02  1.78563596e+08 -3.71685003e+07  5.13784488e+07 -7.15535258e+06 
 1.09547876e+02  1.78218308e+08 -3.79520615e+07  5.13328853e+07 -7.31386122e+06 
 1.12074020e+02  1.77858339e+08 -3.87487972e+07  5.12852827e+07 -7.47557809e+06 
 1.14658417e+02  1.77483131e+08 -3.95587001e+07  5.12355538e+07 -7.64054703e+06 
 1.17302409e+02  1.77092112e+08 -4.03817449e+07  5.11836083e+07 -7.80881090e+06 
 1.20007371e+02  1.76684692e+08 -4.12178864e+07  5.11293521e+07 -7.98041149e+06 
 1.22774708e+02  1.76260268e+08 -4.20670590e+07  5.10726878e+07 -8.15538934e+06 
 1.25605860e+02  1.75818224e+08 -4.29291745e+07  5.10135145e+07 -8.33378359e+06 
 1.28502297e+02  1.75357926e+08 -4.38041212e+07  5.09517273e+07 -8.51563179e+06 
 1.31465525e+02  1.74878729e+08 -4.46917622e+07  5.08872178e+07 -8.70096975e+06 
 1.34497085e+02  1.74379974e+08 -4.55919342e+07  5.08198736e+07 -8.88983133e+06 
 1.37598551e+02  1.73860990e+08 -4.65044454e+07  5.07495783e+07 -9.08224823e+06 
 1.40771537e+02  1.73321093e+08 -4.74290745e+07  5.06762117e+07 -9.27824977e+06 
 1.44017690e+02  1.72759590e+08 -4.83655689e+07  5.05996492e+07 -9.47786270e+06 
 1.47338699e+02  1.72175775e+08 -4.93136428e+07  5.05197625e+07 -9.68111090e+06 
 1.50736290e+02  1.71568937e+08 -5.02729760e+07  5.04364187e+07 -9.88801519e+06 
 1.54212228e+02  1.70938354e+08 -5.12432120e+07  5.03494807e+07 -1.00985930e+07 
 1.57768320e+02  1.70283299e+08 -5.22239565e+07  5.02588075e+07 -1.03128581e+07 
 1.61406415e+02  1.69603041e+08 -5.32147756e+07  5.01642534e+07 -1.05308203e+07 
 1.65128404e+02  1.68896846e+08 -5.42151942e+07  5.00656685e+07 -1.07524853e+07 
 1.68936220e+02  1.68163978e+08 -5.52246947e+07  4.99628987e+07 -1.09778540e+07 
 1.72831844e+02  1.67403702e+08 -5.62427151e+07  4.98557855e+07 -1.12069227e+07 
 1.76817299e+02  1.66615287e+08 -5.72686479e+07  4.97441662e+07 -1.14396821e+07 
 1.80894658e+02  1.65798008e+08 -5.83018381e+07  4.96278737e+07 -1.16761175e+07 
 1.85066040e+02  1.64951145e+08 -5.93415827e+07  4.95067370e+07 -1.19162081e+07 
 1.89333613e+02  1.64073993e+08 -6.03871288e+07  4.93805809e+07 -1.21599267e+07 
 1.93699595e+02  1.63165857e+08 -6.14376730e+07  4.92492263e+07 -1.24072394e+07 
 1.98166255e+02  1.62226062e+08 -6.24923602e+07  4.91124903e+07 -1.26581050e+07 
 2.02735916e+02  1.61253951e+08 -6.35502828e+07  4.89701862e+07 -1.29124746e+07 
 2.07410951e+02  1.60248891e+08 -6.46104805e+07  4.88221240e+07 -1.31702913e+07 
 2.12193792e+02  1.59210277e+08 -6.56719393e+07  4.86681105e+07 -1.34314897e+07 
 2.17086923e+02  1.58137533e+08 -6.67335921e+07  4.85079495e+07 -1.36959954e+07 
 2.22092889e+02  1.57030121e+08 -6.77943181e+07  4.83414419e+07 -1.39637245e+07 
 2.27214291e+02  1.55887539e+08 -6.88529436e+07  4.81683864e+07 -1.42345833e+07 
 2.32453791e+02  1.54709330e+08 -6.99082427e+07  4.79885799e+07 -1.45084676e+07 
 2.37814113e+02  1.53495083e+08 -7.09589381e+07  4.78018174e+07 -1.47852625e+07 
 2.43298042e+02  1.52244440e+08 -7.20037025e+07  4.76078928e+07 -1.50648418e+07 
 2.48908429e+02  1.50957098e+08 -7.30411602e+07  4.74065996e+07 -1.53470676e+07 
 2.54648190e+02  1.49632815e+08 -7.40698893e+07  4.71977309e+07 -1.56317898e+07 
 2.60520309e+02  1.48271413e+08 -7.50884242e+07  4.69810805e+07 -1.59188457e+07 
 2.66527837e+02  1.46872786e+08 -7.60952583e+07  4.67564433e+07 -1.62080596e+07 
 2.72673897e+02  1.45436898e+08 -7.70888473e+07  4.65236158e+07 -1.64992424e+07 
 2.78961683e+02  1.43963792e+08 -7.80676127e+07  4.62823973e+07 -1.67921913e+07 
 2.85394464e+02  1.42453593e+08 -7.90299464e+07  4.60325904e+07 -1.70866894e+07 
 2.91975583e+02  1.40906512e+08 -7.99742149e+07  4.57740017e+07 -1.73825055e+07 
 2.98708461e+02  1.39322846e+08 -8.08987641e+07  4.55064431e+07 -1.76793938e+07 
 3.05596598e+02  1.37702988e+08 -8.18019248e+07  4.52297323e+07 -1.79770936e+07 
 3.12643573e+02  1.36047424e+08 -8.26820187e+07  4.49436942e+07 -1.82753294e+07 
 3.19853049e+02  1.34356737e+08 -8.35373640e+07  4.46481616e+07 -1.85738105e+07 
 3.27228774e+02  1.32631609e+08 -8.43662824e+07  4.43429764e+07 -1.88722313e+07 
 3.34774581e+02  1.30872826e+08 -8.51671054e+07  4.40279909e+07 -1.91702713e+07 
 3.42494392e+02  1.29081273e+08 -8.59381814e+07  4.37030684e+07 -1.94675950e+07 
 3.50392221e+02  1.27257941e+08 -8.66778834e+07  4.33680851e+07 -1.97638524e+07 
 3.58472171e+02  1.25403919e+08 -8.73846158e+07  4.30229310e+07 -2.00586790e+07 
 3.66738442e+02  1.23520402e+08 -8.80568227e+07  4.26675107e+07 -2.03516967e+07 
 3.75195331e+02  1.21608684e+08 -8.86929946e+07  4.23017455e+07 -2.06425138e+07 
 3.83847234e+02  1.19670157e+08 -8.92916772e+07  4.19255739e+07 -2.09307259e+07 
 3.92698648e+02  1.17706310e+08 -8.98514778e+07  4.15389530e+07 -2.12159166e+07 
 4.01754173e+02  1.15718723e+08 -9.03710738e+07  4.11418601e+07 -2.14976583e+07 
 4.11018515e+02  1.13709065e+08 -9.08492193e+07  4.07342933e+07 -2.17755131e+07 
 4.20496491e+02  1.11679089e+08 -9.12847524e+07  4.03162733e+07 -2.20490340e+07 
 4.30193027e+02  1.09630625e+08 -9.16766015e+07  3.98878436e+07 -2.23177662e+07 
 4.40113162e+02  1.07565577e+08 -9.20237923e+07  3.94490727e+07 -2.25812480e+07 
 4.50262052e+02  1.05485914e+08 -9.23254528e+07  3.90000540e+07 -2.28390126e+07 
 4.60644974e+02  1.03393662e+08 -9.25808190e+07  3.85409072e+07 -2.30905897e+07 
 4.71267322e+02  1.01290900e+08 -9.27892393e+07  3.80717791e+07 -2.33355068e+07 
 4.82134619e+02  9.91797487e+07 -9.29501788e+07  3.75928440e+07 -2.35732912e+07 
 4.93252513e+02  9.70623638e+07 -9.30632225e+07  3.71043045e+07 -2.38034719e+07 
 5.04626783e+02  9.49409263e+07 -9.31280777e+07  3.66063916e+07 -2.40255813e+07 
 5.16263340e+02  9.28176344e+07 -9.31445764e+07  3.60993651e+07 -2.42391573e+07 
 5.28168234e+02  9.06946936e+07 -9.31126756e+07  3.55835139e+07 -2.44437457e+07 
 5.40347650e+02  8.85743082e+07 -9.30324581e+07  3.50591554e+07 -2.46389015e+07 
 5.52807921e+02  8.64586719e+07 -9.29041319e+07  3.45266358e+07 -2.48241921e+07 
 5.65555523e+02  8.43499585e+07 -9.27280287e+07  3.39863290e+07 -2.49991985e+07 
 5.78597080e+02  8.22503135e+07 -9.25046023e+07  3.34386367e+07 -2.51635179e+07 
 5.91939372e+02  8.01618452e+07 -9.22344248e+07  3.28839870e+07 -2.53167659e+07 
 6.05589334e+02  7.80866164e+07 -9.19181843e+07  3.23228337e+07 -2.54585784e+07 
 6.19554061e+02  7.60266366e+07 -9.15566794e+07  3.17556548e+07 -2.55886135e+07 
 6.33840810e+02  7.39838543e+07 -9.11508156e+07  3.11829513e+07 -2.57065539e+07 
 6.48457008e+02  7.19601502e+07 -9.07015986e+07  3.06052458e+07 -2.58121081e+07 
 6.63410251e+02  6.99573310e+07 -9.02101296e+07  3.00230803e+07 -2.59050127e+07 
 6.78708313e+02  6.79771232e+07 -8.96775977e+07  2.94370146e+07 -2.59850336e+07 
 6.94359143e+02  6.60211681e+07 -8.91052743e+07  2.88476243e+07 -2.60519675e+07 
 7.10370877e+02  6.40910175e+07 -8.84945050e+07  2.82554983e+07 -2.61056432e+07 
 7.26751838e+02  6.21881293e+07 -8.78467028e+07  2.76612368e+07 -2.61459228e+07 
 7.43510539e+02  6.03138650e+07 -8.71633406e+07  2.70654489e+07 -2.61727022e+07 
 7.60655691e+02  5.84694868e+07 -8.64459433e+07  2.64687497e+07 -2.61859121e+07 
 7.78196206e+02  5.66561558e+07 -8.56960805e+07  2.58717583e+07 -2.61855180e+07 
 7.96141200e+02  5.48749312e+07 -8.49153584e+07  2.52750950e+07 -2.61715211e+07 
 8.14500001e+02  5.31267691e+07 -8.41054128e+07  2.46793787e+07 -2.61439577e+07 
 8.33282151e+02  5.14125235e+07 -8.32679013e+07  2.40852244e+07 -2.61028992e+07 
 8.52497412e+02  4.97329460e+07 -8.24044963e+07  2.34932405e+07 -2.60484516e+07 
 8.72155772e+02  4.80886881e+07 -8.15168780e+07  2.29040268e+07 -2.59807549e+07 
 8.92267449e+02  4.64803020e+07 -8.06067277e+07  2.23181714e+07 -2.58999821e+07 
 9.12842895e+02  4.49082432e+07 -7.96757216e+07  2.17362491e+07 -2.58063384e+07 
 9.33892805e+02  4.33728731e+07 -7.87255246e+07  2.11588186e+07 -2.57000594e+07 
 9.55428121e+02  4.18744622e+07 -7.77577846e+07  2.05864210e+07 -2.55814105e+07 
 9.77460036e+02  4.04131929e+07 -7.67741279e+07  2.00195775e+07 -2.54506844e+07 
 1.00000000e+03  3.89891635e+07 -7.57761535e+07  1.94587880e+07 -2.53082002e+07 
 1.02305973e+03  3.76023921e+07 -7.47654293e+07  1.89045290e+07 -2.51543009e+07 
 1.04665121e+03  3.62528203e+07 -7.37434881e+07  1.83572530e+07 -2.49893520e+07 
 1.07078670e+03  3.49403176e+07 -7.27118238e+07  1.78173865e+07 -2.48137389e+07 
 1.09547876e+03  3.36646857e+07 -7.16718884e+07  1.72853295e+07 -2.46278655e+07 
 1.12074020e+03  3.24256628e+07 -7.06250893e+07  1.67614545e+07 -2.44321514e+07 
 1.14658417e+03  3.12229279e+07 -6.95727869e+07  1.62461059e+07 -2.42270304e+07 
 1.17302409e+03  3.00561056e+07 -6.85162929e+07  1.57395996e+07 -2.40129477e+07 
 1.20007371e+03  2.89247698e+07 -6.74568683e+07  1.52422227e+07 -2.37903583e+07 
 1.22774708e+03  2.78284487e+07 -6.63957226e+07  1.47542333e+07 -2.35597245e+07 
 1.25605860e+03  2.67666287e+07 -6.53340126e+07  1.42758608e+07 -2.33215142e+07 
 1.28502297e+03  2.57387584e+07 -6.42728420e+07  1.38073062e+07 -2.30761985e+07 
 1.31465525e+03  2.47442529e+07 -6.32132610e+07  1.33487422e+07 -2.28242503e+07 
 1.34497085e+03  2.37824976e+07 -6.21562666e+07  1.29003139e+07 -2.25661418e+07 
 1.37598551e+03  2.28528517e+07 -6.11028022e+07  1.24621395e+07 -2.23023432e+07 
 1.40771537e+03  2.19546523e+07 -6.00537586e+07  1.20343111e+07 -2.20333213e+07 
 1.44017690e+03  2.10872169e+07 -5.90099744e+07  1.16168954e+07 -2.17595370e+07 
 1.47338699e+03  2.02498478e+07 -5.79722368e+07  1.12099348e+07 -2.14814450e+07 
 1.50736290e+03  1.94418340e+07 -5.69412827e+07  1.08134485e+07 -2.11994918e+07 
 1.54212228e+03  1.86624548e+07 -5.59177997e+07  1.04274336e+07 -2.09141146e+07 
 1.57768320e+03  1.79109823e+07 -5.49024274e+07  1.00518659e+07 -2.06257404e+07 
 1.61406415e+03  1.71866838e+07 -5.38957589e+07  9.68670161e+06 -2.03347849e+07 
 1.65128404e+03  1.64888241e+07 -5.28983417e+07  9.33187818e+06 -2.00416519e+07 
 1.68936220e+03  1.58166678e+07 -5.19106798e+07  8.98731574e+06 -1.97467322e+07 
 1.72831844e+03  1.51694813e+07 -5.09332350e+07  8.65291823e+06 -1.94504033e+07 
 1.76817299e+03  1.45465344e+07 -4.99664283e+07  8.32857468e+06 -1.91530287e+07 
 1.80894658e+03  1.39471021e+07 -4.90106420e+07  8.01416044e+06 -1.88549576e+07 
 1.85066040e+03  1.33704660e+07 -4.80662208e+07  7.70953835e+06 -1.85565247e+07 
 1.89333613e+03  1.28159158e+07 -4.71334738e+07  7.41455995e+06 -1.82580496e+07 
 1.93699595e+03  1.22827503e+07 -4.62126759e+07  7.12906662e+06 -1.79598371e+07 
 1.98166255e+03  1.17702787e+07 -4.53040697e+07  6.85289070e+06 -1.76621769e+07 
 2.02735916e+03  1.12778214e+07 -4.44078669e+07  6.58585655e+06 -1.73653438e+07 
 2.07410951e+03  1.08047108e+07 -4.35242500e+07  6.32778160e+06 -1.70695974e+07 
 2.12193792e+03  1.03502922e+07 -4.26533739e+07  6.07847732e+06 -1.67751828e+07 
 2.17086923e+03  9.91392412e+06 -4.17953671e+07  5.83775018e+06 -1.64823304e+07 
 2.22092889e+03  9.49497910e+06 -4.09503338e+07  5.60540249e+06 -1.61912563e+07 
 2.27214291e+03  9.09284398e+06 -4.01183549e+07  5.38123331e+06 -1.59021623e+07 
 2.32453791e+03  8.70692028e+06 -3.92994892e+07  5.16503915e+06 -1.56152369e+07 
 2.37814113e+03  8.33662442e+06 -3.84937755e+07  4.95661479e+06 -1.53306550e+07 
 2.43298042e+03  7.98138799e+06 -3.77012333e+07  4.75575391e+06 -1.50485784e+07 
 2.48908429e+03  7.64065781e+06 -3.69218643e+07  4.56224972e+06 -1.47691567e+07 
 2.54648190e+03  7.31389603e+06 -3.61556533e+07  4.37589560e+06 -1.44925270e+07 
 2.60520309e+03  7.00058013e+06 -3.54025702e+07  4.19648558e+06 -1.42188148e+07 
 2.66527837e+03  6.70020293e+06 -3.46625699e+07  4.02381485e+06 -1.39481346e+07 
 2.72673897e+03  6.41227246e+06 -3.39355944e+07  3.85768023e+06 -1.36805897e+07 
 2.78961683e+03  6.13631187e+06 -3.32215735e+07  3.69788056e+06 -1.34162733e+07 
 2.85394464e+03  5.87185929e+06 -3.25204254e+07  3.54421702e+06 -1.31552688e+07 
 2.91975583e+03  5.61846761e+06 -3.18320581e+07  3.39649355e+06 -1.28976500e+07 
 2.98708461e+03  5.37570435e+06 -3.11563701e+07  3.25451705e+06 -1.26434818e+07 
 3.05596598e+03  5.14315134e+06 -3.04932512e+07  3.11809768e+06 -1.23928207e+07 
 3.12643573e+03  4.92040451e+06 -2.98425832e+07  2.98704906e+06 -1.21457151e+07 
 3.19853049e+03  4.70707364e+06 -2.92042409e+07  2.86118848e+06 -1.19022057e+07 
 3.27228774e+03  4.50278203e+06 -2.85780926e+07  2.74033705e+06 -1.16623261e+07 
 3.34774581e+03  4.30716624e+06 -2.79640007e+07  2.62431981e+06 -1.14261031e+07 
 3.42494392e+03  4.11987577e+06 -2.73618226e+07  2.51296591e+06 -1.11935570e+07 
 3.50392221e+03  3.94057273e+06 -2.67714109e+07  2.40610862e+06 -1.09647024e+07 
 3.58472171e+03  3.76893157e+06 -2.61926143e+07  2.30358545e+06 -1.07395481e+07 
 3.66738442e+03  3.60463868e+06 -2.56252780e+07  2.20523816e+06 -1.05180976e+07 
 3.75195331e+03  3.44739212e+06 -2.50692439e+07  2.11091282e+06 -1.03003497e+07 
 3.83847234e+03  3.29690128e+06 -2.45243515e+07  2.02045982e+06 -1.00862984e+07 
 3.92698648e+03  3.15288651e+06 -2.39904382e+07  1.93373385e+06 -9.87593375e+06 
 4.01754173e+03  3.01507886e+06 -2.34673393e+07  1.85059390e+06 -9.66924170e+06 
 4.11018515e+03  2.88321969e+06 -2.29548889e+07  1.77090323e+06 -9.46620460e+06 
 4.20496491e+03  2.75706038e+06 -2.24529198e+07  1.69452933e+06 -9.26680148e+06 
 4.30193027e+03  2.63636200e+06 -2.19612643e+07  1.62134391e+06 -9.07100827e+06 
 4.40113162e+03  2.52089499e+06 -2.14797540e+07  1.55122277e+06 -8.87879808e+06 
 4.50262052e+03  2.41043887e+06 -2.10082202e+07  1.48404583e+06 -8.69014143e+06 
 4.60644974e+03  2.30478188e+06 -2.05464945e+07  1.41969700e+06 -8.50500650e+06 
 4.71267322e+03  2.20372074e+06 -2.00944085e+07  1.35806412e+06 -8.32335930e+06 
 4.82134619e+03  2.10706032e+06 -1.96517943e+07  1.29903889e+06 -8.14516393e+06 
 4.93252513e+03  2.01461338e+06 -1.92184848e+07  1.24251680e+06 -7.97038274e+06 
 5.04626783e+03  1.92620024e+06 -1.87943136e+07  1.18839703e+06 -7.79897648e+06 
 5.16263340e+03  1.84164856e+06 -1.83791153e+07  1.13658235e+06 -7.63090457e+06 
 5.28168234e+03  1.76079304e+06 -1.79727258e+07  1.08697906e+06 -7.46612513e+06 
 5.40347650e+03  1.68347515e+06 -1.75749819e+07  1.03949688e+06 -7.30459524e+06 
 5.52807921e+03  1.60954292e+06 -1.71857223e+07  9.94048880e+05 -7.14627102e+06 
 5.65555523e+03  1.53885066e+06 -1.68047868e+07  9.50551342e+05 -6.99110778e+06 
 5.78597080e+03  1.47125871e+06 -1.64320170e+07  9.08923720e+05 -6.83906015e+06 
 5.91939372e+03  1.40663325e+06 -1.60672563e+07  8.69088514e+05 -6.69008216e+06 
 6.05589334e+03  1.34484603e+06 -1.57103495e+07  8.30971192e+05 -6.54412739e+06 
 6.19554061e+03  1.28577420e+06 -1.53611437e+07  7.94500091e+05 -6.40114907e+06 
 6.33840810e+03  1.22930006e+06 -1.50194876e+07  7.59606330e+05 -6.26110012e+06 
 6.48457008e+03  1.17531086e+06 -1.46852321e+07  7.26223721e+05 -6.12393328e+06 
 6.63410251e+03  1.12369862e+06 -1.43582298e+07  6.94288674e+05 -5.98960120e+06 
 6.78708313e+03  1.07435995e+06 -1.40383356e+07  6.63740121e+05 -5.85805647e+06 
 6.94359143e+03  1.02719583e+06 -1.37254065e+07  6.34519419e+05 -5.72925171e+06 
 7.10370877e+03  9.82111460e+05 -1.34193014e+07  6.06570273e+05 -5.60313965e+06 
 7.26751838e+03  9.39016085e+05 -1.31198816e+07  5.79838653e+05 -5.47967316e+06 
 7.43510539e+03  8.97822824e+05 -1.28270103e+07  5.54272709e+05 -5.35880531e+06 
 7.60655691e+03  8.58448518e+05 -1.25405531e+07  5.29822701e+05 -5.24048943e+06 
 7.78196206e+03  8.20813572e+05 -1.22603777e+07  5.06440913e+05 -5.12467913e+06 
 7.96141200e+03  7.84841815e+05 -1.19863539e+07  4.84081586e+05 -5.01132839e+06 
 8.14500001e+03  7.50460350e+05 -1.17183538e+07  4.62700841e+05 -4.90039151e+06 
 8.33282151e+03  7.17599425e+05 -1.14562516e+07  4.42256611e+05 -4.79182325e+06 
 8.52497412e+03  6.86192299e+05 -1.11999237e+07  4.22708571e+05 -4.68557876e+06 
 8.72155772e+03  6.56175115e+05 -1.09492488e+07  4.04018072e+05 -4.58161369e+06 
 8.92267449e+03  6.27486783e+05 -1.07041075e+07  3.86148077e+05 -4.47988414e+06 
 9.12842895e+03  6.00068860e+05 -1.04643829e+07  3.69063097e+05 -4.38034674e+06 
 9.33892805e+03  5.73865440e+05 -1.02299600e+07  3.52729134e+05 -4.28295865e+06 
 9.55428121e+03  5.48823047e+05 -1.00007259e+07  3.37113620e+05 -4.18767755e+06 
 9.77460036e+03  5.24890531e+05 -9.77657001e+06  3.22185358e+05 -4.09446170e+06 
 1.00000000e+04  5.02018971e+05 -9.55738360e+06  3.07914474e+05 -4.00326993e+06 
 1.02305973e+04  4.80161577e+05 -9.34306015e+06  2.94272359e+05 -3.91406162e+06 
 1.04665121e+04  4.59273605e+05 -9.13349514e+06  2.81231618e+05 -3.82679678e+06 
 1.07078670e+04  4.39312261e+05 -8.92858609e+06  2.68766026e+05 -3.74143600e+06 
 1.09547876e+04  4.20236625e+05 -8.72823248e+06  2.56850475e+05 -3.65794046e+06 
 1.12074020e+04  4.02007569e+05 -8.53233582e+06  2.45460930e+05 -3.57627198e+06 
 1.14658417e+04  3.84587675e+05 -8.34079951e+06  2.34574388e+05 -3.49639296e+06 
 1.17302409e+04  3.67941169e+05 -8.15352891e+06  2.24168831e+05 -3.41826643e+06 
 1.20007371e+04  3.52033843e+05 -7.97043126e+06  2.14223189e+05 -3.34185603e+06 
 1.22774708e+04  3.36832995e+05 -7.79141568e+06  2.04717298e+05 -3.26712601e+06 
 1.25605860e+04  3.22307354e+05 -7.61639311e+06  1.95631866e+05 -3.19404125e+06 
 1.28502297e+04  3.08427029e+05 -7.44527633e+06  1.86948432e+05 -3.12256723e+06 
 1.31465525e+04  2.95163440e+05 -7.27797987e+06  1.78649335e+05 -3.05267005e+06 
 1.34497085e+04  2.82489267e+05 -7.11442005e+06  1.70717678e+05 -2.98431639e+06 
 1.37598551e+04  2.70378392e+05 -6.95451489e+06  1.63137298e+05 -2.91747358e+06 
 1.40771537e+04  2.58805848e+05 -6.79818414e+06  1.55892733e+05 -2.85210952e+06 
 1.44017690e+04  2.47747769e+05 -6.64534919e+06  1.48969193e+05 -2.78819270e+06 
 1.47338699e+04  2.37181341e+05 -6.49593309e+06  1.42352534e+05 -2.72569221e+06 
 1.50736290e+04  2.27084757e+05 -6.34986049e+06  1.36029225e+05 -2.66457775e+06 
 1.54212228e+04  2.17437173e+05 -6.20705765e+06  1.29986327e+05 -2.60481954e+06 
 1.57768320e+04  2.08218665e+05 -6.06745235e+06  1.24211467e+05 -2.54638844e+06 
 1.61406415e+04  1.99410190e+05 -5.93097394e+06  1.18692810e+05 -2.48925582e+06 
 1.65128404e+04  1.90993546e+05 -5.79755323e+06  1.13419042e+05 -2.43339364e+06 
 1.68936220e+04  1.82951336e+05 -5.66712253e+06  1.08379340e+05 -2.37877440e+06 
 1.72831844e+04  1.75266934e+05 -5.53961560e+06  1.03563360e+05 -2.32537115e+06 
 1.76817299e+04  1.67924446e+05 -5.41496759e+06  9.89612073e+04 -2.27315749e+06 
 1.80894658e+04  1.60908685e+05 -5.29311506e+06  9.45634244e+04 -2.22210752e+06 
 1.85066040e+04  1.54205136e+05 -5.17399593e+06  9.03609677e+04 -2.17219589e+06 
 1.89333613e+04  1.47799925e+05 -5.05754947e+06  8.63451912e+04 -2.12339775e+06 
 1.93699595e+04  1.41679794e+05 -4.94371624e+06  8.25078292e+04 -2.07568876e+06 
 1.98166255e+04  1.35832073e+05 -4.83243810e+06  7.88409794e+04 -2.02904508e+06 
 2.02735916e+04  1.30244653e+05 -4.72365817e+06  7.53370876e+04 -1.98344336e+06 
 2.07410951e+04  1.24905960e+05 -4.61732080e+06  7.19889322e+04 -1.93886073e+06 
 2.12193792e+04  1.19804937e+05 -4.51337155e+06  6.87896099e+04 -1.89527481e+06 
 2.17086923e+04  1.14931014e+05 -4.41175718e+06  6.57325218e+04 -1.85266366e+06 
 2.22092889e+04  1.10274092e+05 -4.31242560e+06  6.28113600e+04 -1.81100581e+06 
 2.27214291e+04  1.05824520e+05 -4.21532586e+06  6.00200950e+04 -1.77028026e+06 
 2.32453791e+04  1.01573075e+05 -4.12040811e+06  5.73529638e+04 -1.73046642e+06 
 2.37814113e+04  9.75109431e+04 -4.02762363e+06  5.48044575e+04 -1.69154417e+06 
 2.43298042e+04  9.36297018e+04 -3.93692474e+06  5.23693110e+04 -1.65349378e+06 
 2.48908429e+04  8.99213031e+04 -3.84826481e+06  5.00424918e+04 -1.61629596e+06 
 2.54648190e+04  8.63780562e+04 -3.76159825e+06  4.78191899e+04 -1.57993184e+06 
 2.60520309e+04  8.29926120e+04 -3.67688045e+06  4.56948084e+04 -1.54438292e+06 
 2.66527837e+04  7.97579478e+04 -3.59406781e+06  4.36649533e+04 -1.50963114e+06 
 2.72673897e+04  7.66673532e+04 -3.51311768e+06  4.17254256e+04 -1.47565880e+06 
 2.78961683e+04  7.37144157e+04 -3.43398836e+06  3.98722120e+04 -1.44244858e+06 
 2.85394464e+04  7.08930080e+04 -3.35663904e+06  3.81014770e+04 -1.40998355e+06 
 2.91975583e+04  6.81972752e+04 -3.28102986e+06  3.64095550e+04 -1.37824712e+06 
 2.98708461e+04  6.56216228e+04 -3.20712181e+06  3.47929430e+04 -1.34722309e+06 
 3.05596598e+04  6.31607046e+04 -3.13487676e+06  3.32482931e+04 -1.31689560e+06 
 3.12643573e+04  6.08094127e+04 -3.06425741e+06  3.17724060e+04 -1.28724911e+06 
 3.19853049e+04  5.85628661e+04 -2.99522732e+06  3.03622243e+04 -1.25826846e+06 
 3.27228774e+04  5.64164007e+04 -2.92775081e+06  2.90148259e+04 -1.22993879e+06 
 3.34774581e+04  5.43655603e+04 -2.86179305e+06  2.77274189e+04 -1.20224558e+06 
 3.42494392e+04  5.24060865e+04 -2.79731993e+06  2.64973349e+04 -1.17517463e+06 
 3.50392221e+04  5.05339107e+04 -2.73429815e+06  2.53220240e+04 -1.14871202e+06 
 3.58472171e+04  4.87451451e+04 -2.67269510e+06  2.41990496e+04 -1.12284418e+06 
 3.66738442e+04  4.70360750e+04 -2.61247895e+06  2.31260833e+04 -1.09755781e+06 
 3.75195331e+04  4.54031509e+04 -2.55361853e+06  2.21009000e+04 -1.07283990e+06 
 3.83847234e+04  4.38429814e+04 -2.49608340e+06  2.11213736e+04 -1.04867775e+06 
 3.92698648e+04  4.23523260e+04 -2.43984378e+06  2.01854723e+04 -1.02505891e+06 
 4.01754173e+04  4.09280883e+04 -2.38487057e+06  1.92912545e+04 -1.00197124e+06 
 4.11018515e+04  3.95673099e+04 -2.33113531e+06  1.84368653e+04 -9.79402822e+05 
 4.20496491e+04  3.82671640e+04 -2.27861017e+06  1.76205317e+04 -9.57342043e+05 
 4.30193027e+04  3.70249495e+04 -2.22726795e+06  1.68405598e+04 -9.35777528e+05 
 4.40113162e+04  3.58380859e+04 -2.17708207e+06  1.60953310e+04 -9.14698155e+05 
 4.50262052e+04  3.47041074e+04 -2.12802653e+06  1.53832987e+04 -8.94093050e+05 
 4.60644974e+04  3.36206578e+04 -2.08007590e+06  1.47029849e+04 -8.73951579e+05 
 4.71267322e+04  3.25854860e+04 -2.03320535e+06  1.40529775e+04 -8.54263347e+05 
 4.82134619e+04  3.15964412e+04 -1.98739058e+06  1.34319270e+04 -8.35018185e+05 
 4.93252513e+04  3.06514683e+04 -1.94260785e+06  1.28385442e+04 -8.16206155e+05 
 5.04626783e+04  2.97486036e+04 -1.89883394e+06  1.22716040e+04 -7.97817535e+05 
 5.16263340e+04  2.88859710e+04 -1.85604615e+06  1.17299149e+04 -7.79842823e+05 
 5.28168234e+04  2.80617779e+04 -1.81422231e+06  1.12123594e+04 -7.62272728e+05 
 5.40347650e+04  2.72743115e+04 -1.77334072e+06  1.07178628e+04 -7.45098164e+05 
 5.52807921e+04  2.65219353e+04 -1.73338019e+06  1.02453981e+04 -7.28310249e+05 
 5.65555523e+04  2.58030857e+04 -1.69431998e+06  9.79398408e+03 -7.11900299e+05 
 5.78597080e+04  2.51162688e+04 -1.65613984e+06  9.36268317e+03 -6.95859823e+05 
 5.91939372e+04  2.44600571e+04 -1.61881996e+06  8.95059951e+03 -6.80180520e+05 
 6.05589334e+04  2.38330868e+04 -1.58234098e+06  8.55687713e+03 -6.64854274e+05 
 6.19554061e+04  2.32340547e+04 -1.54668397e+06  8.18069817e+03 -6.49873151e+05 
 6.33840810e+04  2.26617158e+04 -1.51183043e+06  7.82128117e+03 -6.35229393e+05 
 6.48457008e+04  2.21148806e+04 -1.47776227e+06  7.47787944e+03 -6.20915417e+05 
 6.63410251e+04  2.15924123e+04 -1.44446181e+06  7.14977957e+03 -6.06923808e+05 
 6.78708313e+04  2.10932251e+04 -1.41191178e+06  6.83630378e+03 -5.93247318e+05 
 6.94359143e+04  2.06162812e+04 -1.38009527e+06  6.53680023e+03 -5.79878861e+05 
 7.10370877e+04  2.01605894e+04 -1.34899577e+06  6.25063548e+03 -5.66811509e+05 
 7.26751838e+04  1.97252023e+04 -1.31859714e+06  5.97722272e+03 -5.54038490e+05 
 7.43510539e+04  1.93092150e+04 -1.28888359e+06  5.71599380e+03 -5.41553184e+05 
 7.60655691e+04  1.89117627e+04 -1.25983971e+06  5.46640591e+03 -5.29349117e+05 
 7.78196206e+04  1.85320193e+04 -1.23145041e+06  5.22794041e+03 -5.17419963e+05 
 7.96141200e+04  1.81691952e+04 -1.20370094e+06  5.00010173e+03 -5.05759536e+05 
 8.14500001e+04  1.78225364e+04 -1.17657692e+06  4.78241639e+03 -4.94361789e+05 
 8.33282151e+04  1.74913220e+04 -1.15006424e+06  4.57443201e+03 -4.83220810e+05 
 8.52497412e+04  1.71748637e+04 -1.12414914e+06  4.37571634e+03 -4.72330823e+05 
 8.72155772e+04  1.68725035e+04 -1.09881816e+06  4.18585875e+03 -4.61686177e+05 
 8.92267449e+04  1.65836129e+04 -1.07405816e+06  4.00445983e+03 -4.51281350e+05 
 9.12842895e+04  1.63075912e+04 -1.04985626e+06  3.83114502e+03 -4.41110944e+05 
 9.33892805e+04  1.60438646e+04 -1.02619991e+06  3.66555411e+03 -4.31169682e+05 
 9.55428121e+04  1.57918850e+04 -1.00307681e+06  3.50734684e+03 -4.21452406e+05 
 9.77460036e+04  1.55511283e+04 -9.80474947e+05  3.35618635e+03 -4.11954073e+05 
 1.00000000e+05  1.53210942e+04 -9.58382593e+05  3.21176255e+03 -4.02669753e+05 
 1.02305973e+05  1.51013043e+04 -9.36788267e+05  3.07377525e+03 -3.93594628e+05 
 1.04665121e+05  1.48913016e+04 -9.15680753e+05  2.94193762e+03 -3.84723987e+05 
 1.07078670e+05  1.46906497e+04 -8.95049087e+05  2.81597563e+03 -3.76053227e+05 
 1.09547876e+05  1.44989314e+04 -8.74882549e+05  2.69562743e+03 -3.67577845e+05 
 1.12074020e+05  1.43157480e+04 -8.55170665e+05  2.58064286e+03 -3.59293442e+05 
 1.14658417e+05  1.41407186e+04 -8.35903195e+05  2.47078289e+03 -3.51195717e+05 
 1.17302409e+05  1.39734795e+04 -8.17070127e+05  2.36581916e+03 -3.43280466e+05 
 1.20007371e+05  1.38136899e+04 -7.98661679e+05  2.26554218e+03 -3.35543579e+05 
 1.22774708e+05  1.36610033e+04 -7.80668287e+05  2.16972566e+03 -3.27981039e+05 
 1.25605860e+05  1.35151094e+04 -7.63080602e+05  2.07817954e+03 -3.20588918e+05 
 1.28502297e+05  1.33757051e+04 -7.45889486e+05  1.99071350e+03 -3.13363379e+05 
 1.31465525e+05  1.32425004e+04 -7.29086008e+05  1.90714675e+03 -3.06300668e+05 
 1.34497085e+05  1.31152184e+04 -7.12661437e+05  1.82730344e+03 -2.99397118e+05 
 1.37598551e+05  1.29936052e+04 -6.96607239e+05  1.75102435e+03 -2.92649144e+05 
 1.40771537e+05  1.28773860e+04 -6.80915073e+05  1.67813928e+03 -2.86053240e+05 
 1.44017690e+05  1.27663304e+04 -6.65576784e+05  1.60850263e+03 -2.79605982e+05 
 1.47338699e+05  1.26602075e+04 -6.50584404e+05  1.54196966e+03 -2.73304020e+05 
 1.50736290e+05  1.25587966e+04 -6.35930142e+05  1.47840281e+03 -2.67144082e+05 
 1.54212228e+05  1.24618869e+04 -6.21606384e+05  1.41767059e+03 -2.61122966e+05 
 1.57768320e+05  1.23692768e+04 -6.07605685e+05  1.35964292e+03 -2.55237546e+05 
 1.61406415e+05  1.22807740e+04 -5.93920772e+05  1.30420153e+03 -2.49484765e+05 
 1.65128404e+05  1.21961942e+04 -5.80544533e+05  1.25123314e+03 -2.43861634e+05 
 1.68936220e+05  1.21153617e+04 -5.67470016e+05  1.20062357e+03 -2.38365232e+05 
 1.72831844e+05  1.20381084e+04 -5.54690429e+05  1.15226967e+03 -2.32992703e+05 
 1.76817299e+05  1.19642736e+04 -5.42199129e+05  1.10607092e+03 -2.27741256e+05 
 1.80894658e+05  1.18937040e+04 -5.29989627e+05  1.06193235e+03 -2.22608164e+05 
 1.85066040e+05  1.18262526e+04 -5.18055575e+05  1.01976100e+03 -2.17590759e+05 
 1.89333613e+05  1.17617794e+04 -5.06390774e+05  9.79468194e+02 -2.12686434e+05 
 1.93699595e+05  1.17001501e+04 -4.94989161e+05  9.40971258e+02 -2.07892642e+05 
 1.98166255e+05  1.16412368e+04 -4.83844811e+05  9.04190150e+02 -2.03206892e+05 
 2.02735916e+05  1.15849168e+04 -4.72951932e+05  8.69047525e+02 -1.98626749e+05 
 2.07410951e+05  1.15310779e+04 -4.62304864e+05  8.35476268e+02 -1.94149833e+05 
 2.12193792e+05  1.14795984e+04 -4.51898073e+05  8.03397137e+02 -1.89773819e+05 
 2.17086923e+05  1.14303763e+04 -4.41726150e+05  7.72748939e+02 -1.85496432e+05 
 2.22092889e+05  1.13833091e+04 -4.31783811e+05  7.43465613e+02 -1.81315451e+05 
 2.27214291e+05  1.13382990e+04 -4.22065886e+05  7.15488858e+02 -1.77228701e+05 
 2.32453791e+05  1.12952525e+04 -4.12567327e+05  6.88757663e+02 -1.73234061e+05 
 2.37814113e+05  1.12540801e+04 -4.03283195e+05  6.63218536e+02 -1.69329454e+05 
 2.43298042e+05  1.12146961e+04 -3.94208667e+05  6.38817079e+02 -1.65512851e+05 
 2.48908429e+05  1.11770186e+04 -3.85339026e+05  6.15504377e+02 -1.61782269e+05 
 2.54648190e+05  1.11409694e+04 -3.76669662e+05  5.93229865e+02 -1.58135769e+05 
 2.60520309e+05  1.11064734e+04 -3.68196070e+05  5.71948140e+02 -1.54571457e+05 
 2.66527837e+05  1.10734605e+04 -3.59913845e+05  5.51616721e+02 -1.51087480e+05 
 2.72673897e+05  1.10418603e+04 -3.51818683e+05  5.32190441e+02 -1.47682028e+05 
 2.78961683e+05  1.10116060e+04 -3.43906377e+05  5.13629280e+02 -1.44353332e+05 
 2.85394464e+05  1.09826360e+04 -3.36172814e+05  4.95896062e+02 -1.41099660e+05 
 2.91975583e+05  1.09548902e+04 -3.28613974e+05  4.78952987e+02 -1.37919323e+05 
 2.98708461e+05  1.09283107e+04 -3.21225930e+05  4.62764857e+02 -1.34810668e+05 
 3.05596598e+05  1.09028425e+04 -3.14004840e+05  4.47298043e+02 -1.31772079e+05 
 3.12643573e+05  1.08784336e+04 -3.06946952e+05  4.32521330e+02 -1.28801977e+05 
 3.19853049e+05  1.08550312e+04 -3.00048598e+05  4.18403370e+02 -1.25898819e+05 
 3.27228774e+05  1.08325876e+04 -2.93306191e+05  4.04913783e+02 -1.23061095e+05 
 3.34774581e+05  1.08110563e+04 -2.86716228e+05  3.92025918e+02 -1.20287332e+05 
 3.42494392e+05  1.07903925e+04 -2.80275282e+05  3.79712302e+02 -1.17576087e+05 
 3.50392221e+05  1.07705532e+04 -2.73980006e+05  3.67947501e+02 -1.14925952e+05 
 3.58472171e+05  1.07515005e+04 -2.67827128e+05  3.56708590e+02 -1.12335548e+05 
 3.66738442e+05  1.07331883e+04 -2.61813449e+05  3.45968926e+02 -1.09803531e+05 
 3.75195331e+05  1.07155818e+04 -2.55935844e+05  3.35708316e+02 -1.07328584e+05 
 3.83847234e+05  1.06986445e+04 -2.50191258e+05  3.25904887e+02 -1.04909421e+05 
 3.92698648e+05  1.06823419e+04 -2.44576703e+05  3.16538971e+02 -1.02544784e+05 
 4.01754173e+05  1.06666387e+04 -2.39089262e+05  3.07589796e+02 -1.00233445e+05 
 4.11018515e+05  1.06515031e+04 -2.33726082e+05  2.99039696e+02 -9.79742028e+04 
 4.20496491e+05  1.06369037e+04 -2.28484374e+05  2.90870766e+02 -9.57658822e+04 
 4.30193027e+05  1.06228118e+04 -2.23361415e+05  2.83066782e+02 -9.36073362e+04 
 4.40113162e+05  1.06091948e+04 -2.18354540e+05  2.75609737e+02 -9.14974428e+04 
 4.50262052e+05  1.05960262e+04 -2.13461147e+05  2.68484951e+02 -8.94351054e+04 
 4.60644974e+05  1.05832803e+04 -2.08678692e+05  2.61678385e+02 -8.74192523e+04 
 4.71267322e+05  1.05709275e+04 -2.04004687e+05  2.55174423e+02 -8.54488356e+04 
 4.82134619e+05  1.05589443e+04 -1.99436704e+05  2.48960879e+02 -8.35228313e+04 
 4.93252513e+05  1.05473059e+04 -1.94972367e+05  2.43024171e+02 -8.16402385e+04 
 5.04626783e+05  1.05359869e+04 -1.90609354e+05  2.37351828e+02 -7.98000786e+04 
 5.16263340e+05  1.05249652e+04 -1.86345398e+05  2.31932760e+02 -7.80013952e+04 
 5.28168234e+05  1.05142172e+04 -1.82178280e+05  2.26754672e+02 -7.62432536e+04 
 5.40347650e+05  1.05037215e+04 -1.78105834e+05  2.21807671e+02 -7.45247399e+04 
 5.52807921e+05  1.04934568e+04 -1.74125942e+05  2.17081311e+02 -7.28449609e+04 
 5.65555523e+05  1.04834006e+04 -1.70236533e+05  2.12565409e+02 -7.12030437e+04 
 5.78597080e+05  1.04735325e+04 -1.66435586e+05  2.08250654e+02 -6.95981348e+04 
 5.91939372e+05  1.04638330e+04 -1.62721122e+05  2.04128500e+02 -6.80294001e+04 
 6.05589334e+05  1.04542815e+04 -1.59091210e+05  2.00189702e+02 -6.64960243e+04 
 6.19554061e+05  1.04448596e+04 -1.55543962e+05  1.96426959e+02 -6.49972104e+04 
 6.33840810e+05  1.04355469e+04 -1.52077531e+05  1.92831932e+02 -6.35321793e+04 
 6.48457008e+05  1.04263241e+04 -1.48690114e+05  1.89396677e+02 -6.21001697e+04 
 6.63410251e+05  1.04171733e+04 -1.45379948e+05  1.86114721e+02 -6.07004373e+04 
 6.78708313e+05  1.04080758e+04 -1.42145312e+05  1.82979176e+02 -5.93322545e+04 
 6.94359143e+05  1.03990132e+04 -1.38984520e+05  1.79983579e+02 -5.79949102e+04 
 7.10370877e+05  1.03899662e+04 -1.35895927e+05  1.77121103e+02 -5.66877094e+04 
 7.26751838e+05  1.03809175e+04 -1.32877927e+05  1.74386359e+02 -5.54099727e+04 
 7.43510539e+05  1.03718489e+04 -1.29928946e+05  1.71773445e+02 -5.41610358e+04 
 7.60655691e+05  1.03627419e+04 -1.27047449e+05  1.69277152e+02 -5.29402498e+04 
 7.78196206e+05  1.03535781e+04 -1.24231936e+05  1.66891940e+02 -5.17469801e+04 
 7.96141200e+05  1.03443401e+04 -1.21480938e+05  1.64613241e+02 -5.05806064e+04 
 8.14500001e+05  1.03350084e+04 -1.18793023e+05  1.62435829e+02 -4.94405226e+04 
 8.33282151e+05  1.03255650e+04 -1.16166790e+05  1.60355600e+02 -4.83261361e+04 
 8.52497412e+05  1.03159921e+04 -1.13600868e+05  1.58368383e+02 -4.72368677e+04 
 8.72155772e+05  1.03062695e+04 -1.11093920e+05  1.56469345e+02 -4.61721513e+04 
 8.92267449e+05  1.02963793e+04 -1.08644638e+05  1.54655083e+02 -4.51314333e+04 
 9.12842895e+05  1.02863020e+04 -1.06251743e+05  1.52921785e+02 -4.41141730e+04 
 9.33892805e+05  1.02760177e+04 -1.03913986e+05  1.51265462e+02 -4.31198416e+04 
 9.55428121e+05  1.02655071e+04 -1.01630146e+05  1.49683178e+02 -4.21479222e+04 
 9.77460036e+05  1.02547501e+04 -9.93990304e+04  1.48171351e+02 -4.11979098e+04 
 1.00000000e+06  1.02437262e+04 -9.72194714e+04  1.46727077e+02 -4.02693106e+04 
 1.02305973e+06  1.02324142e+04 -9.50903295e+04  1.45346866e+02 -3.93616418e+04 
 1.04665121e+06  1.02207935e+04 -9.30104902e+04  1.44028382e+02 -3.84744318e+04 
 1.07078670e+06  1.02088423e+04 -9.09788642e+04  1.42768726e+02 -3.76072193e+04 
 1.09547876e+06  1.01965381e+04 -8.89943869e+04  1.41565137e+02 -3.67595537e+04 
 1.12074020e+06  1.01838587e+04 -8.70560173e+04  1.40415235e+02 -3.59309944e+04 
 1.14658417e+06  1.01707806e+04 -8.51627381e+04  1.39316472e+02 -3.51211107e+04 
 1.17302409e+06  1.01572804e+04 -8.33135545e+04  1.38266746e+02 -3.43294817e+04 
 1.20007371e+06  1.01433338e+04 -8.15074941e+04  1.37263791e+02 -3.35556959e+04 
 1.22774708e+06  1.01289161e+04 -7.97436063e+04  1.36305592e+02 -3.27993511e+04 
 1.25605860e+06  1.01140019e+04 -7.80209613e+04  1.35390083e+02 -3.20600543e+04 
 1.28502297e+06  1.00985651e+04 -7.63386503e+04  1.34515369e+02 -3.13374211e+04 
 1.31465525e+06  1.00825790e+04 -7.46957844e+04  1.33679561e+02 -3.06310760e+04 
 1.34497085e+06  1.00660165e+04 -7.30914943e+04  1.32881089e+02 -2.99406518e+04 
 1.37598551e+06  1.00488495e+04 -7.15249298e+04  1.32118213e+02 -2.92657896e+04 
 1.40771537e+06  1.00310494e+04 -6.99952595e+04  1.31389372e+02 -2.86061388e+04 
 1.44017690e+06  1.00125865e+04 -6.85016698e+04  1.30692941e+02 -2.79613565e+04 
 1.47338699e+06  9.99343123e+03 -6.70433649e+04  1.30027606e+02 -2.73311074e+04 
 1.50736290e+06  9.97355234e+03 -6.56195663e+04  1.29391862e+02 -2.67150641e+04 
 1.54212228e+06  9.95291873e+03 -6.42295117e+04  1.28784539e+02 -2.61129063e+04 
 1.57768320e+06  9.93149777e+03 -6.28724556e+04  1.28204217e+02 -2.55243211e+04 
 1.61406415e+06  9.90925669e+03 -6.15476679e+04  1.27649746e+02 -2.49490026e+04 
 1.65128404e+06  9.88616203e+03 -6.02544340e+04  1.27120071e+02 -2.43866516e+04 
 1.68936220e+06  9.86217915e+03 -5.89920541e+04  1.26613967e+02 -2.38369759e+04 
 1.72831844e+06  9.83727309e+03 -5.77598429e+04  1.26130389e+02 -2.32996899e+04 
 1.76817299e+06  9.81140821e+03 -5.65571291e+04  1.25668434e+02 -2.27745142e+04 
 1.80894658e+06  9.78454802e+03 -5.53832550e+04  1.25226987e+02 -2.22611759e+04 
 1.85066040e+06  9.75665569e+03 -5.42375760e+04  1.24805256e+02 -2.17594082e+04 
 1.89333613e+06  9.72769362e+03 -5.31194603e+04  1.24402326e+02 -2.12689503e+04 
 1.93699595e+06  9.69762373e+03 -5.20282885e+04  1.24017344e+02 -2.07895472e+04 
 1.98166255e+06  9.66640738e+03 -5.09634532e+04  1.23649546e+02 -2.03209498e+04 
 2.02735916e+06  9.63400563e+03 -4.99243584e+04  1.23298123e+02 -1.98629145e+04 
 2.07410951e+06  9.60037905e+03 -4.89104193e+04  1.22962333e+02 -1.94152032e+04 
 2.12193792e+06  9.56548793e+03 -4.79210621e+04  1.22641532e+02 -1.89775833e+04 
 2.17086923e+06  9.52929238e+03 -4.69557230e+04  1.22335052e+02 -1.85498273e+04 
 2.22092889e+06  9.49175228e+03 -4.60138487e+04  1.22042209e+02 -1.81317128e+04 
 2.27214291e+06  9.45282751e+03 -4.50948953e+04  1.21762413e+02 -1.77230226e+04 
 2.32453791e+06  9.41247801e+03 -4.41983282e+04  1.21495121e+02 -1.73235441e+04 
 2.37814113e+06  9.37066384e+03 -4.33236221e+04  1.21239704e+02 -1.69330699e+04 
 2.43298042e+06  9.32734536e+03 -4.24702599e+04  1.20995687e+02 -1.65513968e+04 
 2.48908429e+06  9.28248340e+03 -4.16377332e+04  1.20762551e+02 -1.61783266e+04 
 2.54648190e+06  9.23603923e+03 -4.08255415e+04  1.20539808e+02 -1.58136653e+04 
 2.60520309e+06  9.18797493e+03 -4.00331921e+04  1.20326981e+02 -1.54572234e+04 
 2.66527837e+06  9.13825335e+03 -3.92601995e+04  1.20123632e+02 -1.51088157e+04 
 2.72673897e+06  9.08683854e+03 -3.85060855e+04  1.19929369e+02 -1.47682609e+04 
 2.78961683e+06  9.03369556e+03 -3.77703791e+04  1.19743746e+02 -1.44353822e+04 
 2.85394464e+06  8.97879101e+03 -3.70526153e+04  1.19566412e+02 -1.41100065e+04 
 2.91975583e+06  8.92209300e+03 -3.63523362e+04  1.19396978e+02 -1.37919647e+04 
 2.98708461e+06  8.86357149e+03 -3.56690898e+04  1.19235089e+02 -1.34810915e+04 
 3.05596598e+06  8.80319848e+03 -3.50024301e+04  1.19080406e+02 -1.31772253e+04 
 3.12643573e+06  8.74094817e+03 -3.43519170e+04  1.18932627e+02 -1.28802081e+04 
 3.19853049e+06  8.67679723e+03 -3.37171162e+04  1.18791443e+02 -1.25898857e+04 
 3.27228774e+06  8.61072497e+03 -3.30975990e+04  1.18656539e+02 -1.23061070e+04 
 3.34774581e+06  8.54271369e+03 -3.24929421e+04  1.18527647e+02 -1.20287246e+04 
 3.42494392e+06  8.47274877e+03 -3.19027276e+04  1.18404491e+02 -1.17575943e+04 
 3.50392221e+06  8.40081906e+03 -3.13265429e+04  1.18286837e+02 -1.14925752e+04 
 3.58472171e+06  8.32691698e+03 -3.07639809e+04  1.18174434e+02 -1.12335296e+04 
 3.66738442e+06  8.25103873e+03 -3.02146398e+04  1.18067024e+02 -1.09803227e+04 
 3.75195331e+06  8.17318471e+03 -2.96781228e+04  1.17964423e+02 -1.07328230e+04 
 3.83847234e+06  8.09335946e+03 -2.91540389e+04  1.17866370e+02 -1.04909019e+04 
 3.92698648e+06  8.01157211e+03 -2.86420023e+04  1.17772691e+02 -1.02544336e+04 
 4.01754173e+06  7.92783646e+03 -2.81416328e+04  1.17683193e+02 -1.00232952e+04 
 4.11018515e+06  7.84217109e+03 -2.76525560e+04  1.17597674e+02 -9.79736654e+03 
 4.20496491e+06  7.75459966e+03 -2.71744032e+04  1.17515973e+02 -9.57653023e+03 
 4.30193027e+06  7.66515100e+03 -2.67068117e+04  1.17437906e+02 -9.36067146e+03 
 4.40113162e+06  7.57385918e+03 -2.62494249e+04  1.17363326e+02 -9.14967804e+03 
 4.50262052e+06  7.48076358e+03 -2.58018930e+04  1.17292063e+02 -8.94344030e+03 
 4.60644974e+06  7.38590915e+03 -2.53638724e+04  1.17223975e+02 -8.74185106e+03 
 4.71267322e+06  7.28934619e+03 -2.49350266e+04  1.17158923e+02 -8.54480553e+03 
 4.82134619e+06  7.19113054e+03 -2.45150262e+04  1.17096765e+02 -8.35220129e+03 
 4.93252513e+06  7.09132349e+03 -2.41035493e+04  1.17037383e+02 -8.16393824e+03 
 5.04626783e+06  6.98999169e+03 -2.37002816e+04  1.16980640e+02 -7.97991852e+03 
 5.16263340e+06  6.88720712e+03 -2.33049170e+04  1.16926423e+02 -7.80004649e+03 
 5.28168234e+06  6.78304692e+03 -2.29171574e+04  1.16874625e+02 -7.62422864e+03 
 5.40347650e+06  6.67759322e+03 -2.25367135e+04  1.16825131e+02 -7.45237361e+03 
 5.52807921e+06  6.57093299e+03 -2.21633049e+04  1.16777845e+02 -7.28439207e+03 
 5.65555523e+06  6.46315771e+03 -2.17966599e+04  1.16732660e+02 -7.12019669e+03 
 5.78597080e+06  6.35436317e+03 -2.14365168e+04  1.16689488e+02 -6.95970215e+03 
 5.91939372e+06  6.24464914e+03 -2.10826229e+04  1.16648238e+02 -6.80282502e+03 
 6.05589334e+06  6.13411904e+03 -2.07347358e+04  1.16608823e+02 -6.64948377e+03 
 6.19554061e+06  6.02287954e+03 -2.03926229e+04  1.16571164e+02 -6.49959868e+03 
 6.33840810e+06  5.91104021e+03 -2.00560616e+04  1.16535180e+02 -6.35309186e+03 
 6.48457008e+06  5.79871306e+03 -1.97248400e+04  1.16500798e+02 -6.20988716e+03 
 6.63410251e+06  5.68601210e+03 -1.93987564e+04  1.16467943e+02 -6.06991014e+03 
 6.78708313e+06  5.57305294e+03 -1.90776195e+04  1.16436553e+02 -5.93308805e+03 
 6.94359143e+06  5.45995221e+03 -1.87612486e+04  1.16406555e+02 -5.79934977e+03 
 7.10370877e+06  5.34682721e+03 -1.84494734e+04  1.16377893e+02 -5.66862580e+03 
 7.26751838e+06  5.23379530e+03 -1.81421341e+04  1.16350503e+02 -5.54084817e+03 
 7.43510539e+06  5.12097350e+03 -1.78390812e+04  1.16324335e+02 -5.41595049e+03 
 7.60655691e+06  5.00847793e+03 -1.75401753e+04  1.16299322e+02 -5.29386783e+03 
 7.78196206e+06  4.89642344e+03 -1.72452872e+04  1.16275425e+02 -5.17453674e+03 
 7.96141200e+06  4.78492302e+03 -1.69542973e+04  1.16252588e+02 -5.05789519e+03 
 8.14500001e+06  4.67408743e+03 -1.66670956e+04  1.16230764e+02 -4.94388256e+03 
 8.33282151e+06  4.56402475e+03 -1.63835815e+04  1.16209907e+02 -4.83243959e+03 
 8.52497412e+06  4.45483999e+03 -1.61036632e+04  1.16189977e+02 -4.72350835e+03 
 8.72155772e+06  4.34663467e+03 -1.58272575e+04  1.16170931e+02 -4.61703222e+03 
 8.92267449e+06  4.23950646e+03 -1.55542895e+04  1.16152723e+02 -4.51295587e+03 
 9.12842895e+06  4.13354895e+03 -1.52846919e+04  1.16135326e+02 -4.41122519e+03 
 9.33892805e+06  4.02885126e+03 -1.50184051e+04  1.16118697e+02 -4.31178731e+03 
 9.55428121e+06  3.92549783e+03 -1.47553763e+04  1.16102803e+02 -4.21459055e+03 
 9.77460036e+06  3.82356820e+03 -1.44955591e+04  1.16087612e+02 -4.11958438e+03 
 1.00000000e+07  3.72313680e+03 -1.42389134e+04  1.16073091e+02 -4.02671943e+03 
 1.02305973e+07  3.62427285e+03 -1.39854044e+04  1.16059209e+02 -3.93594742e+03 
 1.04665121e+07  3.52704022e+03 -1.37350026e+04  1.16045941e+02 -3.84722118e+03 
 1.07078670e+07  3.43149736e+03 -1.34876832e+04  1.16033254e+02 -3.76049459e+03 
 1.09547876e+07  3.33769725e+03 -1.32434254e+04  1.16021126e+02 -3.67572257e+03 
 1.12074020e+07  3.24568743e+03 -1.30022123e+04  1.16009530e+02 -3.59286106e+03 
 1.14658417e+07  3.15550996e+03 -1.27640302e+04  1.15998443e+02 -3.51186699e+03 
 1.17302409e+07  3.06720154e+03 -1.25288682e+04  1.15987841e+02 -3.43269826e+03 
 1.20007371e+07  2.98079356e+03 -1.22967181e+04  1.15977701e+02 -3.35531372e+03 
 1.22774708e+07  2.89631222e+03 -1.20675736e+04  1.15968005e+02 -3.27967315e+03 
 1.25605860e+07  2.81377863e+03 -1.18414299e+04  1.15958729e+02 -3.20573724e+03 
 1.28502297e+07  2.73320900e+03 -1.16182839e+04  1.15949856e+02 -3.13346755e+03 
 1.31465525e+07  2.65461480e+03 -1.13981332e+04  1.15941368e+02 -3.06282653e+03 
 1.34497085e+07  2.57800293e+03 -1.11809762e+04  1.15933246e+02 -2.99377744e+03 
 1.37598551e+07  2.50337594e+03 -1.09668118e+04  1.15925474e+02 -2.92628442e+03 
 1.40771537e+07  2.43073224e+03 -1.07556386e+04  1.15918037e+02 -2.86031236e+03 
 1.44017690e+07  2.36006630e+03 -1.05474557e+04  1.15910916e+02 -2.79582699e+03 
 1.47338699e+07  2.29136890e+03 -1.03422614e+04  1.15904100e+02 -2.73279478e+03 
 1.50736290e+07  2.22462733e+03 -1.01400536e+04  1.15897573e+02 -2.67118297e+03 
 1.54212228e+07  2.15982568e+03 -9.94082968e+03  1.15891321e+02 -2.61095953e+03 
 1.57768320e+07  2.09694500e+03 -9.74458588e+03  1.15885333e+02 -2.55209318e+03 
 1.61406415e+07  2.03596361e+03 -9.55131765e+03  1.15879596e+02 -2.49455330e+03 
 1.65128404e+07  1.97685725e+03 -9.36101932e+03  1.15874097e+02 -2.43830998e+03 
 1.68936220e+07  1.91959939e+03 -9.17368401e+03  1.15868825e+02 -2.38333400e+03 
 1.72831844e+07  1.86416140e+03 -8.98930361e+03  1.15863770e+02 -2.32959678e+03 
 1.76817299e+07  1.81051277e+03 -8.80786869e+03  1.15858921e+02 -2.27707038e+03 
 1.80894658e+07  1.75862133e+03 -8.62936848e+03  1.15854268e+02 -2.22572751e+03 
 1.85066040e+07  1.70845346e+03 -8.45379083e+03  1.15849801e+02 -2.17554148e+03 
 1.89333613e+07  1.65997428e+03 -8.28112218e+03  1.15845512e+02 -2.12648619e+03 
 1.93699595e+07  1.61314779e+03 -8.11134761e+03  1.15841392e+02 -2.07853615e+03 
 1.98166255e+07  1.56793713e+03 -7.94445078e+03  1.15837431e+02 -2.03166644e+03 
 2.02735916e+07  1.52430467e+03 -7.78041401e+03  1.15833623e+02 -1.98585269e+03 
 2.07410951e+07  1.48221220e+03 -7.61921827e+03  1.15829960e+02 -1.94107109e+03 
 2.12193792e+07  1.44162107e+03 -7.46084322e+03  1.15826433e+02 -1.89729837e+03 
 2.17086923e+07  1.40249233e+03 -7.30526726e+03  1.15823037e+02 -1.85451175e+03 
 2.22092889e+07  1.36478686e+03 -7.15246758e+03  1.15819764e+02 -1.81268902e+03 
 2.27214291e+07  1.32846548e+03 -7.00242018e+03  1.15816607e+02 -1.77180842e+03 
 2.32453791e+07  1.29348906e+03 -6.85509995e+03  1.15813560e+02 -1.73184870e+03 
 2.37814113e+07  1.25981861e+03 -6.71048076e+03  1.15810619e+02 -1.69278909e+03 
 2.43298042e+07  1.22741542e+03 -6.56853543e+03  1.15807776e+02 -1.65460929e+03 
 2.48908429e+07  1.19624106e+03 -6.42923588e+03  1.15805026e+02 -1.61728945e+03 
 2.54648190e+07  1.16625753e+03 -6.29255315e+03  1.15802364e+02 -1.58081016e+03 
 2.60520309e+07  1.13742729e+03 -6.15845747e+03  1.15799785e+02 -1.54515246e+03 
 2.66527837e+07  1.10971332e+03 -6.02691833e+03  1.15797284e+02 -1.51029782e+03 
 2.72673897e+07  1.08307918e+03 -5.89790453e+03  1.15794857e+02 -1.47622811e+03 
 2.78961683e+07  1.05748907e+03 -5.77138427e+03  1.15792500e+02 -1.44292563e+03 
 2.85394464e+07  1.03290785e+03 -5.64732518e+03  1.15790207e+02 -1.41037304e+03 
 2.91975583e+07  1.00930107e+03 -5.52569440e+03  1.15787976e+02 -1.37855344e+03 
 2.98708461e+07  9.86635021e+02 -5.40645862e+03  1.15785803e+02 -1.34745027e+03 
 3.05596598e+07  9.64876751e+02 -5.28958418e+03  1.15783683e+02 -1.31704737e+03 
 3.12643573e+07  9.43994080e+02 -5.17503707e+03  1.15781614e+02 -1.28732891e+03 
 3.19853049e+07  9.23955619e+02 -5.06278304e+03  1.15779593e+02 -1.25827946e+03 
 3.27228774e+07  9.04730779e+02 -4.95278760e+03  1.15777618e+02 -1.22988389e+03 
 3.34774581e+07  8.86289786e+02 -4.84501609e+03  1.15775684e+02 -1.20212745e+03 
 3.42494392e+07  8.68603677e+02 -4.73943376e+03  1.15773791e+02 -1.17499570e+03 
 3.50392221e+07  8.51644308e+02 -4.63600577e+03  1.15771937e+02 -1.14847452e+03 
 3.58472171e+07  8.35384350e+02 -4.53469723e+03  1.15770118e+02 -1.12255012e+03 
 3.66738442e+07  8.19797291e+02 -4.43547329e+03  1.15768335e+02 -1.09720901e+03 
 3.75195331e+07  8.04857423e+02 -4.33829913e+03  1.15766586e+02 -1.07243801e+03 
 3.83847234e+07  7.90539841e+02 -4.24314003e+03  1.15764870e+02 -1.04822423e+03 
 3.92698648e+07  7.76820430e+02 -4.14996137e+03  1.15763187e+02 -1.02455507e+03 
 4.01754173e+07  7.63675855e+02 -4.05872869e+03  1.15761537e+02 -1.00141821e+03 
 4.11018515e+07  7.51083554e+02 -3.96940773e+03  1.15759921e+02 -9.78801603e+02 
 4.20496491e+07  7.39021719e+02 -3.88196439e+03  1.15758339e+02 -9.56693483e+02 
 4.30193027e+07  7.27469284e+02 -3.79636485e+03  1.15756794e+02 -9.35082335e+02 
 4.40113162e+07  7.16405909e+02 -3.71257554e+03  1.15755287e+02 -9.13956905e+02 
 4.50262052e+07  7.05811969e+02 -3.63056314e+03  1.15753822e+02 -8.93306189e+02 
 4.60644974e+07  6.95668531e+02 -3.55029466e+03  1.15752403e+02 -8.73119429e+02 
 4.71267322e+07  6.85957345e+02 -3.47173743e+03  1.15751034e+02 -8.53386105e+02 
 4.82134619e+07  6.76660818e+02 -3.39485909e+03  1.15749721e+02 -8.34095930e+02 
 4.93252513e+07  6.67762006e+02 -3.31962766e+03  1.15748471e+02 -8.15238846e+02 
 5.04626783e+07  6.59244590e+02 -3.24601150e+03  1.15747291e+02 -7.96805017e+02 
 5.16263340e+07  6.51092861e+02 -3.17397936e+03  1.15746193e+02 -7.78784825e+02 
 5.28168234e+07  6.43291704e+02 -3.10350038e+03  1.15745186e+02 -7.61168864e+02 
 5.40347650e+07  6.35826577e+02 -3.03454410e+03  1.15744284e+02 -7.43947932e+02 
 5.52807921e+07  6.28683494e+02 -2.96708045e+03  1.15743502e+02 -7.27113031e+02 
 5.65555523e+07  6.21849012e+02 -2.90107979e+03  1.15742858e+02 -7.10655361e+02 
 5.78597080e+07  6.15310207e+02 -2.83651289e+03  1.15742372e+02 -6.94566310e+02 
 5.91939372e+07  6.09054664e+02 -2.77335096e+03  1.15742067e+02 -6.78837457e+02 
 6.05589334e+07  6.03070454e+02 -2.71156562e+03  1.15741971e+02 -6.63460559e+02 
 6.19554061e+07  5.97346124e+02 -2.65112894e+03  1.15742114e+02 -6.48427554e+02 
 6.33840810e+07  5.91870674e+02 -2.59201343e+03  1.15742531e+02 -6.33730550e+02 
 6.48457008e+07  5.86633547e+02 -2.53419202e+03  1.15743264e+02 -6.19361824e+02 
 6.63410251e+07  5.81624610e+02 -2.47763809e+03  1.15744360e+02 -6.05313816e+02 
 6.78708313e+07  5.76834139e+02 -2.42232546e+03  1.15745872e+02 -5.91579127e+02 
 6.94359143e+07  5.72252808e+02 -2.36822839e+03  1.15747862e+02 -5.78150509e+02 
 7.10370877e+07  5.67871668e+02 -2.31532158e+03  1.15750401e+02 -5.65020865e+02 
 7.26751838e+07  5.63682141e+02 -2.26358017e+03  1.15753570e+02 -5.52183244e+02 
 7.43510539e+07  5.59675999e+02 -2.21297974e+03  1.15757464e+02 -5.39630835e+02 
 7.60655691e+07  5.55845354e+02 -2.16349629e+03  1.15762190e+02 -5.27356963e+02 
 7.78196206e+07  5.52182648e+02 -2.11510627e+03  1.15767874e+02 -5.15355086e+02 
 7.96141200e+07  5.48680632e+02 -2.06778654e+03  1.15774657e+02 -5.03618788e+02 
 8.14500001e+07  5.45332366e+02 -2.02151440e+03  1.15782706e+02 -4.92141777e+02 
 8.33282151e+07  5.42131194e+02 -1.97626758e+03  1.15792211e+02 -4.80917880e+02 
 8.52497412e+07  5.39070745e+02 -1.93202421e+03  1.15803395e+02 -4.69941038e+02 
 8.72155772e+07  5.36144912e+02 -1.88876284e+03  1.15816513e+02 -4.59205302e+02 
 8.92267449e+07  5.33347848e+02 -1.84646244e+03  1.15831861e+02 -4.48704830e+02 
 9.12842895e+07  5.30673954e+02 -1.80510238e+03  1.15849786e+02 -4.38433885e+02 
 9.33892805e+07  5.28117866e+02 -1.76466242e+03  1.15870687e+02 -4.28386828e+02 
 9.55428121e+07  5.25674450e+02 -1.72512274e+03  1.15895031e+02 -4.18558119e+02 
 9.77460036e+07  5.23338789e+02 -1.68646388e+03  1.15923363e+02 -4.08942312e+02 
 1.00000000e+08  5.21106179e+02 -1.64866679e+03  1.15956316e+02 -3.99534060e+02 
 1.02305973e+08  5.18972113e+02 -1.61171279e+03  1.15994630e+02 -3.90328112e+02 
 1.04665121e+08  5.16932280e+02 -1.57558359e+03  1.16039173e+02 -3.81319319e+02 
 1.07078670e+08  5.14982554e+02 -1.54026124e+03  1.16090954e+02 -3.72502641e+02 
 1.09547876e+08  5.13118984e+02 -1.50572819e+03  1.16151156e+02 -3.63873157e+02 
 1.12074020e+08  5.11337793e+02 -1.47196722e+03  1.16221161e+02 -3.55426086e+02 
 1.14658417e+08  5.09635364e+02 -1.43896148e+03  1.16302582e+02 -3.47156811e+02 
 1.17302409e+08  5.08008237e+02 -1.40669445e+03  1.16397296e+02 -3.39060912e+02 
 1.20007371e+08  5.06453101e+02 -1.37514997e+03  1.16507485e+02 -3.31134223e+02 
 1.22774708e+08  5.04966790e+02 -1.34431222e+03  1.16635667e+02 -3.23372895e+02 
 1.25605860e+08  5.03546274e+02 -1.31416568e+03  1.16784736e+02 -3.15773486e+02 
 1.28502297e+08  5.02188655e+02 -1.28469519e+03  1.16957978e+02 -3.08333085e+02 
 1.31465525e+08  5.00891160e+02 -1.25588588e+03  1.17159082e+02 -3.01049461e+02 
 1.34497085e+08  4.99651140e+02 -1.22772321e+03  1.17392108e+02 -2.93921256e+02 
 1.37598551e+08  4.98466056e+02 -1.20019296e+03  1.17661404e+02 -2.86948216e+02 
 1.40771537e+08  4.97333485e+02 -1.17328117e+03  1.17971447e+02 -2.80131458e+02 
 1.44017690e+08  4.96251106e+02 -1.14697423e+03  1.18326560e+02 -2.73473755e+02 
 1.47338699e+08  4.95216700e+02 -1.12125878e+03  1.18730491e+02 -2.66979808e+02 
 1.50736290e+08  4.94228148e+02 -1.09612176e+03  1.19185789e+02 -2.60656429e+02 
 1.54212228e+08  4.93283419e+02 -1.07155040e+03  1.19692990e+02 -2.54512556e+02 
 1.57768320e+08  4.92380575e+02 -1.04753219e+03  1.20249636e+02 -2.48558959e+02 
 1.61406415e+08  4.91517760e+02 -1.02405490e+03  1.20849225e+02 -2.42807492e+02 
 1.65128404e+08  4.90693201e+02 -1.00110656e+03  1.21480325e+02 -2.37269780e+02 
 1.68936220e+08  4.89905202e+02 -9.78675464e+02  1.22126155e+02 -2.31955346e+02 
 1.72831844e+08  4.89152141e+02 -9.56750151e+02  1.22765008e+02 -2.26869357e+02 
 1.76817299e+08  4.88432469e+02 -9.35319418e+02  1.23371766e+02 -2.22010444e+02 
 1.80894658e+08  4.87744703e+02 -9.14372305e+02  1.23920507e+02 -2.17369209e+02 
 1.85066040e+08  4.87087426e+02 -8.93898091e+02  1.24387786e+02 -2.12928022e+02 
 1.89333613e+08  4.86459283e+02 -8.73886289e+02  1.24755826e+02 -2.08662404e+02 
 1.93699595e+08  4.85858980e+02 -8.54326644e+02  1.25014763e+02 -2.04543766e+02 
 1.98166255e+08  4.85285277e+02 -8.35209124e+02  1.25163379e+02 -2.00542813e+02 
 2.02735916e+08  4.84736991e+02 -8.16523920e+02  1.25208251e+02 -1.96632734e+02 
 2.07410951e+08  4.84212990e+02 -7.98261437e+02  1.25161767e+02 -1.92791477e+02 
 2.12193792e+08  4.83712192e+02 -7.80412295e+02  1.25039669e+02 -1.89002807e+02 
 2.17086923e+08  4.83233563e+02 -7.62967320e+02  1.24858737e+02 -1.85256268e+02 
 2.22092889e+08  4.82776113e+02 -7.45917539e+02  1.24635025e+02 -1.81546386e+02 
 2.27214291e+08  4.82338898e+02 -7.29254183e+02  1.24382741e+02 -1.77871522e+02 
 2.32453791e+08  4.81921013e+02 -7.12968673e+02  1.24113727e+02 -1.74232682e+02 
 2.37814113e+08  4.81521594e+02 -6.97052624e+02  1.23837370e+02 -1.70632474e+02 
 2.43298042e+08  4.81139815e+02 -6.81497836e+02  1.23560789e+02 -1.67074304e+02 
 2.48908429e+08  4.80774887e+02 -6.66296294e+02  1.23289149e+02 -1.63561803e+02 
 2.54648190e+08  4.80426053e+02 -6.51440159e+02  1.23026028e+02 -1.60098456e+02 
 2.60520309e+08  4.80092593e+02 -6.36921771e+02  1.22773752e+02 -1.56687391e+02 
 2.66527837e+08  4.79773815e+02 -6.22733638e+02  1.22533702e+02 -1.53331270e+02 
 2.72673897e+08  4.79469060e+02 -6.08868438e+02  1.22306562e+02 -1.50032260e+02 
 2.78961683e+08  4.79177697e+02 -5.95319013e+02  1.22092513e+02 -1.46792046e+02 
 2.85394464e+08  4.78899121e+02 -5.82078367e+02  1.21891391e+02 -1.43611864e+02 
 2.91975583e+08  4.78632757e+02 -5.69139658e+02  1.21702799e+02 -1.40492552e+02 
 2.98708461e+08  4.78378051e+02 -5.56496203e+02  1.21526190e+02 -1.37434605e+02 
 3.05596598e+08  4.78134477e+02 -5.44141465e+02  1.21360933e+02 -1.34438218e+02 
 3.12643573e+08  4.77901529e+02 -5.32069059e+02  1.21206351e+02 -1.31503342e+02 
 3.19853049e+08  4.77678724e+02 -5.20272740e+02  1.21061757e+02 -1.28629722e+02 
 3.27228774e+08  4.77465600e+02 -5.08746409e+02  1.20926470e+02 -1.25816929e+02 
 3.34774581e+08  4.77261716e+02 -4.97484101e+02  1.20799833e+02 -1.23064402e+02 
 3.42494392e+08  4.77066649e+02 -4.86479990e+02  1.20681217e+02 -1.20371463e+02 
 3.50392221e+08  4.76879994e+02 -4.75728379e+02  1.20570030e+02 -1.17737351e+02 
 3.58472171e+08  4.76701363e+02 -4.65223703e+02  1.20465714e+02 -1.15161230e+02 
 3.66738442e+08  4.76530387e+02 -4.54960524e+02  1.20367753e+02 -1.12642214e+02 
 3.75195331e+08  4.76366711e+02 -4.44933526e+02  1.20275666e+02 -1.10179373e+02 
 3.83847234e+08  4.76209995e+02 -4.35137515e+02  1.20189007e+02 -1.07771748e+02 
 3.92698648e+08  4.76059914e+02 -4.25567419e+02  1.20107367e+02 -1.05418360e+02 
 4.01754173e+08  4.75916156e+02 -4.16218277e+02  1.20030366e+02 -1.03118215e+02 
 4.11018515e+08  4.75778423e+02 -4.07085245e+02  1.19957657e+02 -1.00870312e+02 
 4.20496491e+08  4.75646429e+02 -3.98163590e+02  1.19888918e+02 -9.86736456e+01 
 4.30193027e+08  4.75519901e+02 -3.89448687e+02  1.19823855e+02 -9.65272142e+01 
 4.40113162e+08  4.75398576e+02 -3.80936018e+02  1.19762197e+02 -9.44300196e+01 
 4.50262052e+08  4.75282201e+02 -3.72621170e+02  1.19703693e+02 -9.23810718e+01 
 4.60644974e+08  4.75170535e+02 -3.64499830e+02  1.19648114e+02 -9.03793903e+01 
 4.71267322e+08  4.75063347e+02 -3.56567787e+02  1.19595248e+02 -8.84240064e+01 
 4.82134619e+08  4.74960413e+02 -3.48820926e+02  1.19544901e+02 -8.65139643e+01 
 4.93252513e+08  4.74861521e+02 -3.41255229e+02  1.19496893e+02 -8.46483226e+01 
 5.04626783e+08  4.74766464e+02 -3.33866769e+02  1.19451058e+02 -8.28261550e+01 
 5.16263340e+08  4.74675046e+02 -3.26651714e+02  1.19407243e+02 -8.10465508e+01 
 5.28168234e+08  4.74587077e+02 -3.19606320e+02  1.19365306e+02 -7.93086161e+01 
 5.40347650e+08  4.74502374e+02 -3.12726928e+02  1.19325118e+02 -7.76114735e+01 
 5.52807921e+08  4.74420761e+02 -3.06009970e+02  1.19286556e+02 -7.59542626e+01 
 5.65555523e+08  4.74342069e+02 -2.99451957e+02  1.19249509e+02 -7.43361406e+01 
 5.78597080e+08  4.74266134e+02 -2.93049484e+02  1.19213872e+02 -7.27562817e+01 
 5.91939372e+08  4.74192799e+02 -2.86799228e+02  1.19179549e+02 -7.12138775e+01 
 6.05589334e+08  4.74121912e+02 -2.80697942e+02  1.19146451e+02 -6.97081372e+01 
 6.19554061e+08  4.74053326e+02 -2.74742457e+02  1.19114492e+02 -6.82382871e+01 
 6.33840810e+08  4.73986897e+02 -2.68929680e+02  1.19083597e+02 -6.68035706e+01 
 6.48457008e+08  4.73922490e+02 -2.63256591e+02  1.19053691e+02 -6.54032483e+01 
 6.63410251e+08  4.73859968e+02 -2.57720242e+02  1.19024706e+02 -6.40365975e+01 
 6.78708313e+08  4.73799205e+02 -2.52317756e+02  1.18996580e+02 -6.27029123e+01 
 6.94359143e+08  4.73740072e+02 -2.47046326e+02  1.18969251e+02 -6.14015031e+01 
 7.10370877e+08  4.73682448e+02 -2.41903210e+02  1.18942665e+02 -6.01316966e+01 
 7.26751838e+08  4.73626213e+02 -2.36885736e+02  1.18916768e+02 -5.88928355e+01 
 7.43510539e+08  4.73571251e+02 -2.31991295e+02  1.18891510e+02 -5.76842782e+01 
 7.60655691e+08  4.73517448e+02 -2.27217340e+02  1.18866843e+02 -5.65053986e+01 
 7.78196206e+08  4.73464693e+02 -2.22561388e+02  1.18842723e+02 -5.53555858e+01 
 7.96141200e+08  4.73412876e+02 -2.18021018e+02  1.18819108e+02 -5.42342440e+01 
 8.14500001e+08  4.73361890e+02 -2.13593865e+02  1.18795956e+02 -5.31407918e+01 
 8.33282151e+08  4.73311630e+02 -2.09277627e+02  1.18773229e+02 -5.20746624e+01 
 8.52497412e+08  4.73261992e+02 -2.05070055e+02  1.18750888e+02 -5.10353032e+01 
 8.72155772e+08  4.73212874e+02 -2.00968958e+02  1.18728899e+02 -5.00221753e+01 
 8.92267449e+08  4.73164174e+02 -1.96972200e+02  1.18707226e+02 -4.90347535e+01 
 9.12842895e+08  4.73115792e+02 -1.93077697e+02  1.18685836e+02 -4.80725260e+01 
 9.33892805e+08  4.73067629e+02 -1.89283421e+02  1.18664695e+02 -4.71349939e+01 
 9.55428121e+08  4.73019585e+02 -1.85587392e+02  1.18643772e+02 -4.62216711e+01 
 9.77460036e+08  4.72971562e+02 -1.81987682e+02  1.18623035e+02 -4.53320841e+01 
 1.00000000e+09  4.72923460e+02 -1.78482411e+02  1.18602453e+02 -4.44657718e+01 
