 frequency       v(Zin_cm)       v(Zin_cm)      
 1.00000000e-02  5.80906133e+05 -2.33593953e-02 
 1.02305973e-02  5.80906133e+05 -2.38980567e-02 
 1.04665121e-02  5.80906133e+05 -2.44491394e-02 
 1.07078670e-02  5.80906133e+05 -2.50129300e-02 
 1.09547876e-02  5.80906133e+05 -2.55897214e-02 
 1.12074020e-02  5.80906133e+05 -2.61798134e-02 
 1.14658417e-02  5.80906133e+05 -2.67835129e-02 
 1.17302409e-02  5.80906133e+05 -2.74011334e-02 
 1.20007371e-02  5.80906133e+05 -2.80329962e-02 
 1.22774708e-02  5.80906133e+05 -2.86794295e-02 
 1.25605860e-02  5.80906133e+05 -2.93407694e-02 
 1.28502297e-02  5.80906133e+05 -3.00173596e-02 
 1.31465525e-02  5.80906133e+05 -3.07095518e-02 
 1.34497085e-02  5.80906133e+05 -3.14177058e-02 
 1.37598551e-02  5.80906133e+05 -3.21421896e-02 
 1.40771537e-02  5.80906133e+05 -3.28833798e-02 
 1.44017690e-02  5.80906133e+05 -3.36416616e-02 
 1.47338699e-02  5.80906133e+05 -3.44174293e-02 
 1.50736290e-02  5.80906133e+05 -3.52110859e-02 
 1.54212228e-02  5.80906133e+05 -3.60230440e-02 
 1.57768320e-02  5.80906133e+05 -3.68537257e-02 
 1.61406415e-02  5.80906133e+05 -3.77035626e-02 
 1.65128404e-02  5.80906133e+05 -3.85729966e-02 
 1.68936220e-02  5.80906133e+05 -3.94624795e-02 
 1.72831844e-02  5.80906133e+05 -4.03724736e-02 
 1.76817299e-02  5.80906133e+05 -4.13034519e-02 
 1.80894658e-02  5.80906133e+05 -4.22558984e-02 
 1.85066040e-02  5.80906133e+05 -4.32303080e-02 
 1.89333613e-02  5.80906133e+05 -4.42271872e-02 
 1.93699595e-02  5.80906133e+05 -4.52470542e-02 
 1.98166255e-02  5.80906133e+05 -4.62904390e-02 
 2.02735916e-02  5.80906133e+05 -4.73578840e-02 
 2.07410951e-02  5.80906133e+05 -4.84499440e-02 
 2.12193792e-02  5.80906133e+05 -4.95671867e-02 
 2.17086923e-02  5.80906133e+05 -5.07101926e-02 
 2.22092889e-02  5.80906133e+05 -5.18795559e-02 
 2.27214291e-02  5.80906133e+05 -5.30758845e-02 
 2.32453791e-02  5.80906133e+05 -5.42998000e-02 
 2.37814113e-02  5.80906133e+05 -5.55519388e-02 
 2.43298042e-02  5.80906133e+05 -5.68329515e-02 
 2.48908429e-02  5.80906133e+05 -5.81435040e-02 
 2.54648190e-02  5.80906133e+05 -5.94842775e-02 
 2.60520309e-02  5.80906133e+05 -6.08559688e-02 
 2.66527837e-02  5.80906133e+05 -6.22592910e-02 
 2.72673897e-02  5.80906133e+05 -6.36949735e-02 
 2.78961683e-02  5.80906133e+05 -6.51637623e-02 
 2.85394464e-02  5.80906133e+05 -6.66664211e-02 
 2.91975583e-02  5.80906133e+05 -6.82037308e-02 
 2.98708461e-02  5.80906133e+05 -6.97764904e-02 
 3.05596598e-02  5.80906133e+05 -7.13855174e-02 
 3.12643573e-02  5.80906133e+05 -7.30316481e-02 
 3.19853049e-02  5.80906133e+05 -7.47157382e-02 
 3.27228774e-02  5.80906133e+05 -7.64386629e-02 
 3.34774581e-02  5.80906133e+05 -7.82013179e-02 
 3.42494392e-02  5.80906133e+05 -8.00046191e-02 
 3.50392221e-02  5.80906133e+05 -8.18495040e-02 
 3.58472171e-02  5.80906133e+05 -8.37369315e-02 
 3.66738442e-02  5.80906133e+05 -8.56678825e-02 
 3.75195331e-02  5.80906133e+05 -8.76433607e-02 
 3.83847234e-02  5.80906133e+05 -8.96643929e-02 
 3.92698648e-02  5.80906133e+05 -9.17320296e-02 
 4.01754173e-02  5.80906133e+05 -9.38473454e-02 
 4.11018515e-02  5.80906133e+05 -9.60114399e-02 
 4.20496491e-02  5.80906133e+05 -9.82254377e-02 
 4.30193027e-02  5.80906133e+05 -1.00490490e-01 
 4.40113162e-02  5.80906133e+05 -1.02807773e-01 
 4.50262052e-02  5.80906133e+05 -1.05178493e-01 
 4.60644974e-02  5.80906133e+05 -1.07603880e-01 
 4.71267322e-02  5.80906133e+05 -1.10085197e-01 
 4.82134619e-02  5.80906133e+05 -1.12623732e-01 
 4.93252513e-02  5.80906133e+05 -1.15220805e-01 
 5.04626783e-02  5.80906133e+05 -1.17877765e-01 
 5.16263340e-02  5.80906133e+05 -1.20595995e-01 
 5.28168234e-02  5.80906133e+05 -1.23376906e-01 
 5.40347650e-02  5.80906133e+05 -1.26221944e-01 
 5.52807921e-02  5.80906133e+05 -1.29132588e-01 
 5.65555523e-02  5.80906133e+05 -1.32110350e-01 
 5.78597080e-02  5.80906133e+05 -1.35156779e-01 
 5.91939372e-02  5.80906133e+05 -1.38273458e-01 
 6.05589334e-02  5.80906133e+05 -1.41462007e-01 
 6.19554061e-02  5.80906133e+05 -1.44724082e-01 
 6.33840810e-02  5.80906133e+05 -1.48061381e-01 
 6.48457008e-02  5.80906133e+05 -1.51475636e-01 
 6.63410251e-02  5.80906133e+05 -1.54968623e-01 
 6.78708313e-02  5.80906133e+05 -1.58542158e-01 
 6.94359143e-02  5.80906133e+05 -1.62198097e-01 
 7.10370877e-02  5.80906133e+05 -1.65938342e-01 
 7.26751838e-02  5.80906133e+05 -1.69764835e-01 
 7.43510539e-02  5.80906133e+05 -1.73679566e-01 
 7.60655691e-02  5.80906133e+05 -1.77684570e-01 
 7.78196206e-02  5.80906133e+05 -1.81781928e-01 
 7.96141200e-02  5.80906133e+05 -1.85973770e-01 
 8.14500001e-02  5.80906133e+05 -1.90262275e-01 
 8.33282151e-02  5.80906133e+05 -1.94649672e-01 
 8.52497412e-02  5.80906133e+05 -1.99138241e-01 
 8.72155772e-02  5.80906133e+05 -2.03730315e-01 
 8.92267449e-02  5.80906133e+05 -2.08428281e-01 
 9.12842895e-02  5.80906133e+05 -2.13234581e-01 
 9.33892805e-02  5.80906133e+05 -2.18151712e-01 
 9.55428121e-02  5.80906133e+05 -2.23182232e-01 
 9.77460036e-02  5.80906133e+05 -2.28328754e-01 
 1.00000000e-01  5.80906133e+05 -2.33593953e-01 
 1.02305973e-01  5.80906133e+05 -2.38980567e-01 
 1.04665121e-01  5.80906133e+05 -2.44491394e-01 
 1.07078670e-01  5.80906133e+05 -2.50129300e-01 
 1.09547876e-01  5.80906133e+05 -2.55897214e-01 
 1.12074020e-01  5.80906133e+05 -2.61798134e-01 
 1.14658417e-01  5.80906133e+05 -2.67835129e-01 
 1.17302409e-01  5.80906133e+05 -2.74011334e-01 
 1.20007371e-01  5.80906133e+05 -2.80329962e-01 
 1.22774708e-01  5.80906133e+05 -2.86794295e-01 
 1.25605860e-01  5.80906133e+05 -2.93407694e-01 
 1.28502297e-01  5.80906133e+05 -3.00173596e-01 
 1.31465525e-01  5.80906133e+05 -3.07095518e-01 
 1.34497085e-01  5.80906133e+05 -3.14177058e-01 
 1.37598551e-01  5.80906133e+05 -3.21421896e-01 
 1.40771537e-01  5.80906133e+05 -3.28833798e-01 
 1.44017690e-01  5.80906133e+05 -3.36416616e-01 
 1.47338699e-01  5.80906133e+05 -3.44174293e-01 
 1.50736290e-01  5.80906133e+05 -3.52110859e-01 
 1.54212228e-01  5.80906133e+05 -3.60230440e-01 
 1.57768320e-01  5.80906133e+05 -3.68537257e-01 
 1.61406415e-01  5.80906133e+05 -3.77035626e-01 
 1.65128404e-01  5.80906133e+05 -3.85729966e-01 
 1.68936220e-01  5.80906133e+05 -3.94624795e-01 
 1.72831844e-01  5.80906133e+05 -4.03724736e-01 
 1.76817299e-01  5.80906133e+05 -4.13034519e-01 
 1.80894658e-01  5.80906133e+05 -4.22558984e-01 
 1.85066040e-01  5.80906133e+05 -4.32303080e-01 
 1.89333613e-01  5.80906133e+05 -4.42271872e-01 
 1.93699595e-01  5.80906133e+05 -4.52470542e-01 
 1.98166255e-01  5.80906133e+05 -4.62904390e-01 
 2.02735916e-01  5.80906133e+05 -4.73578840e-01 
 2.07410951e-01  5.80906133e+05 -4.84499440e-01 
 2.12193792e-01  5.80906133e+05 -4.95671867e-01 
 2.17086923e-01  5.80906133e+05 -5.07101926e-01 
 2.22092889e-01  5.80906133e+05 -5.18795559e-01 
 2.27214291e-01  5.80906133e+05 -5.30758845e-01 
 2.32453791e-01  5.80906133e+05 -5.42998000e-01 
 2.37814113e-01  5.80906133e+05 -5.55519388e-01 
 2.43298042e-01  5.80906133e+05 -5.68329515e-01 
 2.48908429e-01  5.80906133e+05 -5.81435040e-01 
 2.54648190e-01  5.80906133e+05 -5.94842775e-01 
 2.60520309e-01  5.80906133e+05 -6.08559688e-01 
 2.66527837e-01  5.80906133e+05 -6.22592910e-01 
 2.72673897e-01  5.80906133e+05 -6.36949735e-01 
 2.78961683e-01  5.80906133e+05 -6.51637623e-01 
 2.85394464e-01  5.80906133e+05 -6.66664211e-01 
 2.91975583e-01  5.80906133e+05 -6.82037308e-01 
 2.98708461e-01  5.80906133e+05 -6.97764904e-01 
 3.05596598e-01  5.80906133e+05 -7.13855174e-01 
 3.12643573e-01  5.80906133e+05 -7.30316481e-01 
 3.19853049e-01  5.80906133e+05 -7.47157382e-01 
 3.27228774e-01  5.80906133e+05 -7.64386629e-01 
 3.34774581e-01  5.80906133e+05 -7.82013179e-01 
 3.42494392e-01  5.80906133e+05 -8.00046191e-01 
 3.50392221e-01  5.80906133e+05 -8.18495040e-01 
 3.58472171e-01  5.80906133e+05 -8.37369315e-01 
 3.66738442e-01  5.80906133e+05 -8.56678825e-01 
 3.75195331e-01  5.80906133e+05 -8.76433607e-01 
 3.83847234e-01  5.80906133e+05 -8.96643929e-01 
 3.92698648e-01  5.80906133e+05 -9.17320296e-01 
 4.01754173e-01  5.80906133e+05 -9.38473454e-01 
 4.11018515e-01  5.80906133e+05 -9.60114399e-01 
 4.20496491e-01  5.80906133e+05 -9.82254377e-01 
 4.30193027e-01  5.80906133e+05 -1.00490490e+00 
 4.40113162e-01  5.80906133e+05 -1.02807773e+00 
 4.50262052e-01  5.80906133e+05 -1.05178493e+00 
 4.60644974e-01  5.80906133e+05 -1.07603880e+00 
 4.71267322e-01  5.80906133e+05 -1.10085197e+00 
 4.82134619e-01  5.80906133e+05 -1.12623732e+00 
 4.93252513e-01  5.80906133e+05 -1.15220805e+00 
 5.04626783e-01  5.80906133e+05 -1.17877765e+00 
 5.16263340e-01  5.80906133e+05 -1.20595995e+00 
 5.28168234e-01  5.80906133e+05 -1.23376906e+00 
 5.40347650e-01  5.80906133e+05 -1.26221944e+00 
 5.52807921e-01  5.80906133e+05 -1.29132588e+00 
 5.65555523e-01  5.80906133e+05 -1.32110350e+00 
 5.78597080e-01  5.80906133e+05 -1.35156779e+00 
 5.91939372e-01  5.80906133e+05 -1.38273458e+00 
 6.05589334e-01  5.80906133e+05 -1.41462007e+00 
 6.19554061e-01  5.80906133e+05 -1.44724082e+00 
 6.33840810e-01  5.80906133e+05 -1.48061381e+00 
 6.48457008e-01  5.80906133e+05 -1.51475636e+00 
 6.63410251e-01  5.80906133e+05 -1.54968623e+00 
 6.78708313e-01  5.80906133e+05 -1.58542158e+00 
 6.94359143e-01  5.80906133e+05 -1.62198097e+00 
 7.10370877e-01  5.80906133e+05 -1.65938342e+00 
 7.26751838e-01  5.80906133e+05 -1.69764835e+00 
 7.43510539e-01  5.80906133e+05 -1.73679566e+00 
 7.60655691e-01  5.80906133e+05 -1.77684570e+00 
 7.78196206e-01  5.80906133e+05 -1.81781928e+00 
 7.96141200e-01  5.80906133e+05 -1.85973770e+00 
 8.14500001e-01  5.80906133e+05 -1.90262275e+00 
 8.33282151e-01  5.80906133e+05 -1.94649672e+00 
 8.52497412e-01  5.80906133e+05 -1.99138241e+00 
 8.72155772e-01  5.80906133e+05 -2.03730315e+00 
 8.92267449e-01  5.80906133e+05 -2.08428281e+00 
 9.12842895e-01  5.80906133e+05 -2.13234581e+00 
 9.33892805e-01  5.80906133e+05 -2.18151712e+00 
 9.55428121e-01  5.80906133e+05 -2.23182232e+00 
 9.77460036e-01  5.80906133e+05 -2.28328754e+00 
 1.00000000e+00  5.80906133e+05 -2.33593953e+00 
 1.02305973e+00  5.80906133e+05 -2.38980567e+00 
 1.04665121e+00  5.80906133e+05 -2.44491394e+00 
 1.07078670e+00  5.80906133e+05 -2.50129300e+00 
 1.09547876e+00  5.80906133e+05 -2.55897214e+00 
 1.12074020e+00  5.80906133e+05 -2.61798134e+00 
 1.14658417e+00  5.80906133e+05 -2.67835128e+00 
 1.17302409e+00  5.80906133e+05 -2.74011334e+00 
 1.20007371e+00  5.80906133e+05 -2.80329961e+00 
 1.22774708e+00  5.80906133e+05 -2.86794295e+00 
 1.25605860e+00  5.80906133e+05 -2.93407694e+00 
 1.28502297e+00  5.80906133e+05 -3.00173596e+00 
 1.31465525e+00  5.80906133e+05 -3.07095518e+00 
 1.34497085e+00  5.80906133e+05 -3.14177057e+00 
 1.37598551e+00  5.80906133e+05 -3.21421896e+00 
 1.40771537e+00  5.80906133e+05 -3.28833798e+00 
 1.44017690e+00  5.80906133e+05 -3.36416616e+00 
 1.47338699e+00  5.80906133e+05 -3.44174292e+00 
 1.50736290e+00  5.80906133e+05 -3.52110859e+00 
 1.54212228e+00  5.80906133e+05 -3.60230440e+00 
 1.57768320e+00  5.80906133e+05 -3.68537256e+00 
 1.61406415e+00  5.80906133e+05 -3.77035626e+00 
 1.65128404e+00  5.80906133e+05 -3.85729966e+00 
 1.68936220e+00  5.80906133e+05 -3.94624794e+00 
 1.72831844e+00  5.80906133e+05 -4.03724736e+00 
 1.76817299e+00  5.80906133e+05 -4.13034519e+00 
 1.80894658e+00  5.80906133e+05 -4.22558983e+00 
 1.85066040e+00  5.80906133e+05 -4.32303079e+00 
 1.89333613e+00  5.80906133e+05 -4.42271872e+00 
 1.93699595e+00  5.80906132e+05 -4.52470541e+00 
 1.98166255e+00  5.80906132e+05 -4.62904390e+00 
 2.02735916e+00  5.80906132e+05 -4.73578840e+00 
 2.07410951e+00  5.80906132e+05 -4.84499440e+00 
 2.12193792e+00  5.80906132e+05 -4.95671866e+00 
 2.17086923e+00  5.80906132e+05 -5.07101926e+00 
 2.22092889e+00  5.80906132e+05 -5.18795559e+00 
 2.27214291e+00  5.80906132e+05 -5.30758844e+00 
 2.32453791e+00  5.80906132e+05 -5.42998000e+00 
 2.37814113e+00  5.80906132e+05 -5.55519387e+00 
 2.43298042e+00  5.80906132e+05 -5.68329514e+00 
 2.48908429e+00  5.80906132e+05 -5.81435039e+00 
 2.54648190e+00  5.80906132e+05 -5.94842774e+00 
 2.60520309e+00  5.80906132e+05 -6.08559688e+00 
 2.66527837e+00  5.80906132e+05 -6.22592909e+00 
 2.72673897e+00  5.80906132e+05 -6.36949734e+00 
 2.78961683e+00  5.80906132e+05 -6.51637622e+00 
 2.85394464e+00  5.80906132e+05 -6.66664210e+00 
 2.91975583e+00  5.80906132e+05 -6.82037306e+00 
 2.98708461e+00  5.80906132e+05 -6.97764902e+00 
 3.05596598e+00  5.80906132e+05 -7.13855173e+00 
 3.12643573e+00  5.80906132e+05 -7.30316480e+00 
 3.19853049e+00  5.80906132e+05 -7.47157381e+00 
 3.27228774e+00  5.80906132e+05 -7.64386628e+00 
 3.34774581e+00  5.80906132e+05 -7.82013177e+00 
 3.42494392e+00  5.80906132e+05 -8.00046189e+00 
 3.50392221e+00  5.80906132e+05 -8.18495038e+00 
 3.58472171e+00  5.80906132e+05 -8.37369313e+00 
 3.66738442e+00  5.80906132e+05 -8.56678823e+00 
 3.75195331e+00  5.80906132e+05 -8.76433605e+00 
 3.83847234e+00  5.80906132e+05 -8.96643927e+00 
 3.92698648e+00  5.80906132e+05 -9.17320293e+00 
 4.01754173e+00  5.80906132e+05 -9.38473451e+00 
 4.11018515e+00  5.80906132e+05 -9.60114395e+00 
 4.20496491e+00  5.80906132e+05 -9.82254374e+00 
 4.30193027e+00  5.80906132e+05 -1.00490489e+01 
 4.40113162e+00  5.80906132e+05 -1.02807773e+01 
 4.50262052e+00  5.80906132e+05 -1.05178492e+01 
 4.60644974e+00  5.80906132e+05 -1.07603880e+01 
 4.71267322e+00  5.80906132e+05 -1.10085196e+01 
 4.82134619e+00  5.80906132e+05 -1.12623731e+01 
 4.93252513e+00  5.80906132e+05 -1.15220804e+01 
 5.04626783e+00  5.80906132e+05 -1.17877765e+01 
 5.16263340e+00  5.80906132e+05 -1.20595994e+01 
 5.28168234e+00  5.80906132e+05 -1.23376905e+01 
 5.40347650e+00  5.80906132e+05 -1.26221943e+01 
 5.52807921e+00  5.80906132e+05 -1.29132587e+01 
 5.65555523e+00  5.80906132e+05 -1.32110349e+01 
 5.78597080e+00  5.80906132e+05 -1.35156778e+01 
 5.91939372e+00  5.80906131e+05 -1.38273457e+01 
 6.05589334e+00  5.80906131e+05 -1.41462006e+01 
 6.19554061e+00  5.80906131e+05 -1.44724081e+01 
 6.33840810e+00  5.80906131e+05 -1.48061379e+01 
 6.48457008e+00  5.80906131e+05 -1.51475634e+01 
 6.63410251e+00  5.80906131e+05 -1.54968621e+01 
 6.78708313e+00  5.80906131e+05 -1.58542156e+01 
 6.94359143e+00  5.80906131e+05 -1.62198095e+01 
 7.10370877e+00  5.80906131e+05 -1.65938339e+01 
 7.26751838e+00  5.80906131e+05 -1.69764832e+01 
 7.43510539e+00  5.80906130e+05 -1.73679563e+01 
 7.60655691e+00  5.80906130e+05 -1.77684567e+01 
 7.78196206e+00  5.80906130e+05 -1.81781925e+01 
 7.96141200e+00  5.80906130e+05 -1.85973767e+01 
 8.14500001e+00  5.80906130e+05 -1.90262272e+01 
 8.33282151e+00  5.80906130e+05 -1.94649668e+01 
 8.52497412e+00  5.80906130e+05 -1.99138237e+01 
 8.72155772e+00  5.80906130e+05 -2.03730311e+01 
 8.92267449e+00  5.80906130e+05 -2.08428276e+01 
 9.12842895e+00  5.80906130e+05 -2.13234576e+01 
 9.33892805e+00  5.80906129e+05 -2.18151708e+01 
 9.55428121e+00  5.80906129e+05 -2.23182227e+01 
 9.77460036e+00  5.80906129e+05 -2.28328748e+01 
 1.00000000e+01  5.80906129e+05 -2.33593948e+01 
 1.02305973e+01  5.80906129e+05 -2.38980561e+01 
 1.04665121e+01  5.80906129e+05 -2.44491388e+01 
 1.07078670e+01  5.80906128e+05 -2.50129293e+01 
 1.09547876e+01  5.80906128e+05 -2.55897206e+01 
 1.12074020e+01  5.80906128e+05 -2.61798126e+01 
 1.14658417e+01  5.80906128e+05 -2.67835120e+01 
 1.17302409e+01  5.80906128e+05 -2.74011325e+01 
 1.20007371e+01  5.80906128e+05 -2.80329952e+01 
 1.22774708e+01  5.80906127e+05 -2.86794285e+01 
 1.25605860e+01  5.80906127e+05 -2.93407683e+01 
 1.28502297e+01  5.80906127e+05 -3.00173584e+01 
 1.31465525e+01  5.80906127e+05 -3.07095506e+01 
 1.34497085e+01  5.80906126e+05 -3.14177045e+01 
 1.37598551e+01  5.80906126e+05 -3.21421882e+01 
 1.40771537e+01  5.80906126e+05 -3.28833783e+01 
 1.44017690e+01  5.80906125e+05 -3.36416601e+01 
 1.47338699e+01  5.80906125e+05 -3.44174276e+01 
 1.50736290e+01  5.80906125e+05 -3.52110841e+01 
 1.54212228e+01  5.80906124e+05 -3.60230421e+01 
 1.57768320e+01  5.80906124e+05 -3.68537236e+01 
 1.61406415e+01  5.80906124e+05 -3.77035604e+01 
 1.65128404e+01  5.80906123e+05 -3.85729943e+01 
 1.68936220e+01  5.80906123e+05 -3.94624770e+01 
 1.72831844e+01  5.80906122e+05 -4.03724709e+01 
 1.76817299e+01  5.80906122e+05 -4.13034491e+01 
 1.80894658e+01  5.80906121e+05 -4.22558954e+01 
 1.85066040e+01  5.80906121e+05 -4.32303047e+01 
 1.89333613e+01  5.80906120e+05 -4.42271838e+01 
 1.93699595e+01  5.80906120e+05 -4.52470505e+01 
 1.98166255e+01  5.80906119e+05 -4.62904351e+01 
 2.02735916e+01  5.80906119e+05 -4.73578798e+01 
 2.07410951e+01  5.80906118e+05 -4.84499396e+01 
 2.12193792e+01  5.80906117e+05 -4.95671819e+01 
 2.17086923e+01  5.80906117e+05 -5.07101875e+01 
 2.22092889e+01  5.80906116e+05 -5.18795505e+01 
 2.27214291e+01  5.80906115e+05 -5.30758787e+01 
 2.32453791e+01  5.80906114e+05 -5.42997938e+01 
 2.37814113e+01  5.80906114e+05 -5.55519321e+01 
 2.43298042e+01  5.80906113e+05 -5.68329443e+01 
 2.48908429e+01  5.80906112e+05 -5.81434964e+01 
 2.54648190e+01  5.80906111e+05 -5.94842693e+01 
 2.60520309e+01  5.80906110e+05 -6.08559601e+01 
 2.66527837e+01  5.80906109e+05 -6.22592817e+01 
 2.72673897e+01  5.80906108e+05 -6.36949635e+01 
 2.78961683e+01  5.80906107e+05 -6.51637517e+01 
 2.85394464e+01  5.80906105e+05 -6.66664097e+01 
 2.91975583e+01  5.80906104e+05 -6.82037186e+01 
 2.98708461e+01  5.80906103e+05 -6.97764773e+01 
 3.05596598e+01  5.80906101e+05 -7.13855034e+01 
 3.12643573e+01  5.80906100e+05 -7.30316332e+01 
 3.19853049e+01  5.80906098e+05 -7.47157223e+01 
 3.27228774e+01  5.80906097e+05 -7.64386459e+01 
 3.34774581e+01  5.80906095e+05 -7.82012996e+01 
 3.42494392e+01  5.80906092e+05 -8.00045988e+01 
 3.50392221e+01  5.80906090e+05 -8.18494823e+01 
 3.58472171e+01  5.80906089e+05 -8.37369083e+01 
 3.66738442e+01  5.80906087e+05 -8.56678577e+01 
 3.75195331e+01  5.80906084e+05 -8.76433343e+01 
 3.83847234e+01  5.80906082e+05 -8.96643647e+01 
 3.92698648e+01  5.80906080e+05 -9.17319994e+01 
 4.01754173e+01  5.80906078e+05 -9.38473132e+01 
 4.11018515e+01  5.80906075e+05 -9.60114054e+01 
 4.20496491e+01  5.80906073e+05 -9.82254008e+01 
 4.30193027e+01  5.80906070e+05 -1.00490450e+02 
 4.40113162e+01  5.80906067e+05 -1.02807731e+02 
 4.50262052e+01  5.80906064e+05 -1.05178448e+02 
 4.60644974e+01  5.80906061e+05 -1.07603832e+02 
 4.71267322e+01  5.80906058e+05 -1.10085145e+02 
 4.82134619e+01  5.80906054e+05 -1.12623677e+02 
 4.93252513e+01  5.80906051e+05 -1.15220746e+02 
 5.04626783e+01  5.80906047e+05 -1.17877702e+02 
 5.16263340e+01  5.80906043e+05 -1.20595927e+02 
 5.28168234e+01  5.80906039e+05 -1.23376834e+02 
 5.40347650e+01  5.80906034e+05 -1.26221867e+02 
 5.52807921e+01  5.80906030e+05 -1.29132505e+02 
 5.65555523e+01  5.80906025e+05 -1.32110262e+02 
 5.78597080e+01  5.80906020e+05 -1.35156685e+02 
 5.91939372e+01  5.80906015e+05 -1.38273357e+02 
 6.05589334e+01  5.80906010e+05 -1.41461899e+02 
 6.19554061e+01  5.80906004e+05 -1.44723967e+02 
 6.33840810e+01  5.80905998e+05 -1.48061257e+02 
 6.48457008e+01  5.80905992e+05 -1.51475503e+02 
 6.63410251e+01  5.80905985e+05 -1.54968481e+02 
 6.78708313e+01  5.80905978e+05 -1.58542006e+02 
 6.94359143e+01  5.80905969e+05 -1.62197932e+02 
 7.10370877e+01  5.80905962e+05 -1.65938165e+02 
 7.26751838e+01  5.80905954e+05 -1.69764646e+02 
 7.43510539e+01  5.80905946e+05 -1.73679364e+02 
 7.60655691e+01  5.80905937e+05 -1.77684354e+02 
 7.78196206e+01  5.80905928e+05 -1.81781696e+02 
 7.96141200e+01  5.80905918e+05 -1.85973522e+02 
 8.14500001e+01  5.80905910e+05 -1.90262011e+02 
 8.33282151e+01  5.80905899e+05 -1.94649388e+02 
 8.52497412e+01  5.80905888e+05 -1.99137937e+02 
 8.72155772e+01  5.80905877e+05 -2.03729990e+02 
 8.92267449e+01  5.80905865e+05 -2.08427934e+02 
 9.12842895e+01  5.80905853e+05 -2.13234209e+02 
 9.33892805e+01  5.80905840e+05 -2.18151315e+02 
 9.55428121e+01  5.80905827e+05 -2.23181807e+02 
 9.77460036e+01  5.80905813e+05 -2.28328300e+02 
 1.00000000e+02  5.80905798e+05 -2.33593467e+02 
 1.02305973e+02  5.80905781e+05 -2.38980044e+02 
 1.04665121e+02  5.80905765e+05 -2.44490835e+02 
 1.07078670e+02  5.80905748e+05 -2.50128702e+02 
 1.09547876e+02  5.80905729e+05 -2.55896571e+02 
 1.12074020e+02  5.80905709e+05 -2.61797441e+02 
 1.14658417e+02  5.80905688e+05 -2.67834385e+02 
 1.17302409e+02  5.80905668e+05 -2.74010539e+02 
 1.20007371e+02  5.80905647e+05 -2.80329111e+02 
 1.22774708e+02  5.80905623e+05 -2.86793382e+02 
 1.25605860e+02  5.80905599e+05 -2.93406715e+02 
 1.28502297e+02  5.80905574e+05 -3.00172550e+02 
 1.31465525e+02  5.80905549e+05 -3.07094399e+02 
 1.34497085e+02  5.80905522e+05 -3.14175861e+02 
 1.37598551e+02  5.80905494e+05 -3.21420613e+02 
 1.40771537e+02  5.80905464e+05 -3.28832425e+02 
 1.44017690e+02  5.80905435e+05 -3.36415152e+02 
 1.47338699e+02  5.80905401e+05 -3.44172721e+02 
 1.50736290e+02  5.80905367e+05 -3.52109177e+02 
 1.54212228e+02  5.80905330e+05 -3.60228637e+02 
 1.57768320e+02  5.80905293e+05 -3.68535327e+02 
 1.61406415e+02  5.80905254e+05 -3.77033561e+02 
 1.65128404e+02  5.80905213e+05 -3.85727753e+02 
 1.68936220e+02  5.80905170e+05 -3.94622427e+02 
 1.72831844e+02  5.80905126e+05 -4.03722203e+02 
 1.76817299e+02  5.80905080e+05 -4.13031809e+02 
 1.80894658e+02  5.80905030e+05 -4.22556081e+02 
 1.85066040e+02  5.80904978e+05 -4.32299971e+02 
 1.89333613e+02  5.80904925e+05 -4.42268545e+02 
 1.93699595e+02  5.80904869e+05 -4.52466979e+02 
 1.98166255e+02  5.80904809e+05 -4.62900575e+02 
 2.02735916e+02  5.80904749e+05 -4.73574760e+02 
 2.07410951e+02  5.80904683e+05 -4.84495067e+02 
 2.12193792e+02  5.80904615e+05 -4.95667179e+02 
 2.17086923e+02  5.80904546e+05 -5.07096916e+02 
 2.22092889e+02  5.80904472e+05 -5.18790195e+02 
 2.27214291e+02  5.80904396e+05 -5.30753105e+02 
 2.32453791e+02  5.80904313e+05 -5.42991850e+02 
 2.37814113e+02  5.80904228e+05 -5.55512802e+02 
 2.43298042e+02  5.80904141e+05 -5.68322468e+02 
 2.48908429e+02  5.80904049e+05 -5.81427500e+02 
 2.54648190e+02  5.80903950e+05 -5.94834692e+02 
 2.60520309e+02  5.80903845e+05 -6.08551013e+02 
 2.66527837e+02  5.80903739e+05 -6.22583626e+02 
 2.72673897e+02  5.80903629e+05 -6.36939800e+02 
 2.78961683e+02  5.80903511e+05 -6.51626985e+02 
 2.85394464e+02  5.80903390e+05 -6.66652823e+02 
 2.91975583e+02  5.80903262e+05 -6.82025117e+02 
 2.98708461e+02  5.80903129e+05 -6.97751852e+02 
 3.05596598e+02  5.80902987e+05 -7.13841193e+02 
 3.12643573e+02  5.80902841e+05 -7.30301514e+02 
 3.19853049e+02  5.80902689e+05 -7.47141363e+02 
 3.27228774e+02  5.80902528e+05 -7.64369477e+02 
 3.34774581e+02  5.80902359e+05 -7.81994805e+02 
 3.42494392e+02  5.80902185e+05 -8.00026529e+02 
 3.50392221e+02  5.80901997e+05 -8.18473961e+02 
 3.58472171e+02  5.80901807e+05 -8.37346758e+02 
 3.66738442e+02  5.80901605e+05 -8.56654669e+02 
 3.75195331e+02  5.80901395e+05 -8.76407750e+02 
 3.83847234e+02  5.80901172e+05 -8.96616233e+02 
 3.92698648e+02  5.80900940e+05 -9.17290638e+02 
 4.01754173e+02  5.80900699e+05 -9.38441710e+02 
 4.11018515e+02  5.80900446e+05 -9.60080408e+02 
 4.20496491e+02  5.80900179e+05 -9.82217955e+02 
 4.30193027e+02  5.80899904e+05 -1.00486592e+03 
 4.40113162e+02  5.80899613e+05 -1.02803600e+03 
 4.50262052e+02  5.80899307e+05 -1.05174023e+03 
 4.60644974e+02  5.80898990e+05 -1.07599096e+03 
 4.71267322e+02  5.80898658e+05 -1.10080075e+03 
 4.82134619e+02  5.80898307e+05 -1.12618244e+03 
 4.93252513e+02  5.80897942e+05 -1.15214929e+03 
 5.04626783e+02  5.80897561e+05 -1.17871474e+03 
 5.16263340e+02  5.80897162e+05 -1.20589259e+03 
 5.28168234e+02  5.80896742e+05 -1.23369693e+03 
 5.40347650e+02  5.80896304e+05 -1.26214220e+03 
 5.52807921e+02  5.80895844e+05 -1.29124316e+03 
 5.65555523e+02  5.80895367e+05 -1.32101496e+03 
 5.78597080e+02  5.80894864e+05 -1.35147297e+03 
 5.91939372e+02  5.80894338e+05 -1.38263304e+03 
 6.05589334e+02  5.80893789e+05 -1.41451135e+03 
 6.19554061e+02  5.80893212e+05 -1.44712440e+03 
 6.33840810e+02  5.80892609e+05 -1.48048914e+03 
 6.48457008e+02  5.80891978e+05 -1.51462288e+03 
 6.63410251e+02  5.80891318e+05 -1.54954331e+03 
 6.78708313e+02  5.80890626e+05 -1.58526852e+03 
 6.94359143e+02  5.80889904e+05 -1.62181710e+03 
 7.10370877e+02  5.80889149e+05 -1.65920797e+03 
 7.26751838e+02  5.80888355e+05 -1.69746045e+03 
 7.43510539e+02  5.80887528e+05 -1.73659450e+03 
 7.60655691e+02  5.80886658e+05 -1.77663027e+03 
 7.78196206e+02  5.80885752e+05 -1.81758864e+03 
 7.96141200e+02  5.80884798e+05 -1.85949069e+03 
 8.14500001e+02  5.80883804e+05 -1.90235828e+03 
 8.33282151e+02  5.80882762e+05 -1.94621350e+03 
 8.52497412e+02  5.80881672e+05 -1.99107915e+03 
 8.72155772e+02  5.80880531e+05 -2.03697843e+03 
 8.92267449e+02  5.80879337e+05 -2.08393510e+03 
 9.12842895e+02  5.80878089e+05 -2.13197353e+03 
 9.33892805e+02  5.80876780e+05 -2.18111848e+03 
 9.55428121e+02  5.80875410e+05 -2.23139544e+03 
 9.77460036e+02  5.80873977e+05 -2.28283044e+03 
 1.00000000e+03  5.80872478e+05 -2.33545008e+03 
 1.02305973e+03  5.80870909e+05 -2.38928163e+03 
 1.04665121e+03  5.80869266e+05 -2.44435280e+03 
 1.07078670e+03  5.80867548e+05 -2.50069215e+03 
 1.09547876e+03  5.80865747e+05 -2.55832874e+03 
 1.12074020e+03  5.80863864e+05 -2.61729243e+03 
 1.14658417e+03  5.80861893e+05 -2.67761362e+03 
 1.17302409e+03  5.80859829e+05 -2.73932346e+03 
 1.20007371e+03  5.80857670e+05 -2.80245381e+03 
 1.22774708e+03  5.80855408e+05 -2.86703726e+03 
 1.25605860e+03  5.80853043e+05 -2.93310719e+03 
 1.28502297e+03  5.80850568e+05 -3.00069760e+03 
 1.31465525e+03  5.80847977e+05 -3.06984331e+03 
 1.34497085e+03  5.80845266e+05 -3.14058007e+03 
 1.37598551e+03  5.80842427e+05 -3.21294418e+03 
 1.40771537e+03  5.80839457e+05 -3.28697301e+03 
 1.44017690e+03  5.80836347e+05 -3.36270458e+03 
 1.47338699e+03  5.80833092e+05 -3.44017789e+03 
 1.50736290e+03  5.80829686e+05 -3.51943278e+03 
 1.54212228e+03  5.80826122e+05 -3.60051003e+03 
 1.57768320e+03  5.80822390e+05 -3.68345119e+03 
 1.61406415e+03  5.80818487e+05 -3.76829896e+03 
 1.65128404e+03  5.80814402e+05 -3.85509685e+03 
 1.68936220e+03  5.80810125e+05 -3.94388928e+03 
 1.72831844e+03  5.80805648e+05 -4.03472175e+03 
 1.76817299e+03  5.80800964e+05 -4.12764092e+03 
 1.80894658e+03  5.80796060e+05 -4.22269420e+03 
 1.85066040e+03  5.80790929e+05 -4.31993028e+03 
 1.89333613e+03  5.80785558e+05 -4.41939881e+03 
 1.93699595e+03  5.80779936e+05 -4.52115058e+03 
 1.98166255e+03  5.80774055e+05 -4.62523762e+03 
 2.02735916e+03  5.80767900e+05 -4.73171290e+03 
 2.07410951e+03  5.80761457e+05 -4.84063056e+03 
 2.12193792e+03  5.80754715e+05 -4.95204619e+03 
 2.17086923e+03  5.80747658e+05 -5.06601625e+03 
 2.22092889e+03  5.80740269e+05 -5.18259854e+03 
 2.27214291e+03  5.80732541e+05 -5.30185251e+03 
 2.32453791e+03  5.80724452e+05 -5.42383831e+03 
 2.37814113e+03  5.80715989e+05 -5.54861793e+03 
 2.43298042e+03  5.80707128e+05 -5.67625405e+03 
 2.48908429e+03  5.80697858e+05 -5.80681137e+03 
 2.54648190e+03  5.80688155e+05 -5.94035558e+03 
 2.60520309e+03  5.80677998e+05 -6.07695373e+03 
 2.66527837e+03  5.80667372e+05 -6.21667473e+03 
 2.72673897e+03  5.80656250e+05 -6.35958858e+03 
 2.78961683e+03  5.80644613e+05 -6.50576690e+03 
 2.85394464e+03  5.80632434e+05 -6.65528265e+03 
 2.91975583e+03  5.80619689e+05 -6.80821051e+03 
 2.98708461e+03  5.80606352e+05 -6.96462665e+03 
 3.05596598e+03  5.80592396e+05 -7.12460885e+03 
 3.12643573e+03  5.80577788e+05 -7.28823624e+03 
 3.19853049e+03  5.80562502e+05 -7.45558995e+03 
 3.27228774e+03  5.80546510e+05 -7.62675291e+03 
 3.34774581e+03  5.80529770e+05 -7.80180868e+03 
 3.42494392e+03  5.80512258e+05 -7.98084410e+03 
 3.50392221e+03  5.80493930e+05 -8.16394629e+03 
 3.58472171e+03  5.80474755e+05 -8.35120513e+03 
 3.66738442e+03  5.80454684e+05 -8.54271122e+03 
 3.75195331e+03  5.80433686e+05 -8.73855803e+03 
 3.83847234e+03  5.80411715e+05 -8.93884039e+03 
 3.92698648e+03  5.80388725e+05 -9.14365477e+03 
 4.01754173e+03  5.80364671e+05 -9.35309962e+03 
 4.11018515e+03  5.80339499e+05 -9.56727497e+03 
 4.20496491e+03  5.80313166e+05 -9.78628354e+03 
 4.30193027e+03  5.80285611e+05 -1.00102287e+04 
 4.40113162e+03  5.80256780e+05 -1.02392166e+04 
 4.50262052e+03  5.80226617e+05 -1.04733552e+04 
 4.60644974e+03  5.80195056e+05 -1.07127535e+04 
 4.71267322e+03  5.80162041e+05 -1.09575240e+04 
 4.82134619e+03  5.80127498e+05 -1.12077798e+04 
 4.93252513e+03  5.80091360e+05 -1.14636358e+04 
 5.04626783e+03  5.80053551e+05 -1.17252096e+04 
 5.16263340e+03  5.80014002e+05 -1.19926206e+04 
 5.28168234e+03  5.79972627e+05 -1.22659891e+04 
 5.40347650e+03  5.79929344e+05 -1.25454383e+04 
 5.52807921e+03  5.79884070e+05 -1.28310932e+04 
 5.65555523e+03  5.79836710e+05 -1.31230795e+04 
 5.78597080e+03  5.79787171e+05 -1.34215258e+04 
 5.91939372e+03  5.79735352e+05 -1.37265618e+04 
 6.05589334e+03  5.79681156e+05 -1.40383198e+04 
 6.19554061e+03  5.79624469e+05 -1.43569323e+04 
 6.33840810e+03  5.79565181e+05 -1.46825343e+04 
 6.48457008e+03  5.79503176e+05 -1.50152623e+04 
 6.63410251e+03  5.79438331e+05 -1.53552543e+04 
 6.78708313e+03  5.79370515e+05 -1.57026488e+04 
 6.94359143e+03  5.79299601e+05 -1.60575870e+04 
 7.10370877e+03  5.79225444e+05 -1.64202097e+04 
 7.26751838e+03  5.79147907e+05 -1.67906607e+04 
 7.43510539e+03  5.79066832e+05 -1.71690825e+04 
 7.60655691e+03  5.78982060e+05 -1.75556194e+04 
 7.78196206e+03  5.78893438e+05 -1.79504183e+04 
 7.96141200e+03  5.78800782e+05 -1.83536225e+04 
 8.14500001e+03  5.78703924e+05 -1.87653792e+04 
 8.33282151e+03  5.78602675e+05 -1.91858346e+04 
 8.52497412e+03  5.78496843e+05 -1.96151342e+04 
 8.72155772e+03  5.78386226e+05 -2.00534241e+04 
 8.92267449e+03  5.78270615e+05 -2.05008491e+04 
 9.12842895e+03  5.78149796e+05 -2.09575545e+04 
 9.33892805e+03  5.78023539e+05 -2.14236831e+04 
 9.55428121e+03  5.77891609e+05 -2.18993766e+04 
 9.77460036e+03  5.77753763e+05 -2.23847760e+04 
 1.00000000e+04  5.77609747e+05 -2.28800195e+04 
 1.02305973e+04  5.77459296e+05 -2.33852427e+04 
 1.04665121e+04  5.77302139e+05 -2.39005794e+04 
 1.07078670e+04  5.77137988e+05 -2.44261588e+04 
 1.09547876e+04  5.76966553e+05 -2.49621083e+04 
 1.12074020e+04  5.76787521e+05 -2.55085487e+04 
 1.14658417e+04  5.76600581e+05 -2.60655983e+04 
 1.17302409e+04  5.76405402e+05 -2.66333691e+04 
 1.20007371e+04  5.76201644e+05 -2.72119677e+04 
 1.22774708e+04  5.75988952e+05 -2.78014931e+04 
 1.25605860e+04  5.75766968e+05 -2.84020402e+04 
 1.28502297e+04  5.75535307e+05 -2.90136920e+04 
 1.31465525e+04  5.75293587e+05 -2.96365273e+04 
 1.34497085e+04  5.75041407e+05 -3.02706133e+04 
 1.37598551e+04  5.74778343e+05 -3.09160060e+04 
 1.40771537e+04  5.74503975e+05 -3.15727531e+04 
 1.44017690e+04  5.74217857e+05 -3.22408888e+04 
 1.47338699e+04  5.73919537e+05 -3.29204351e+04 
 1.50736290e+04  5.73608548e+05 -3.36114005e+04 
 1.54212228e+04  5.73284408e+05 -3.43137779e+04 
 1.57768320e+04  5.72946627e+05 -3.50275463e+04 
 1.61406415e+04  5.72594698e+05 -3.57526659e+04 
 1.65128404e+04  5.72228101e+05 -3.64890795e+04 
 1.68936220e+04  5.71846303e+05 -3.72367097e+04 
 1.72831844e+04  5.71448767e+05 -3.79954620e+04 
 1.76817299e+04  5.71034934e+05 -3.87652162e+04 
 1.80894658e+04  5.70604235e+05 -3.95458299e+04 
 1.85066040e+04  5.70156101e+05 -4.03371397e+04 
 1.89333613e+04  5.69689939e+05 -4.11389516e+04 
 1.93699595e+04  5.69205160e+05 -4.19510500e+04 
 1.98166255e+04  5.68701154e+05 -4.27731850e+04 
 2.02735916e+04  5.68177311e+05 -4.36050805e+04 
 2.07410951e+04  5.67633018e+05 -4.44464297e+04 
 2.12193792e+04  5.67067642e+05 -4.52968894e+04 
 2.17086923e+04  5.66480572e+05 -4.61560882e+04 
 2.22092889e+04  5.65871172e+05 -4.70236138e+04 
 2.27214291e+04  5.65238817e+05 -4.78990210e+04 
 2.32453791e+04  5.64582879e+05 -4.87818250e+04 
 2.37814113e+04  5.63902729e+05 -4.96714989e+04 
 2.43298042e+04  5.63197756e+05 -5.05674827e+04 
 2.48908429e+04  5.62467346e+05 -5.14691681e+04 
 2.54648190e+04  5.61710895e+05 -5.23759061e+04 
 2.60520309e+04  5.60927817e+05 -5.32870067e+04 
 2.66527837e+04  5.60117539e+05 -5.42017331e+04 
 2.72673897e+04  5.59279502e+05 -5.51193035e+04 
 2.78961683e+04  5.58413175e+05 -5.60388931e+04 
 2.85394464e+04  5.57518043e+05 -5.69596296e+04 
 2.91975583e+04  5.56593628e+05 -5.78805986e+04 
 2.98708461e+04  5.55639475e+05 -5.88008361e+04 
 3.05596598e+04  5.54655161e+05 -5.97193329e+04 
 3.12643573e+04  5.53640316e+05 -6.06350422e+04 
 3.19853049e+04  5.52594589e+05 -6.15468638e+04 
 3.27228774e+04  5.51517692e+05 -6.24536631e+04 
 3.34774581e+04  5.50409385e+05 -6.33542654e+04 
 3.42494392e+04  5.49269466e+05 -6.42474480e+04 
 3.50392221e+04  5.48097801e+05 -6.51319607e+04 
 3.58472171e+04  5.46894320e+05 -6.60065180e+04 
 3.66738442e+04  5.45659004e+05 -6.68697983e+04 
 3.75195331e+04  5.44391913e+05 -6.77204573e+04 
 3.83847234e+04  5.43093171e+05 -6.85571239e+04 
 3.92698648e+04  5.41762976e+05 -6.93784063e+04 
 4.01754173e+04  5.40401608e+05 -7.01828993e+04 
 4.11018515e+04  5.39009416e+05 -7.09691805e+04 
 4.20496491e+04  5.37586843e+05 -7.17358295e+04 
 4.30193027e+04  5.36134409e+05 -7.24814182e+04 
 4.40113162e+04  5.34652713e+05 -7.32045233e+04 
 4.50262052e+04  5.33142461e+05 -7.39037394e+04 
 4.60644974e+04  5.31604427e+05 -7.45776677e+04 
 4.71267322e+04  5.30039481e+05 -7.52249388e+04 
 4.82134619e+04  5.28448574e+05 -7.58442065e+04 
 4.93252513e+04  5.26832755e+05 -7.64341662e+04 
 5.04626783e+04  5.25193149e+05 -7.69935541e+04 
 5.16263340e+04  5.23530965e+05 -7.75211502e+04 
 5.28168234e+04  5.21847501e+05 -7.80157976e+04 
 5.40347650e+04  5.20144122e+05 -7.84763919e+04 
 5.52807921e+04  5.18422279e+05 -7.89019066e+04 
 5.65555523e+04  5.16683482e+05 -7.92913785e+04 
 5.78597080e+04  5.14929314e+05 -7.96439298e+04 
 5.91939372e+04  5.13161408e+05 -7.99587617e+04 
 6.05589334e+04  5.11381476e+05 -8.02351772e+04 
 6.19554061e+04  5.09591252e+05 -8.04725594e+04 
 6.33840810e+04  5.07792523e+05 -8.06703945e+04 
 6.48457008e+04  5.05987109e+05 -8.08282671e+04 
 6.63410251e+04  5.04176857e+05 -8.09458692e+04 
 6.78708313e+04  5.02363634e+05 -8.10229957e+04 
 6.94359143e+04  5.00549321e+05 -8.10595470e+04 
 7.10370877e+04  4.98735797e+05 -8.10555323e+04 
 7.26751838e+04  4.96924951e+05 -8.10110725e+04 
 7.43510539e+04  4.95118649e+05 -8.09263891e+04 
 7.60655691e+04  4.93318742e+05 -8.08018160e+04 
 7.78196206e+04  4.91527053e+05 -8.06377834e+04 
 7.96141200e+04  4.89745375e+05 -8.04348279e+04 
 8.14500001e+04  4.87975448e+05 -8.01935803e+04 
 8.33282151e+04  4.86218989e+05 -7.99147749e+04 
 8.52497412e+04  4.84477640e+05 -7.95992263e+04 
 8.72155772e+04  4.82752990e+05 -7.92478374e+04 
 8.92267449e+04  4.81046560e+05 -7.88615898e+04 
 9.12842895e+04  4.79359813e+05 -7.84415448e+04 
 9.33892805e+04  4.77694126e+05 -7.79888284e+04 
 9.55428121e+04  4.76050801e+05 -7.75046273e+04 
 9.77460036e+04  4.74431057e+05 -7.69901874e+04 
 1.00000000e+05  4.72836041e+05 -7.64468067e+04 
 1.02305973e+05  4.71266805e+05 -7.58758229e+04 
 1.04665121e+05  4.69724309e+05 -7.52786093e+04 
 1.07078670e+05  4.68209444e+05 -7.46565761e+04 
 1.09547876e+05  4.66722995e+05 -7.40111501e+04 
 1.12074020e+05  4.65265663e+05 -7.33437772e+04 
 1.14658417e+05  4.63838075e+05 -7.26559226e+04 
 1.17302409e+05  4.62440758e+05 -7.19490468e+04 
 1.20007371e+05  4.61074156e+05 -7.12246137e+04 
 1.22774708e+05  4.59738640e+05 -7.04840872e+04 
 1.25605860e+05  4.58434491e+05 -6.97289151e+04 
 1.28502297e+05  4.57161923e+05 -6.89605327e+04 
 1.31465525e+05  4.55921064e+05 -6.81803546e+04 
 1.34497085e+05  4.54711982e+05 -6.73897740e+04 
 1.37598551e+05  4.53534669e+05 -6.65901555e+04 
 1.40771537e+05  4.52389055e+05 -6.57828345e+04 
 1.44017690e+05  4.51275017e+05 -6.49691157e+04 
 1.47338699e+05  4.50192360e+05 -6.41502625e+04 
 1.50736290e+05  4.49140846e+05 -6.33275036e+04 
 1.54212228e+05  4.48120189e+05 -6.25020306e+04 
 1.57768320e+05  4.47130046e+05 -6.16749879e+04 
 1.61406415e+05  4.46170043e+05 -6.08474830e+04 
 1.65128404e+05  4.45239764e+05 -6.00205763e+04 
 1.68936220e+05  4.44338761e+05 -5.91952875e+04 
 1.72831844e+05  4.43466544e+05 -5.83725868e+04 
 1.76817299e+05  4.42622604e+05 -5.75534024e+04 
 1.80894658e+05  4.41806409e+05 -5.67386196e+04 
 1.85066040e+05  4.41017401e+05 -5.59290769e+04 
 1.89333613e+05  4.40255004e+05 -5.51255698e+04 
 1.93699595e+05  4.39518626e+05 -5.43288500e+04 
 1.98166255e+05  4.38807660e+05 -5.35396262e+04 
 2.02735916e+05  4.38121499e+05 -5.27585672e+04 
 2.07410951e+05  4.37459515e+05 -5.19862998e+04 
 2.12193792e+05  4.36821077e+05 -5.12234105e+04 
 2.17086923e+05  4.36205560e+05 -5.04704503e+04 
 2.22092889e+05  4.35612324e+05 -4.97279300e+04 
 2.27214291e+05  4.35040734e+05 -4.89963252e+04 
 2.32453791e+05  4.34490159e+05 -4.82760781e+04 
 2.37814113e+05  4.33959973e+05 -4.75675988e+04 
 2.43298042e+05  4.33449545e+05 -4.68712627e+04 
 2.48908429e+05  4.32958259e+05 -4.61874173e+04 
 2.54648190e+05  4.32485500e+05 -4.55163812e+04 
 2.60520309e+05  4.32030666e+05 -4.48584450e+04 
 2.66527837e+05  4.31593159e+05 -4.42138737e+04 
 2.72673897e+05  4.31172391e+05 -4.35829078e+04 
 2.78961683e+05  4.30767784e+05 -4.29657637e+04 
 2.85394464e+05  4.30378778e+05 -4.23626394e+04 
 2.91975583e+05  4.30004810e+05 -4.17737077e+04 
 2.98708461e+05  4.29645344e+05 -4.11991269e+04 
 3.05596598e+05  4.29299842e+05 -4.06390333e+04 
 3.12643573e+05  4.28967788e+05 -4.00935504e+04 
 3.19853049e+05  4.28648668e+05 -3.95627816e+04 
 3.27228774e+05  4.28341995e+05 -3.90468222e+04 
 3.34774581e+05  4.28047281e+05 -3.85457487e+04 
 3.42494392e+05  4.27764062e+05 -3.80596297e+04 
 3.50392221e+05  4.27491873e+05 -3.75885190e+04 
 3.58472171e+05  4.27230272e+05 -3.71324626e+04 
 3.66738442e+05  4.26978826e+05 -3.66914972e+04 
 3.75195331e+05  4.26737115e+05 -3.62656509e+04 
 3.83847234e+05  4.26504728e+05 -3.58549442e+04 
 3.92698648e+05  4.26281266e+05 -3.54593902e+04 
 4.01754173e+05  4.26066345e+05 -3.50789981e+04 
 4.11018515e+05  4.25859593e+05 -3.47137712e+04 
 4.20496491e+05  4.25660645e+05 -3.43637081e+04 
 4.30193027e+05  4.25469144e+05 -3.40288030e+04 
 4.40113162e+05  4.25284752e+05 -3.37090485e+04 
 4.50262052e+05  4.25107138e+05 -3.34044349e+04 
 4.60644974e+05  4.24935980e+05 -3.31149493e+04 
 4.71267322e+05  4.24770960e+05 -3.28405774e+04 
 4.82134619e+05  4.24611778e+05 -3.25813050e+04 
 4.93252513e+05  4.24458141e+05 -3.23371175e+04 
 5.04626783e+05  4.24309758e+05 -3.21079993e+04 
 5.16263340e+05  4.24166356e+05 -3.18939365e+04 
 5.28168234e+05  4.24027664e+05 -3.16949158e+04 
 5.40347650e+05  4.23893416e+05 -3.15109240e+04 
 5.52807921e+05  4.23763356e+05 -3.13419503e+04 
 5.65555523e+05  4.23637243e+05 -3.11879878e+04 
 5.78597080e+05  4.23514827e+05 -3.10490289e+04 
 5.91939372e+05  4.23395873e+05 -3.09250694e+04 
 6.05589334e+05  4.23280152e+05 -3.08161089e+04 
 6.19554061e+05  4.23167441e+05 -3.07221496e+04 
 6.33840810e+05  4.23057513e+05 -3.06431960e+04 
 6.48457008e+05  4.22950157e+05 -3.05792578e+04 
 6.63410251e+05  4.22845162e+05 -3.05303480e+04 
 6.78708313e+05  4.22742320e+05 -3.04964828e+04 
 6.94359143e+05  4.22641430e+05 -3.04776836e+04 
 7.10370877e+05  4.22542283e+05 -3.04739742e+04 
 7.26751838e+05  4.22444695e+05 -3.04853866e+04 
 7.43510539e+05  4.22348460e+05 -3.05119535e+04 
 7.60655691e+05  4.22253392e+05 -3.05537146e+04 
 7.78196206e+05  4.22159292e+05 -3.06107128e+04 
 7.96141200e+05  4.22065984e+05 -3.06829991e+04 
 8.14500001e+05  4.21973272e+05 -3.07706264e+04 
 8.33282151e+05  4.21880971e+05 -3.08736543e+04 
 8.52497412e+05  4.21788896e+05 -3.09921479e+04 
 8.72155772e+05  4.21696859e+05 -3.11261766e+04 
 8.92267449e+05  4.21604680e+05 -3.12758172e+04 
 9.12842895e+05  4.21512165e+05 -3.14411496e+04 
 9.33892805e+05  4.21419127e+05 -3.16222599e+04 
 9.55428121e+05  4.21325382e+05 -3.18192418e+04 
 9.77460036e+05  4.21230739e+05 -3.20321927e+04 
 1.00000000e+06  4.21135008e+05 -3.22612168e+04 
 1.02305973e+06  4.21037994e+05 -3.25064233e+04 
 1.04665121e+06  4.20939497e+05 -3.27679261e+04 
 1.07078670e+06  4.20839321e+05 -3.30458474e+04 
 1.09547876e+06  4.20737267e+05 -3.33403138e+04 
 1.12074020e+06  4.20633127e+05 -3.36514579e+04 
 1.14658417e+06  4.20526683e+05 -3.39794158e+04 
 1.17302409e+06  4.20417731e+05 -3.43243335e+04 
 1.20007371e+06  4.20306048e+05 -3.46863592e+04 
 1.22774708e+06  4.20191403e+05 -3.50656467e+04 
 1.25605860e+06  4.20073578e+05 -3.54623589e+04 
 1.28502297e+06  4.19952331e+05 -3.58766605e+04 
 1.31465525e+06  4.19827414e+05 -3.63087212e+04 
 1.34497085e+06  4.19698583e+05 -3.67587186e+04 
 1.37598551e+06  4.19565581e+05 -3.72268343e+04 
 1.40771537e+06  4.19428146e+05 -3.77132552e+04 
 1.44017690e+06  4.19285999e+05 -3.82181712e+04 
 1.47338699e+06  4.19138864e+05 -3.87417794e+04 
 1.50736290e+06  4.18986446e+05 -3.92842790e+04 
 1.54212228e+06  4.18828445e+05 -3.98458752e+04 
 1.57768320e+06  4.18664559e+05 -4.04267783e+04 
 1.61406415e+06  4.18494453e+05 -4.10271978e+04 
 1.65128404e+06  4.18317808e+05 -4.16473525e+04 
 1.68936220e+06  4.18134272e+05 -4.22874601e+04 
 1.72831844e+06  4.17943497e+05 -4.29477448e+04 
 1.76817299e+06  4.17745104e+05 -4.36284285e+04 
 1.80894658e+06  4.17538718e+05 -4.43297403e+04 
 1.85066040e+06  4.17323944e+05 -4.50519094e+04 
 1.89333613e+06  4.17100367e+05 -4.57951640e+04 
 1.93699595e+06  4.16867567e+05 -4.65597374e+04 
 1.98166255e+06  4.16625100e+05 -4.73458597e+04 
 2.02735916e+06  4.16372509e+05 -4.81537621e+04 
 2.07410951e+06  4.16109327e+05 -4.89836777e+04 
 2.12193792e+06  4.15835054e+05 -4.98358323e+04 
 2.17086923e+06  4.15549187e+05 -5.07104552e+04 
 2.22092889e+06  4.15251199e+05 -5.16077706e+04 
 2.27214291e+06  4.14940545e+05 -5.25279996e+04 
 2.32453791e+06  4.14616654e+05 -5.34713573e+04 
 2.37814113e+06  4.14278946e+05 -5.44380569e+04 
 2.43298042e+06  4.13926814e+05 -5.54283035e+04 
 2.48908429e+06  4.13559624e+05 -5.64422926e+04 
 2.54648190e+06  4.13176731e+05 -5.74802157e+04 
 2.60520309e+06  4.12777460e+05 -5.85422524e+04 
 2.66527837e+06  4.12361118e+05 -5.96285734e+04 
 2.72673897e+06  4.11926989e+05 -6.07393371e+04 
 2.78961683e+06  4.11474326e+05 -6.18746870e+04 
 2.85394464e+06  4.11002362e+05 -6.30347534e+04 
 2.91975583e+06  4.10510308e+05 -6.42196516e+04 
 2.98708461e+06  4.09997345e+05 -6.54294763e+04 
 3.05596598e+06  4.09462628e+05 -6.66643040e+04 
 3.12643573e+06  4.08905301e+05 -6.79241963e+04 
 3.19853049e+06  4.08324465e+05 -6.92091836e+04 
 3.27228774e+06  4.07719200e+05 -7.05192744e+04 
 3.34774581e+06  4.07088564e+05 -7.18544512e+04 
 3.42494392e+06  4.06431586e+05 -7.32146680e+04 
 3.50392221e+06  4.05747276e+05 -7.45998501e+04 
 3.58472171e+06  4.05034607e+05 -7.60098837e+04 
 3.66738442e+06  4.04292538e+05 -7.74446242e+04 
 3.75195331e+06  4.03520000e+05 -7.89038893e+04 
 3.83847234e+06  4.02715903e+05 -8.03874569e+04 
 3.92698648e+06  4.01879132e+05 -8.18950601e+04 
 4.01754173e+06  4.01008549e+05 -8.34263871e+04 
 4.11018515e+06  4.00102997e+05 -8.49810788e+04 
 4.20496491e+06  3.99161306e+05 -8.65587279e+04 
 4.30193027e+06  3.98182280e+05 -8.81588693e+04 
 4.40113162e+06  3.97164710e+05 -8.97809853e+04 
 4.50262052e+06  3.96107381e+05 -9.14245014e+04 
 4.60644974e+06  3.95009053e+05 -9.30887746e+04 
 4.71267322e+06  3.93868489e+05 -9.47731048e+04 
 4.82134619e+06  3.92684443e+05 -9.64767229e+04 
 4.93252513e+06  3.91455658e+05 -9.81987852e+04 
 5.04626783e+06  3.90180890e+05 -9.99383846e+04 
 5.16263340e+06  3.88858892e+05 -1.01694534e+05 
 5.28168234e+06  3.87488427e+05 -1.03466172e+05 
 5.40347650e+06  3.86068266e+05 -1.05252154e+05 
 5.52807921e+06  3.84597200e+05 -1.07051257e+05 
 5.65555523e+06  3.83074045e+05 -1.08862179e+05 
 5.78597080e+06  3.81497635e+05 -1.10683525e+05 
 5.91939372e+06  3.79866840e+05 -1.12513819e+05 
 6.05589334e+06  3.78180566e+05 -1.14351495e+05 
 6.19554061e+06  3.76437769e+05 -1.16194908e+05 
 6.33840810e+06  3.74637446e+05 -1.18042314e+05 
 6.48457008e+06  3.72778650e+05 -1.19891885e+05 
 6.63410251e+06  3.70860505e+05 -1.21741708e+05 
 6.78708313e+06  3.68882198e+05 -1.23589784e+05 
 6.94359143e+06  3.66842994e+05 -1.25434026e+05 
 7.10370877e+06  3.64742238e+05 -1.27272262e+05 
 7.26751838e+06  3.62579375e+05 -1.29102250e+05 
 7.43510539e+06  3.60353945e+05 -1.30921667e+05 
 7.60655691e+06  3.58065585e+05 -1.32728110e+05 
 7.78196206e+06  3.55714054e+05 -1.34519117e+05 
 7.96141200e+06  3.53299229e+05 -1.36292160e+05 
 8.14500001e+06  3.50821113e+05 -1.38044659e+05 
 8.33282151e+06  3.48279839e+05 -1.39773974e+05 
 8.52497412e+06  3.45675685e+05 -1.41477431e+05 
 8.72155772e+06  3.43009070e+05 -1.43152322e+05 
 8.92267449e+06  3.40280566e+05 -1.44795907e+05 
 9.12842895e+06  3.37490899e+05 -1.46405436e+05 
 9.33892805e+06  3.34640955e+05 -1.47978149e+05 
 9.55428121e+06  3.31731783e+05 -1.49511292e+05 
 9.77460036e+06  3.28764600e+05 -1.51002130e+05 
 1.00000000e+07  3.25740785e+05 -1.52447949e+05 
 1.02305973e+07  3.22661890e+05 -1.53846079e+05 
 1.04665121e+07  3.19529633e+05 -1.55193899e+05 
 1.07078670e+07  3.16345900e+05 -1.56488854e+05 
 1.09547876e+07  3.13112742e+05 -1.57728467e+05 
 1.12074020e+07  3.09832371e+05 -1.58910347e+05 
 1.14658417e+07  3.06507152e+05 -1.60032201e+05 
 1.17302409e+07  3.03139609e+05 -1.61091861e+05 
 1.20007371e+07  2.99732404e+05 -1.62087280e+05 
 1.22774708e+07  2.96288340e+05 -1.63016549e+05 
 1.25605860e+07  2.92810345e+05 -1.63877903e+05 
 1.28502297e+07  2.89301466e+05 -1.64669746e+05 
 1.31465525e+07  2.85764856e+05 -1.65390641e+05 
 1.34497085e+07  2.82203765e+05 -1.66039340e+05 
 1.37598551e+07  2.78621523e+05 -1.66614769e+05 
 1.40771537e+07  2.75021530e+05 -1.67116054e+05 
 1.44017690e+07  2.71407241e+05 -1.67542515e+05 
 1.47338699e+07  2.67782149e+05 -1.67893669e+05 
 1.50736290e+07  2.64149775e+05 -1.68169248e+05 
 1.54212228e+07  2.60513648e+05 -1.68369180e+05 
 1.57768320e+07  2.56877293e+05 -1.68493607e+05 
 1.61406415e+07  2.53244215e+05 -1.68542873e+05 
 1.65128404e+07  2.49617880e+05 -1.68517526e+05 
 1.68936220e+07  2.46001706e+05 -1.68418314e+05 
 1.72831844e+07  2.42399045e+05 -1.68246180e+05 
 1.76817299e+07  2.38813171e+05 -1.68002253e+05 
 1.80894658e+07  2.35247265e+05 -1.67687847e+05 
 1.85066040e+07  2.31704401e+05 -1.67304444e+05 
 1.89333613e+07  2.28187540e+05 -1.66853695e+05 
 1.93699595e+07  2.24699513e+05 -1.66337401e+05 
 1.98166255e+07  2.21243016e+05 -1.65757506e+05 
 2.02735916e+07  2.17820597e+05 -1.65116085e+05 
 2.07410951e+07  2.14434653e+05 -1.64415330e+05 
 2.12193792e+07  2.11087420e+05 -1.63657541e+05 
 2.17086923e+07  2.07780971e+05 -1.62845106e+05 
 2.22092889e+07  2.04517208e+05 -1.61980500e+05 
 2.27214291e+07  2.01297864e+05 -1.61066257e+05 
 2.32453791e+07  1.98124496e+05 -1.60104968e+05 
 2.37814113e+07  1.94998489e+05 -1.59099260e+05 
 2.43298042e+07  1.91921053e+05 -1.58051794e+05 
 2.48908429e+07  1.88893227e+05 -1.56965240e+05 
 2.54648190e+07  1.85915880e+05 -1.55842270e+05 
 2.60520309e+07  1.82989715e+05 -1.54685551e+05 
 2.66527837e+07  1.80115273e+05 -1.53497723e+05 
 2.72673897e+07  1.77292938e+05 -1.52281402e+05 
 2.78961683e+07  1.74522941e+05 -1.51039160e+05 
 2.85394464e+07  1.71805369e+05 -1.49773517e+05 
 2.91975583e+07  1.69140172e+05 -1.48486939e+05 
 2.98708461e+07  1.66527166e+05 -1.47181821e+05 
 3.05596598e+07  1.63966045e+05 -1.45860487e+05 
 3.12643573e+07  1.61456387e+05 -1.44525183e+05 
 3.19853049e+07  1.58997662e+05 -1.43178068e+05 
 3.27228774e+07  1.56589242e+05 -1.41821211e+05 
 3.34774581e+07  1.54230407e+05 -1.40456590e+05 
 3.42494392e+07  1.51920355e+05 -1.39086083e+05 
 3.50392221e+07  1.49658212e+05 -1.37711470e+05 
 3.58472171e+07  1.47443035e+05 -1.36334430e+05 
 3.66738442e+07  1.45273828e+05 -1.34956539e+05 
 3.75195331e+07  1.43149545e+05 -1.33579268e+05 
 3.83847234e+07  1.41069097e+05 -1.32203990e+05 
 3.92698648e+07  1.39031366e+05 -1.30831968e+05 
 4.01754173e+07  1.37035205e+05 -1.29464369e+05 
 4.11018515e+07  1.35079450e+05 -1.28102258e+05 
 4.20496491e+07  1.33162926e+05 -1.26746602e+05 
 4.30193027e+07  1.31284454e+05 -1.25398273e+05 
 4.40113162e+07  1.29442854e+05 -1.24058048e+05 
 4.50262052e+07  1.27636956e+05 -1.22726618e+05 
 4.60644974e+07  1.25865601e+05 -1.21404586e+05 
 4.71267322e+07  1.24127649e+05 -1.20092472e+05 
 4.82134619e+07  1.22421983e+05 -1.18790720e+05 
 4.93252513e+07  1.20747510e+05 -1.17499699e+05 
 5.04626783e+07  1.19103172e+05 -1.16219708e+05 
 5.16263340e+07  1.17487941e+05 -1.14950981e+05 
 5.28168234e+07  1.15900829e+05 -1.13693695e+05 
 5.40347650e+07  1.14340886e+05 -1.12447969e+05 
 5.52807921e+07  1.12807204e+05 -1.11213871e+05 
 5.65555523e+07  1.11298919e+05 -1.09991427e+05 
 5.78597080e+07  1.09815211e+05 -1.08780619e+05 
 5.91939372e+07  1.08355305e+05 -1.07581396e+05 
 6.05589334e+07  1.06918474e+05 -1.06393675e+05 
 6.19554061e+07  1.05504035e+05 -1.05217346e+05 
 6.33840810e+07  1.04111352e+05 -1.04052279e+05 
 6.48457008e+07  1.02739835e+05 -1.02898326e+05 
 6.63410251e+07  1.01388936e+05 -1.01755326e+05 
 6.78708313e+07  1.00058151e+05 -1.00623110e+05 
 6.94359143e+07  9.87470183e+04 -9.95015008e+04 
 7.10370877e+07  9.74551142e+04 -9.83903229e+04 
 7.26751838e+07  9.61820535e+04 -9.72894005e+04 
 7.43510539e+07  9.49274854e+04 -9.61985625e+04 
 7.60655691e+07  9.36910925e+04 -9.51176450e+04 
 7.78196206e+07  9.24725871e+04 -9.40464935e+04 
 7.96141200e+07  9.12717089e+04 -9.29849648e+04 
 8.14500001e+07  9.00882220e+04 -9.19329292e+04 
 8.33282151e+07  8.89219129e+04 -9.08902711e+04 
 8.52497412e+07  8.77725863e+04 -8.98568909e+04 
 8.72155772e+07  8.66400630e+04 -8.88327053e+04 
 8.92267449e+07  8.55241773e+04 -8.78176476e+04 
 9.12842895e+07  8.44247733e+04 -8.68116684e+04 
 9.33892805e+07  8.33417032e+04 -8.58147351e+04 
 9.55428121e+07  8.22748247e+04 -8.48268316e+04 
 9.77460036e+07  8.12239976e+04 -8.38479579e+04 
 1.00000000e+08  8.01890831e+04 -8.28781289e+04 
 1.02305973e+08  7.91699399e+04 -8.19173739e+04 
 1.04665121e+08  7.81664243e+04 -8.09657349e+04 
 1.07078670e+08  7.71783868e+04 -8.00232656e+04 
 1.09547876e+08  7.62056719e+04 -7.90900300e+04 
 1.12074020e+08  7.52481160e+04 -7.81661005e+04 
 1.14658417e+08  7.43055470e+04 -7.72515568e+04 
 1.17302409e+08  7.33777830e+04 -7.63464836e+04 
 1.20007371e+08  7.24646318e+04 -7.54509698e+04 
 1.22774708e+08  7.15658911e+04 -7.45651057e+04 
 1.25605860e+08  7.06813473e+04 -7.36889825e+04 
 1.28502297e+08  6.98107762e+04 -7.28226897e+04 
 1.31465525e+08  6.89539432e+04 -7.19663144e+04 
 1.34497085e+08  6.81106033e+04 -7.11199390e+04 
 1.37598551e+08  6.72805018e+04 -7.02836406e+04 
 1.40771537e+08  6.64633748e+04 -6.94574890e+04 
 1.44017690e+08  6.56589504e+04 -6.86415462e+04 
 1.47338699e+08  6.48669491e+04 -6.78358648e+04 
 1.50736290e+08  6.40870848e+04 -6.70404874e+04 
 1.54212228e+08  6.33190662e+04 -6.62554458e+04 
 1.57768320e+08  6.25625977e+04 -6.54807604e+04 
 1.61406415e+08  6.18173804e+04 -6.47164394e+04 
 1.65128404e+08  6.10831134e+04 -6.39624789e+04 
 1.68936220e+08  6.03594950e+04 -6.32188624e+04 
 1.72831844e+08  5.96462237e+04 -6.24855606e+04 
 1.76817299e+08  5.89429994e+04 -6.17625319e+04 
 1.80894658e+08  5.82495246e+04 -6.10497219e+04 
 1.85066040e+08  5.75655054e+04 -6.03470644e+04 
 1.89333613e+08  5.68906525e+04 -5.96544810e+04 
 1.93699595e+08  5.62246819e+04 -5.89718820e+04 
 1.98166255e+08  5.55673164e+04 -5.82991669e+04 
 2.02735916e+08  5.49182858e+04 -5.76362247e+04 
 2.07410951e+08  5.42773281e+04 -5.69829350e+04 
 2.12193792e+08  5.36441901e+04 -5.63391686e+04 
 2.17086923e+08  5.30186276e+04 -5.57047881e+04 
 2.22092889e+08  5.24004065e+04 -5.50796490e+04 
 2.27214291e+08  5.17893024e+04 -5.44636006e+04 
 2.32453791e+08  5.11851018e+04 -5.38564867e+04 
 2.37814113e+08  5.05876015e+04 -5.32581464e+04 
 2.43298042e+08  4.99966092e+04 -5.26684154e+04 
 2.48908429e+08  4.94119432e+04 -5.20871262e+04 
 2.54648190e+08  4.88334325e+04 -5.15141095e+04 
 2.60520309e+08  4.82609170e+04 -5.09491950e+04 
 2.66527837e+08  4.76942466e+04 -5.03922117e+04 
 2.72673897e+08  4.71332815e+04 -4.98429890e+04 
 2.78961683e+08  4.65778916e+04 -4.93013573e+04 
 2.85394464e+08  4.60279566e+04 -4.87671487e+04 
 2.91975583e+08  4.54833648e+04 -4.82401975e+04 
 2.98708461e+08  4.49440135e+04 -4.77203406e+04 
 3.05596598e+08  4.44098079e+04 -4.72074184e+04 
 3.12643573e+08  4.38806609e+04 -4.67012748e+04 
 3.19853049e+08  4.33564926e+04 -4.62017577e+04 
 3.27228774e+08  4.28372297e+04 -4.57087193e+04 
 3.34774581e+08  4.23228049e+04 -4.52220166e+04 
 3.42494392e+08  4.18131565e+04 -4.47415111e+04 
 3.50392221e+08  4.13082279e+04 -4.42670694e+04 
 3.58472171e+08  4.08079669e+04 -4.37985630e+04 
 3.66738442e+08  4.03123253e+04 -4.33358688e+04 
 3.75195331e+08  3.98212584e+04 -4.28788683e+04 
 3.83847234e+08  3.93347246e+04 -4.24274485e+04 
 3.92698648e+08  3.88526848e+04 -4.19815011e+04 
 4.01754173e+08  3.83751020e+04 -4.15409231e+04 
 4.11018515e+08  3.79019411e+04 -4.11056159e+04 
 4.20496491e+08  3.74331682e+04 -4.06754856e+04 
 4.30193027e+08  3.69687507e+04 -4.02504430e+04 
 4.40113162e+08  3.65086563e+04 -3.98304029e+04 
 4.50262052e+08  3.60528534e+04 -3.94152842e+04 
 4.60644974e+08  3.56013106e+04 -3.90050098e+04 
 4.71267322e+08  3.51539962e+04 -3.85995060e+04 
 4.82134619e+08  3.47108785e+04 -3.81987026e+04 
 4.93252513e+08  3.42719251e+04 -3.78025322e+04 
 5.04626783e+08  3.38371032e+04 -3.74109308e+04 
 5.16263340e+08  3.34063793e+04 -3.70238364e+04 
 5.28168234e+08  3.29797188e+04 -3.66411899e+04 
 5.40347650e+08  3.25570866e+04 -3.62629340e+04 
 5.52807921e+08  3.21384465e+04 -3.58890135e+04 
 5.65555523e+08  3.17237615e+04 -3.55193746e+04 
 5.78597080e+08  3.13129934e+04 -3.51539653e+04 
 5.91939372e+08  3.09061032e+04 -3.47927347e+04 
 6.05589334e+08  3.05030511e+04 -3.44356329e+04 
 6.19554061e+08  3.01037961e+04 -3.40826110e+04 
 6.33840810e+08  2.97082967e+04 -3.37336208e+04 
 6.48457008e+08  2.93165104e+04 -3.33886147e+04 
 6.63410251e+08  2.89283942e+04 -3.30475454e+04 
 6.78708313e+08  2.85439042e+04 -3.27103661e+04 
 6.94359143e+08  2.81629962e+04 -3.23770301e+04 
 7.10370877e+08  2.77856253e+04 -3.20474908e+04 
 7.26751838e+08  2.74117465e+04 -3.17217017e+04 
 7.43510539e+08  2.70413142e+04 -3.13996161e+04 
 7.60655691e+08  2.66742827e+04 -3.10811874e+04 
 7.78196206e+08  2.63106063e+04 -3.07663686e+04 
 7.96141200e+08  2.59502389e+04 -3.04551126e+04 
 8.14500001e+08  2.55931347e+04 -3.01473721e+04 
 8.33282151e+08  2.52392480e+04 -2.98430996e+04 
 8.52497412e+08  2.48885330e+04 -2.95422470e+04 
 8.72155772e+08  2.45409443e+04 -2.92447662e+04 
 8.92267449e+08  2.41964368e+04 -2.89506087e+04 
 9.12842895e+08  2.38549656e+04 -2.86597256e+04 
 9.33892805e+08  2.35164863e+04 -2.83720676e+04 
 9.55428121e+08  2.31809548e+04 -2.80875854e+04 
 9.77460036e+08  2.28483275e+04 -2.78062289e+04 
 1.00000000e+09  2.25185615e+04 -2.75279479e+04 
