 frequency       v(inoise_spectrum) v(onoise_spectrum)
 1.00000000e+00  9.89509751e-06  9.28900269e-06 
 1.02305973e+00  9.78307006e-06  9.18383715e-06 
 1.04665121e+00  9.67231378e-06  9.07986492e-06 
 1.07078670e+00  9.56281430e-06  8.97707250e-06 
 1.09547876e+00  9.45455738e-06  8.87544653e-06 
 1.12074020e+00  9.34752895e-06  8.77497382e-06 
 1.14658417e+00  9.24171511e-06  8.67564129e-06 
 1.17302409e+00  9.13710211e-06  8.57743605e-06 
 1.20007371e+00  9.03367636e-06  8.48034533e-06 
 1.22774708e+00  8.93142441e-06  8.38435652e-06 
 1.25605860e+00  8.83033298e-06  8.28945715e-06 
 1.28502297e+00  8.73038894e-06  8.19563489e-06 
 1.31465525e+00  8.63157930e-06  8.10287753e-06 
 1.34497085e+00  8.53389121e-06  8.01117304e-06 
 1.37598551e+00  8.43731200e-06  7.92050950e-06 
 1.40771537e+00  8.34182910e-06  7.83087512e-06 
 1.44017690e+00  8.24743010e-06  7.74225826e-06 
 1.47338699e+00  8.15410276e-06  7.65464740e-06 
 1.50736290e+00  8.06183493e-06  7.56803116e-06 
 1.54212228e+00  7.97061462e-06  7.48239829e-06 
 1.57768320e+00  7.88043000e-06  7.39773765e-06 
 1.61406415e+00  7.79126933e-06  7.31403826e-06 
 1.65128404e+00  7.70312103e-06  7.23128922e-06 
 1.68936220e+00  7.61597364e-06  7.14947979e-06 
 1.72831844e+00  7.52981586e-06  7.06859934e-06 
 1.76817299e+00  7.44463647e-06  6.98863736e-06 
 1.80894658e+00  7.36042440e-06  6.90958346e-06 
 1.85066040e+00  7.27716873e-06  6.83142737e-06 
 1.89333613e+00  7.19485863e-06  6.75415892e-06 
 1.93699595e+00  7.11348340e-06  6.67776809e-06 
 1.98166255e+00  7.03303247e-06  6.60224495e-06 
 2.02735916e+00  6.95349539e-06  6.52757968e-06 
 2.07410951e+00  6.87486182e-06  6.45376257e-06 
 2.12193792e+00  6.79712155e-06  6.38078405e-06 
 2.17086923e+00  6.72026447e-06  6.30863462e-06 
 2.22092889e+00  6.64428059e-06  6.23730491e-06 
 2.27214291e+00  6.56916005e-06  6.16678565e-06 
 2.32453791e+00  6.49489307e-06  6.09706768e-06 
 2.37814113e+00  6.42147002e-06  6.02814194e-06 
 2.43298042e+00  6.34888136e-06  5.95999948e-06 
 2.48908429e+00  6.27711763e-06  5.89263143e-06 
 2.54648190e+00  6.20616954e-06  5.82602905e-06 
 2.60520309e+00  6.13602785e-06  5.76018368e-06 
 2.66527837e+00  6.06668344e-06  5.69508676e-06 
 2.72673897e+00  5.99812732e-06  5.63072984e-06 
 2.78961683e+00  5.93035057e-06  5.56710456e-06 
 2.85394464e+00  5.86334439e-06  5.50420264e-06 
 2.91975583e+00  5.79710006e-06  5.44201591e-06 
 2.98708461e+00  5.73160898e-06  5.38053629e-06 
 3.05596598e+00  5.66686265e-06  5.31975580e-06 
 3.12643573e+00  5.60285263e-06  5.25966653e-06 
 3.19853049e+00  5.53957063e-06  5.20026068e-06 
 3.27228774e+00  5.47700842e-06  5.14153053e-06 
 3.34774581e+00  5.41515786e-06  5.08346844e-06 
 3.42494392e+00  5.35401092e-06  5.02606688e-06 
 3.50392221e+00  5.29355966e-06  4.96931838e-06 
 3.58472171e+00  5.23379621e-06  4.91321556e-06 
 3.66738442e+00  5.17471282e-06  4.85775115e-06 
 3.75195331e+00  5.11630180e-06  4.80291792e-06 
 3.83847234e+00  5.05855557e-06  4.74870877e-06 
 3.92698648e+00  5.00146662e-06  4.69511663e-06 
 4.01754173e+00  4.94502753e-06  4.64213455e-06 
 4.11018515e+00  4.88923098e-06  4.58975565e-06 
 4.20496491e+00  4.83406970e-06  4.53797311e-06 
 4.30193027e+00  4.77953653e-06  4.48678021e-06 
 4.40113162e+00  4.72562439e-06  4.43617030e-06 
 4.50262052e+00  4.67232626e-06  4.38613679e-06 
 4.60644974e+00  4.61963523e-06  4.33667319e-06 
 4.71267322e+00  4.56754445e-06  4.28777307e-06 
 4.82134619e+00  4.51604714e-06  4.23943008e-06 
 4.93252513e+00  4.46513662e-06  4.19163793e-06 
 5.04626783e+00  4.41480626e-06  4.14439041e-06 
 5.16263340e+00  4.36504954e-06  4.09768139e-06 
 5.28168234e+00  4.31585997e-06  4.05150479e-06 
 5.40347650e+00  4.26723118e-06  4.00585461e-06 
 5.52807921e+00  4.21915684e-06  3.96072492e-06 
 5.65555523e+00  4.17163071e-06  3.91610985e-06 
 5.78597080e+00  4.12464660e-06  3.87200362e-06 
 5.91939372e+00  4.07819841e-06  3.82840048e-06 
 6.05589334e+00  4.03228011e-06  3.78529477e-06 
 6.19554061e+00  3.98688573e-06  3.74268088e-06 
 6.33840810e+00  3.94200937e-06  3.70055329e-06 
 6.48457008e+00  3.89764520e-06  3.65890651e-06 
 6.63410251e+00  3.85378745e-06  3.61773514e-06 
 6.78708313e+00  3.81043042e-06  3.57703382e-06 
 6.94359143e+00  3.76756848e-06  3.53679726e-06 
 7.10370877e+00  3.72519605e-06  3.49702023e-06 
 7.26751838e+00  3.68330764e-06  3.45769757e-06 
 7.43510539e+00  3.64189780e-06  3.41882416e-06 
 7.60655691e+00  3.60096114e-06  3.38039495e-06 
 7.78196206e+00  3.56049234e-06  3.34240496e-06 
 7.96141200e+00  3.52048615e-06  3.30484923e-06 
 8.14500001e+00  3.48093737e-06  3.26772289e-06 
 8.33282151e+00  3.44184085e-06  3.23102111e-06 
 8.52497412e+00  3.40319152e-06  3.19473913e-06 
 8.72155772e+00  3.36498435e-06  3.15887222e-06 
 8.92267449e+00  3.32721437e-06  3.12341574e-06 
 9.12842895e+00  3.28987669e-06  3.08836506e-06 
 9.33892805e+00  3.25296643e-06  3.05371563e-06 
 9.55428121e+00  3.21647881e-06  3.01946295e-06 
 9.77460036e+00  3.18040908e-06  2.98560257e-06 
 1.00000000e+01  3.14475256e-06  2.95213008e-06 
 1.02305973e+01  3.10950461e-06  2.91904113e-06 
 1.04665121e+01  3.07466064e-06  2.88633143e-06 
 1.07078670e+01  3.04021614e-06  2.85399673e-06 
 1.09547876e+01  3.00616662e-06  2.82203280e-06 
 1.12074020e+01  2.97250765e-06  2.79043552e-06 
 1.14658417e+01  2.93923486e-06  2.75920076e-06 
 1.17302409e+01  2.90634393e-06  2.72832446e-06 
 1.20007371e+01  2.87383057e-06  2.69780261e-06 
 1.22774708e+01  2.84169057e-06  2.66763125e-06 
 1.25605860e+01  2.80991974e-06  2.63780645e-06 
 1.28502297e+01  2.77851395e-06  2.60832433e-06 
 1.31465525e+01  2.74746913e-06  2.57918106e-06 
 1.34497085e+01  2.71678122e-06  2.55037286e-06 
 1.37598551e+01  2.68644625e-06  2.52189596e-06 
 1.40771537e+01  2.65646027e-06  2.49374669e-06 
 1.44017690e+01  2.62681938e-06  2.46592136e-06 
 1.47338699e+01  2.59751973e-06  2.43841637e-06 
 1.50736290e+01  2.56855750e-06  2.41122813e-06 
 1.54212228e+01  2.53992893e-06  2.38435312e-06 
 1.57768320e+01  2.51163029e-06  2.35778784e-06 
 1.61406415e+01  2.48365792e-06  2.33152883e-06 
 1.65128404e+01  2.45600816e-06  2.30557267e-06 
 1.68936220e+01  2.42867742e-06  2.27991600e-06 
 1.72831844e+01  2.40166215e-06  2.25455547e-06 
 1.76817299e+01  2.37495883e-06  2.22948778e-06 
 1.80894658e+01  2.34856400e-06  2.20470968e-06 
 1.85066040e+01  2.32247421e-06  2.18021794e-06 
 1.89333613e+01  2.29668607e-06  2.15600938e-06 
 1.93699595e+01  2.27119623e-06  2.13208084e-06 
 1.98166255e+01  2.24600137e-06  2.10842922e-06 
 2.02735916e+01  2.22109821e-06  2.08505143e-06 
 2.07410951e+01  2.19648351e-06  2.06194443e-06 
 2.12193792e+01  2.17215407e-06  2.03910522e-06 
 2.17086923e+01  2.14810672e-06  2.01653082e-06 
 2.22092889e+01  2.12433834e-06  1.99421830e-06 
 2.27214291e+01  2.10084583e-06  1.97216475e-06 
 2.32453791e+01  2.07762612e-06  1.95036730e-06 
 2.37814113e+01  2.05467621e-06  1.92882312e-06 
 2.43298042e+01  2.03199309e-06  1.90752939e-06 
 2.48908429e+01  2.00957382e-06  1.88648335e-06 
 2.54648190e+01  1.98741548e-06  1.86568225e-06 
 2.60520309e+01  1.96551519e-06  1.84512339e-06 
 2.66527837e+01  1.94387008e-06  1.82480409e-06 
 2.72673897e+01  1.92247734e-06  1.80472170e-06 
 2.78961683e+01  1.90133418e-06  1.78487360e-06 
 2.85394464e+01  1.88043786e-06  1.76525722e-06 
 2.91975583e+01  1.85978564e-06  1.74586999e-06 
 2.98708461e+01  1.83937483e-06  1.72670939e-06 
 3.05596598e+01  1.81920278e-06  1.70777291e-06 
 3.12643573e+01  1.79926685e-06  1.68905810e-06 
 3.19853049e+01  1.77956445e-06  1.67056252e-06 
 3.27228774e+01  1.76009301e-06  1.65228374e-06 
 3.34774581e+01  1.74084999e-06  1.63421939e-06 
 3.42494392e+01  1.72183287e-06  1.61636711e-06 
 3.50392221e+01  1.70303918e-06  1.59872457e-06 
 3.58472171e+01  1.68446646e-06  1.58128947e-06 
 3.66738442e+01  1.66611230e-06  1.56405954e-06 
 3.75195331e+01  1.64797429e-06  1.54703252e-06 
 3.83847234e+01  1.63005007e-06  1.53020619e-06 
 3.92698648e+01  1.61233730e-06  1.51357836e-06 
 4.01754173e+01  1.59483366e-06  1.49714686e-06 
 4.11018515e+01  1.57753687e-06  1.48090953e-06 
 4.20496491e+01  1.56044466e-06  1.46486425e-06 
 4.30193027e+01  1.54355481e-06  1.44900894e-06 
 4.40113162e+01  1.52686510e-06  1.43334151e-06 
 4.50262052e+01  1.51037335e-06  1.41785992e-06 
 4.60644974e+01  1.49407741e-06  1.40256213e-06 
 4.71267322e+01  1.47797514e-06  1.38744616e-06 
 4.82134619e+01  1.46206444e-06  1.37251002e-06 
 4.93252513e+01  1.44634322e-06  1.35775175e-06 
 5.04626783e+01  1.43080942e-06  1.34316943e-06 
 5.16263340e+01  1.41546100e-06  1.32876114e-06 
 5.28168234e+01  1.40029597e-06  1.31452500e-06 
 5.40347650e+01  1.38531232e-06  1.30045913e-06 
 5.52807921e+01  1.37050809e-06  1.28656169e-06 
 5.65555523e+01  1.35588135e-06  1.27283086e-06 
 5.78597080e+01  1.34143016e-06  1.25926484e-06 
 5.91939372e+01  1.32715263e-06  1.24586184e-06 
 6.05589334e+01  1.31304689e-06  1.23262010e-06 
 6.19554061e+01  1.29911108e-06  1.21953789e-06 
 6.33840810e+01  1.28534337e-06  1.20661348e-06 
 6.48457008e+01  1.27174195e-06  1.19384517e-06 
 6.63410251e+01  1.25830501e-06  1.18123127e-06 
 6.78708313e+01  1.24503081e-06  1.16877014e-06 
 6.94359143e+01  1.23191758e-06  1.15646012e-06 
 7.10370877e+01  1.21896359e-06  1.14429959e-06 
 7.26751838e+01  1.20616714e-06  1.13228695e-06 
 7.43510539e+01  1.19352653e-06  1.12042061e-06 
 7.60655691e+01  1.18104010e-06  1.10869900e-06 
 7.78196206e+01  1.16870619e-06  1.09712056e-06 
 7.96141200e+01  1.15652318e-06  1.08568378e-06 
 8.14500001e+01  1.14448944e-06  1.07438713e-06 
 8.33282151e+01  1.13260337e-06  1.06322911e-06 
 8.52497412e+01  1.12086342e-06  1.05220825e-06 
 8.72155772e+01  1.10926800e-06  1.04132308e-06 
 8.92267449e+01  1.09781559e-06  1.03057216e-06 
 9.12842895e+01  1.08650466e-06  1.01995404e-06 
 9.33892805e+01  1.07533370e-06  1.00946733e-06 
 9.55428121e+01  1.06430123e-06  9.99110614e-07 
 9.77460036e+01  1.05340576e-06  9.88882519e-07 
 1.00000000e+02  1.04264585e-06  9.78781674e-07 
 1.02305973e+02  1.03202006e-06  9.68806731e-07 
 1.04665121e+02  1.02152695e-06  9.58956351e-07 
 1.07078670e+02  1.01116514e-06  9.49229214e-07 
 1.09547876e+02  1.00093321e-06  9.39624015e-07 
 1.12074020e+02  9.90829802e-07  9.30139461e-07 
 1.14658417e+02  9.80853551e-07  9.20774275e-07 
 1.17302409e+02  9.71003112e-07  9.11527196e-07 
 1.20007371e+02  9.61277154e-07  9.02396972e-07 
 1.22774708e+02  9.51674363e-07  8.93382371e-07 
 1.25605860e+02  9.42193436e-07  8.84482170e-07 
 1.28502297e+02  9.32833088e-07  8.75695162e-07 
 1.31465525e+02  9.23592046e-07  8.67020153e-07 
 1.34497085e+02  9.14469051e-07  8.58455960e-07 
 1.37598551e+02  9.05462860e-07  8.50001416e-07 
 1.40771537e+02  8.96572240e-07  8.41655364e-07 
 1.44017690e+02  8.87795974e-07  8.33416663e-07 
 1.47338699e+02  8.79132858e-07  8.25284180e-07 
 1.50736290e+02  8.70581700e-07  8.17256797e-07 
 1.54212228e+02  8.62141321e-07  8.09333408e-07 
 1.57768320e+02  8.53810554e-07  8.01512918e-07 
 1.61406415e+02  8.45588247e-07  7.93794244e-07 
 1.65128404e+02  8.37473258e-07  7.86176314e-07 
 1.68936220e+02  8.29464457e-07  7.78658068e-07 
 1.72831844e+02  8.21560727e-07  7.71238457e-07 
 1.76817299e+02  8.13760961e-07  7.63916442e-07 
 1.80894658e+02  8.06064066e-07  7.56690997e-07 
 1.85066040e+02  7.98468958e-07  7.49561105e-07 
 1.89333613e+02  7.90974566e-07  7.42525760e-07 
 1.93699595e+02  7.83579829e-07  7.35583965e-07 
 1.98166255e+02  7.76283696e-07  7.28734734e-07 
 2.02735916e+02  7.69085129e-07  7.21977093e-07 
 2.07410951e+02  7.61983097e-07  7.15310076e-07 
 2.12193792e+02  7.54976583e-07  7.08732725e-07 
 2.17086923e+02  7.48064578e-07  7.02244094e-07 
 2.22092889e+02  7.41246084e-07  6.95843246e-07 
 2.27214291e+02  7.34520111e-07  6.89529252e-07 
 2.32453791e+02  7.27885681e-07  6.83301194e-07 
 2.37814113e+02  7.21341824e-07  6.77158160e-07 
 2.43298042e+02  7.14887579e-07  6.71099251e-07 
 2.48908429e+02  7.08521996e-07  6.65123572e-07 
 2.54648190e+02  7.02244132e-07  6.59230240e-07 
 2.60520309e+02  6.96053054e-07  6.53418378e-07 
 2.66527837e+02  6.89947838e-07  6.47687118e-07 
 2.72673897e+02  6.83927567e-07  6.42035601e-07 
 2.78961683e+02  6.77991335e-07  6.36462974e-07 
 2.85394464e+02  6.72138241e-07  6.30968393e-07 
 2.91975583e+02  6.66367394e-07  6.25551022e-07 
 2.98708461e+02  6.60677912e-07  6.20210032e-07 
 3.05596598e+02  6.55068919e-07  6.14944600e-07 
 3.12643573e+02  6.49539547e-07  6.09753913e-07 
 3.19853049e+02  6.44088937e-07  6.04637163e-07 
 3.27228774e+02  6.38716236e-07  5.99593550e-07 
 3.34774581e+02  6.33420598e-07  5.94622280e-07 
 3.42494392e+02  6.28201185e-07  5.89722566e-07 
 3.50392221e+02  6.23057167e-07  5.84893629e-07 
 3.58472171e+02  6.17987720e-07  5.80134695e-07 
 3.66738442e+02  6.12992026e-07  5.75444996e-07 
 3.75195331e+02  6.08069275e-07  5.70823773e-07 
 3.83847234e+02  6.03218663e-07  5.66270270e-07 
 3.92698648e+02  5.98439393e-07  5.61783738e-07 
 4.01754173e+02  5.93730673e-07  5.57363436e-07 
 4.11018515e+02  5.89091719e-07  5.53008627e-07 
 4.20496491e+02  5.84521753e-07  5.48718579e-07 
 4.30193027e+02  5.80020002e-07  5.44492568e-07 
 4.40113162e+02  5.75585699e-07  5.40329875e-07 
 4.50262052e+02  5.71218085e-07  5.36229784e-07 
 4.60644974e+02  5.66916403e-07  5.32191588e-07 
 4.71267322e+02  5.62679906e-07  5.28214584e-07 
 4.82134619e+02  5.58507850e-07  5.24298073e-07 
 4.93252513e+02  5.54399497e-07  5.20441363e-07 
 5.04626783e+02  5.50354114e-07  5.16643767e-07 
 5.16263340e+02  5.46370974e-07  5.12904601e-07 
 5.28168234e+02  5.42449357e-07  5.09223189e-07 
 5.40347650e+02  5.38588544e-07  5.05598858e-07 
 5.52807921e+02  5.34787826e-07  5.02030939e-07 
 5.65555523e+02  5.31046496e-07  4.98518771e-07 
 5.78597080e+02  5.27363852e-07  4.95061695e-07 
 5.91939372e+02  5.23739199e-07  4.91659058e-07 
 6.05589334e+02  5.20171846e-07  4.88310210e-07 
 6.19554061e+02  5.16661106e-07  4.85014508e-07 
 6.33840810e+02  5.13206297e-07  4.81771311e-07 
 6.48457008e+02  5.09806744e-07  4.78579985e-07 
 6.63410251e+02  5.06461775e-07  4.75439900e-07 
 6.78708313e+02  5.03170721e-07  4.72350427e-07 
 6.94359143e+02  4.99932922e-07  4.69310947e-07 
 7.10370877e+02  4.96747718e-07  4.66320841e-07 
 7.26751838e+02  4.93614457e-07  4.63379496e-07 
 7.43510539e+02  4.90532491e-07  4.60486303e-07 
 7.60655691e+02  4.87501174e-07  4.57640658e-07 
 7.78196206e+02  4.84519868e-07  4.54841960e-07 
 7.96141200e+02  4.81587938e-07  4.52089613e-07 
 8.14500001e+02  4.78704754e-07  4.49383026e-07 
 8.33282151e+02  4.75869688e-07  4.46721610e-07 
 8.52497412e+02  4.73082120e-07  4.44104783e-07 
 8.72155772e+02  4.70341433e-07  4.41531964e-07 
 8.92267449e+02  4.67647014e-07  4.39002580e-07 
 9.12842895e+02  4.64998255e-07  4.36516058e-07 
 9.33892805e+02  4.62394552e-07  4.34071833e-07 
 9.55428121e+02  4.59835307e-07  4.31669342e-07 
 9.77460036e+02  4.57319923e-07  4.29308026e-07 
 1.00000000e+03  4.54847812e-07  4.26987331e-07 
 1.02305973e+03  4.52418386e-07  4.24706708e-07 
 1.04665121e+03  4.50031065e-07  4.22465610e-07 
 1.07078670e+03  4.47685272e-07  4.20263495e-07 
 1.09547876e+03  4.45380434e-07  4.18099827e-07 
 1.12074020e+03  4.43115983e-07  4.15974072e-07 
 1.14658417e+03  4.40891355e-07  4.13885701e-07 
 1.17302409e+03  4.38705992e-07  4.11834189e-07 
 1.20007371e+03  4.36559339e-07  4.09819016e-07 
 1.22774708e+03  4.34450845e-07  4.07839665e-07 
 1.25605860e+03  4.32379967e-07  4.05895624e-07 
 1.28502297e+03  4.30346162e-07  4.03986385e-07 
 1.31465525e+03  4.28348894e-07  4.02111446e-07 
 1.34497085e+03  4.26387632e-07  4.00270307e-07 
 1.37598551e+03  4.24461849e-07  3.98462472e-07 
 1.40771537e+03  4.22571022e-07  3.96687453e-07 
 1.44017690e+03  4.20714632e-07  3.94944761e-07 
 1.47338699e+03  4.18892168e-07  3.93233916e-07 
 1.50736290e+03  4.17103121e-07  3.91554441e-07 
 1.54212228e+03  4.15346986e-07  3.89905862e-07 
 1.57768320e+03  4.13623265e-07  3.88287710e-07 
 1.61406415e+03  4.11931463e-07  3.86699523e-07 
 1.65128404e+03  4.10271092e-07  3.85140839e-07 
 1.68936220e+03  4.08641665e-07  3.83611205e-07 
 1.72831844e+03  4.07042703e-07  3.82110168e-07 
 1.76817299e+03  4.05473731e-07  3.80637284e-07 
 1.80894658e+03  4.03934278e-07  3.79192111e-07 
 1.85066040e+03  4.02423878e-07  3.77774210e-07 
 1.89333613e+03  4.00942072e-07  3.76383151e-07 
 1.93699595e+03  3.99488402e-07  3.75018505e-07 
 1.98166255e+03  3.98062419e-07  3.73679848e-07 
 2.02735916e+03  3.96663676e-07  3.72366761e-07 
 2.07410951e+03  3.95291731e-07  3.71078831e-07 
 2.12193792e+03  3.93946148e-07  3.69815648e-07 
 2.17086923e+03  3.92626497e-07  3.68576806e-07 
 2.22092889e+03  3.91332349e-07  3.67361905e-07 
 2.27214291e+03  3.90063285e-07  3.66170550e-07 
 2.32453791e+03  3.88818886e-07  3.65002349e-07 
 2.37814113e+03  3.87598742e-07  3.63856915e-07 
 2.43298042e+03  3.86402445e-07  3.62733867e-07 
 2.48908429e+03  3.85229594e-07  3.61632827e-07 
 2.54648190e+03  3.84079792e-07  3.60553424e-07 
 2.60520309e+03  3.82952646e-07  3.59495287e-07 
 2.66527837e+03  3.81847770e-07  3.58458055e-07 
 2.72673897e+03  3.80764782e-07  3.57441368e-07 
 2.78961683e+03  3.79703303e-07  3.56444873e-07 
 2.85394464e+03  3.78662963e-07  3.55468219e-07 
 2.91975583e+03  3.77643393e-07  3.54511062e-07 
 2.98708461e+03  3.76644232e-07  3.53573061e-07 
 3.05596598e+03  3.75665120e-07  3.52653881e-07 
 3.12643573e+03  3.74705707e-07  3.51753190e-07 
 3.19853049e+03  3.73765644e-07  3.50870662e-07 
 3.27228774e+03  3.72844587e-07  3.50005975e-07 
 3.34774581e+03  3.71942200e-07  3.49158811e-07 
 3.42494392e+03  3.71058148e-07  3.48328857e-07 
 3.50392221e+03  3.70192103e-07  3.47515805e-07 
 3.58472171e+03  3.69343741e-07  3.46719351e-07 
 3.66738442e+03  3.68512744e-07  3.45939194e-07 
 3.75195331e+03  3.67698797e-07  3.45175041e-07 
 3.83847234e+03  3.66901590e-07  3.44426601e-07 
 3.92698648e+03  3.66120820e-07  3.43693586e-07 
 4.01754173e+03  3.65356185e-07  3.42975717e-07 
 4.11018515e+03  3.64607391e-07  3.42272714e-07 
 4.20496491e+03  3.63874147e-07  3.41584305e-07 
 4.30193027e+03  3.63156167e-07  3.40910222e-07 
 4.40113162e+03  3.62453169e-07  3.40250199e-07 
 4.50262052e+03  3.61764876e-07  3.39603977e-07 
 4.60644974e+03  3.61091015e-07  3.38971299e-07 
 4.71267322e+03  3.60431320e-07  3.38351915e-07 
 4.82134619e+03  3.59785526e-07  3.37745576e-07 
 4.93252513e+03  3.59153374e-07  3.37152039e-07 
 5.04626783e+03  3.58534610e-07  3.36571065e-07 
 5.16263340e+03  3.57928983e-07  3.36002419e-07 
 5.28168234e+03  3.57336249e-07  3.35445870e-07 
 5.40347650e+03  3.56756165e-07  3.34901190e-07 
 5.52807921e+03  3.56188493e-07  3.34368158e-07 
 5.65555523e+03  3.55633003e-07  3.33846554e-07 
 5.78597080e+03  3.55089463e-07  3.33336163e-07 
 5.91939372e+03  3.54557651e-07  3.32836774e-07 
 6.05589334e+03  3.54037346e-07  3.32348181e-07 
 6.19554061e+03  3.53528332e-07  3.31870179e-07 
 6.33840810e+03  3.53030396e-07  3.31402570e-07 
 6.48457008e+03  3.52543332e-07  3.30945158e-07 
 6.63410251e+03  3.52066935e-07  3.30497752e-07 
 6.78708313e+03  3.51601005e-07  3.30060163e-07 
 6.94359143e+03  3.51145347e-07  3.29632208e-07 
 7.10370877e+03  3.50699768e-07  3.29213705e-07 
 7.26751838e+03  3.50264082e-07  3.28804479e-07 
 7.43510539e+03  3.49838104e-07  3.28404355e-07 
 7.60655691e+03  3.49421653e-07  3.28013165e-07 
 7.78196206e+03  3.49014555e-07  3.27630743e-07 
 7.96141200e+03  3.48616637e-07  3.27256926e-07 
 8.14500001e+03  3.48227729e-07  3.26891556e-07 
 8.33282151e+03  3.47847669e-07  3.26534477e-07 
 8.52497412e+03  3.47476293e-07  3.26185538e-07 
 8.72155772e+03  3.47113447e-07  3.25844591e-07 
 8.92267449e+03  3.46758975e-07  3.25511491e-07 
 9.12842895e+03  3.46412729e-07  3.25186096e-07 
 9.33892805e+03  3.46074563e-07  3.24868270e-07 
 9.55428121e+03  3.45744334e-07  3.24557877e-07 
 9.77460036e+03  3.45421903e-07  3.24254787e-07 
 1.00000000e+04  3.45107136e-07  3.23958873e-07 
 1.02305973e+04  3.44799902e-07  3.23670010e-07 
 1.04665121e+04  3.44500072e-07  3.23388076e-07 
 1.07078670e+04  3.44207523e-07  3.23112956e-07 
 1.09547876e+04  3.43922135e-07  3.22844535e-07 
 1.12074020e+04  3.43643790e-07  3.22582702e-07 
 1.14658417e+04  3.43372375e-07  3.22327350e-07 
 1.17302409e+04  3.43107782e-07  3.22078374e-07 
 1.20007371e+04  3.42849903e-07  3.21835675e-07 
 1.22774708e+04  3.42598637e-07  3.21599154e-07 
 1.25605860e+04  3.42353885e-07  3.21368719e-07 
 1.28502297e+04  3.42115553e-07  3.21144277e-07 
 1.31465525e+04  3.41883548e-07  3.20925743e-07 
 1.34497085e+04  3.41657784e-07  3.20713031e-07 
 1.37598551e+04  3.41438175e-07  3.20506063e-07 
 1.40771537e+04  3.41224643e-07  3.20304760e-07 
 1.44017690e+04  3.41017110e-07  3.20109049e-07 
 1.47338699e+04  3.40815504e-07  3.19918859e-07 
 1.50736290e+04  3.40619756e-07  3.19734125e-07 
 1.54212228e+04  3.40429800e-07  3.19554782e-07 
 1.57768320e+04  3.40245576e-07  3.19380771e-07 
 1.61406415e+04  3.40067027e-07  3.19212037e-07 
 1.65128404e+04  3.39894098e-07  3.19048525e-07 
 1.68936220e+04  3.39726741e-07  3.18890189e-07 
 1.72831844e+04  3.39564910e-07  3.18736981e-07 
 1.76817299e+04  3.39408565e-07  3.18588862e-07 
 1.80894658e+04  3.39257668e-07  3.18445793e-07 
 1.85066040e+04  3.39112188e-07  3.18307740e-07 
 1.89333613e+04  3.38972094e-07  3.18174674e-07 
 1.93699595e+04  3.38837365e-07  3.18046568e-07 
 1.98166255e+04  3.38707979e-07  3.17923402e-07 
 2.02735916e+04  3.38583924e-07  3.17805156e-07 
 2.07410951e+04  3.38465188e-07  3.17691818e-07 
 2.12193792e+04  3.38351766e-07  3.17583379e-07 
 2.17086923e+04  3.38243659e-07  3.17479833e-07 
 2.22092889e+04  3.38140870e-07  3.17381180e-07 
 2.27214291e+04  3.38043411e-07  3.17287425e-07 
 2.32453791e+04  3.37951295e-07  3.17198576e-07 
 2.37814113e+04  3.37864544e-07  3.17114648e-07 
 2.43298042e+04  3.37783184e-07  3.17035658e-07 
 2.48908429e+04  3.37707246e-07  3.16961632e-07 
 2.54648190e+04  3.37636770e-07  3.16892596e-07 
 2.60520309e+04  3.37571798e-07  3.16828588e-07 
 2.66527837e+04  3.37512381e-07  3.16769644e-07 
 2.72673897e+04  3.37458576e-07  3.16715813e-07 
 2.78961683e+04  3.37410446e-07  3.16667144e-07 
 2.85394464e+04  3.37368061e-07  3.16623695e-07 
 2.91975583e+04  3.37331499e-07  3.16585529e-07 
 2.98708461e+04  3.37300845e-07  3.16552717e-07 
 3.05596598e+04  3.37276191e-07  3.16525335e-07 
 3.12643573e+04  3.37257637e-07  3.16503466e-07 
 3.19853049e+04  3.37245291e-07  3.16487200e-07 
 3.27228774e+04  3.37239271e-07  3.16476635e-07 
 3.34774581e+04  3.37239702e-07  3.16471875e-07 
 3.42494392e+04  3.37246718e-07  3.16473034e-07 
 3.50392221e+04  3.37260464e-07  3.16480232e-07 
 3.58472171e+04  3.37281093e-07  3.16493597e-07 
 3.66738442e+04  3.37308770e-07  3.16513269e-07 
 3.75195331e+04  3.37343669e-07  3.16539391e-07 
 3.83847234e+04  3.37385974e-07  3.16572121e-07 
 3.92698648e+04  3.37435883e-07  3.16611622e-07 
 4.01754173e+04  3.37493604e-07  3.16658070e-07 
 4.11018515e+04  3.37559358e-07  3.16711649e-07 
 4.20496491e+04  3.37633378e-07  3.16772554e-07 
 4.30193027e+04  3.37715911e-07  3.16840992e-07 
 4.40113162e+04  3.37807216e-07  3.16917179e-07 
 4.50262052e+04  3.37907568e-07  3.17001345e-07 
 4.60644974e+04  3.38017258e-07  3.17093730e-07 
 4.71267322e+04  3.38136589e-07  3.17194588e-07 
 4.82134619e+04  3.38265883e-07  3.17304184e-07 
 4.93252513e+04  3.38405478e-07  3.17422798e-07 
 5.04626783e+04  3.38555728e-07  3.17550724e-07 
 5.16263340e+04  3.38717007e-07  3.17688267e-07 
 5.28168234e+04  3.38889707e-07  3.17835750e-07 
 5.40347650e+04  3.39074240e-07  3.17993510e-07 
 5.52807921e+04  3.39271038e-07  3.18161899e-07 
 5.65555523e+04  3.39480554e-07  3.18341286e-07 
 5.78597080e+04  3.39703265e-07  3.18532056e-07 
 5.91939372e+04  3.39939668e-07  3.18734611e-07 
 6.05589334e+04  3.40190287e-07  3.18949370e-07 
 6.19554061e+04  3.40455668e-07  3.19176772e-07 
 6.33840810e+04  3.40736386e-07  3.19417272e-07 
 6.48457008e+04  3.41033042e-07  3.19671346e-07 
 6.63410251e+04  3.41346263e-07  3.19939488e-07 
 6.78708313e+04  3.41676708e-07  3.20222213e-07 
 6.94359143e+04  3.42025065e-07  3.20520056e-07 
 7.10370877e+04  3.42392054e-07  3.20833573e-07 
 7.26751838e+04  3.42778429e-07  3.21163341e-07 
 7.43510539e+04  3.43184976e-07  3.21509958e-07 
 7.60655691e+04  3.43612518e-07  3.21874047e-07 
 7.78196206e+04  3.44061916e-07  3.22256248e-07 
 7.96141200e+04  3.44534067e-07  3.22657229e-07 
 8.14500001e+04  3.45029911e-07  3.23077676e-07 
 8.33282151e+04  3.45550426e-07  3.23518301e-07 
 8.52497412e+04  3.46096636e-07  3.23979837e-07 
 8.72155772e+04  3.46669610e-07  3.24463040e-07 
 8.92267449e+04  3.47270461e-07  3.24968689e-07 
 9.12842895e+04  3.47900353e-07  3.25497584e-07 
 9.33892805e+04  3.48560499e-07  3.26050548e-07 
 9.55428121e+04  3.49252164e-07  3.26628424e-07 
 9.77460036e+04  3.49976667e-07  3.27232076e-07 
 1.00000000e+05  3.50735384e-07  3.27862388e-07 
 1.02305973e+05  3.51529749e-07  3.28520259e-07 
 1.04665121e+05  3.52361255e-07  3.29206606e-07 
 1.07078670e+05  3.53231459e-07  3.29922363e-07 
 1.09547876e+05  3.54141982e-07  3.30668472e-07 
 1.12074020e+05  3.55094512e-07  3.31445889e-07 
 1.14658417e+05  3.56090808e-07  3.32255573e-07 
 1.17302409e+05  3.57132699e-07  3.33098490e-07 
 1.20007371e+05  3.58222090e-07  3.33975604e-07 
 1.22774708e+05  3.59360962e-07  3.34887874e-07 
 1.25605860e+05  3.60551376e-07  3.35836250e-07 
 1.28502297e+05  3.61795476e-07  3.36821666e-07 
 1.31465525e+05  3.63095492e-07  3.37845032e-07 
 1.34497085e+05  3.64453741e-07  3.38907231e-07 
 1.37598551e+05  3.65872632e-07  3.40009105e-07 
 1.40771537e+05  3.67354667e-07  3.41151451e-07 
 1.44017690e+05  3.68902447e-07  3.42335006e-07 
 1.47338699e+05  3.70518674e-07  3.43560438e-07 
 1.50736290e+05  3.72206152e-07  3.44828333e-07 
 1.54212228e+05  3.73967795e-07  3.46139179e-07 
 1.57768320e+05  3.75806625e-07  3.47493350e-07 
 1.61406415e+05  3.77725781e-07  3.48891090e-07 
 1.65128404e+05  3.79728519e-07  3.50332492e-07 
 1.68936220e+05  3.81818218e-07  3.51817475e-07 
 1.72831844e+05  3.83998383e-07  3.53345765e-07 
 1.76817299e+05  3.86272648e-07  3.54916866e-07 
 1.80894658e+05  3.88644785e-07  3.56530030e-07 
 1.85066040e+05  3.91118701e-07  3.58184232e-07 
 1.89333613e+05  3.93698450e-07  3.59878133e-07 
 1.93699595e+05  3.96388232e-07  3.61610048e-07 
 1.98166255e+05  3.99192403e-07  3.63377904e-07 
 2.02735916e+05  4.02115477e-07  3.65179205e-07 
 2.07410951e+05  4.05162131e-07  3.67010985e-07 
 2.12193792e+05  4.08337214e-07  3.68869770e-07 
 2.17086923e+05  4.11645752e-07  3.70751525e-07 
 2.22092889e+05  4.15092951e-07  3.72651612e-07 
 2.27214291e+05  4.18684210e-07  3.74564739e-07 
 2.32453791e+05  4.22425123e-07  3.76484918e-07 
 2.37814113e+05  4.26321487e-07  3.78405410e-07 
 2.43298042e+05  4.30379315e-07  3.80318686e-07 
 2.48908429e+05  4.34604838e-07  3.82216387e-07 
 2.54648190e+05  4.39004517e-07  3.84089285e-07 
 2.60520309e+05  4.43585055e-07  3.85927254e-07 
 2.66527837e+05  4.48353405e-07  3.87719253e-07 
 2.72673897e+05  4.53316778e-07  3.89453319e-07 
 2.78961683e+05  4.58482660e-07  3.91116564e-07 
 2.85394464e+05  4.63858822e-07  3.92695208e-07 
 2.91975583e+05  4.69453334e-07  3.94174611e-07 
 2.98708461e+05  4.75274578e-07  3.95539343e-07 
 3.05596598e+05  4.81331264e-07  3.96773267e-07 
 3.12643573e+05  4.87632447e-07  3.97859654e-07 
 3.19853049e+05  4.94187542e-07  3.98781324e-07 
 3.27228774e+05  5.01006345e-07  3.99520819e-07 
 3.34774581e+05  5.08099050e-07  4.00060600e-07 
 3.42494392e+05  5.15476274e-07  4.00383272e-07 
 3.50392221e+05  5.23149076e-07  4.00471840e-07 
 3.58472171e+05  5.31128979e-07  4.00309973e-07 
 3.66738442e+05  5.39428001e-07  3.99882303e-07 
 3.75195331e+05  5.48058680e-07  3.99174704e-07 
 3.83847234e+05  5.57034097e-07  3.98174598e-07 
 3.92698648e+05  5.66367916e-07  3.96871232e-07 
 4.01754173e+05  5.76074408e-07  3.95255946e-07 
 4.11018515e+05  5.86168492e-07  3.93322404e-07 
 4.20496491e+05  5.96665765e-07  3.91066783e-07 
 4.30193027e+05  6.07582546e-07  3.88487926e-07 
 4.40113162e+05  6.18935915e-07  3.85587422e-07 
 4.50262052e+05  6.30743755e-07  3.82369636e-07 
 4.60644974e+05  6.43024799e-07  3.78841671e-07 
 4.71267322e+05  6.55798679e-07  3.75013275e-07 
 4.82134619e+05  6.69085975e-07  3.70896673e-07 
 4.93252513e+05  6.82908274e-07  3.66506360e-07 
 5.04626783e+05  6.97288220e-07  3.61858844e-07 
 5.16263340e+05  7.12249579e-07  3.56972347e-07 
 5.28168234e+05  7.27817303e-07  3.51866488e-07 
 5.40347650e+05  7.44017595e-07  3.46561952e-07 
 5.52807921e+05  7.60877976e-07  3.41080154e-07 
 5.65555523e+05  7.78427368e-07  3.35442906e-07 
 5.78597080e+05  7.96696166e-07  3.29672110e-07 
 5.91939372e+05  8.15716325e-07  3.23789471e-07 
 6.05589334e+05  8.35521435e-07  3.17816239e-07 
 6.19554061e+05  8.56146832e-07  3.11772981e-07 
 6.33840810e+05  8.77629676e-07  3.05679402e-07 
 6.48457008e+05  9.00009065e-07  2.99554183e-07 
 6.63410251e+05  9.23326131e-07  2.93414874e-07 
 6.78708313e+05  9.47624161e-07  2.87277805e-07 
 6.94359143e+05  9.72948711e-07  2.81158040e-07 
 7.10370877e+05  9.99347728e-07  2.75069347e-07 
 7.26751838e+05  1.02687168e-06  2.69024203e-07 
 7.43510539e+05  1.05557371e-06  2.63033812e-07 
 7.60655691e+05  1.08550976e-06  2.57108142e-07 
 7.78196206e+05  1.11673871e-06  2.51255974e-07 
 7.96141200e+05  1.14932259e-06  2.45484962e-07 
 8.14500001e+05  1.18332672e-06  2.39801702e-07 
 8.33282151e+05  1.21881985e-06  2.34211800e-07 
 8.52497412e+05  1.25587441e-06  2.28719946e-07 
 8.72155772e+05  1.29456670e-06  2.23329989e-07 
 8.92267449e+05  1.33497705e-06  2.18045012e-07 
 9.12842895e+05  1.37719009e-06  2.12867398e-07 
 9.33892805e+05  1.42129496e-06  2.07798905e-07 
 9.55428121e+05  1.46738557e-06  2.02840726e-07 
 9.77460036e+05  1.51556086e-06  1.97993553e-07 
 1.00000000e+06  1.56592503e-06  1.93257633e-07 
 1.02305973e+06  1.61858793e-06  1.88632821e-07 
 1.04665121e+06  1.67366525e-06  1.84118630e-07 
 1.07078670e+06  1.73127895e-06  1.79714273e-07 
 1.09547876e+06  1.79155752e-06  1.75418705e-07 
 1.12074020e+06  1.85463641e-06  1.71230661e-07 
 1.14658417e+06  1.92065839e-06  1.67148687e-07 
 1.17302409e+06  1.98977397e-06  1.63171169e-07 
 1.20007371e+06  2.06214182e-06  1.59296364e-07 
 1.22774708e+06  2.13792926e-06  1.55522419e-07 
 1.25605860e+06  2.21731273e-06  1.51847393e-07 
 1.28502297e+06  2.30047832e-06  1.48269278e-07 
 1.31465525e+06  2.38762235e-06  1.44786015e-07 
 1.34497085e+06  2.47895191e-06  1.41395503e-07 
 1.37598551e+06  2.57468553e-06  1.38095622e-07 
 1.40771537e+06  2.67505386e-06  1.34884233e-07 
 1.44017690e+06  2.78030033e-06  1.31759195e-07 
 1.47338699e+06  2.89068195e-06  1.28718372e-07 
 1.50736290e+06  3.00647012e-06  1.25759637e-07 
 1.54212228e+06  3.12795146e-06  1.22880882e-07 
 1.57768320e+06  3.25542876e-06  1.20080021e-07 
 1.61406415e+06  3.38922192e-06  1.17354995e-07 
 1.65128404e+06  3.52966902e-06  1.14703775e-07 
 1.68936220e+06  3.67712744e-06  1.12124368e-07 
 1.72831844e+06  3.83197502e-06  1.09614815e-07 
 1.76817299e+06  3.99461133e-06  1.07173196e-07 
 1.80894658e+06  4.16545903e-06  1.04797631e-07 
 1.85066040e+06  4.34496531e-06  1.02486281e-07 
 1.89333613e+06  4.53360341e-06  1.00237349e-07 
 1.93699595e+06  4.73187429e-06  9.80490806e-08 
 1.98166255e+06  4.94030836e-06  9.59197634e-08 
 2.02735916e+06  5.15946737e-06  9.38477284e-08 
 2.07410951e+06  5.38994642e-06  9.18313492e-08 
 2.12193792e+06  5.63237607e-06  8.98690419e-08 
 2.17086923e+06  5.88742464e-06  8.79592644e-08 
 2.22092889e+06  6.15580069e-06  8.61005160e-08 
 2.27214291e+06  6.43825557e-06  8.42913369e-08 
 2.32453791e+06  6.73558627e-06  8.25303072e-08 
 2.37814113e+06  7.04863836e-06  8.08160463e-08 
 2.43298042e+06  7.37830924e-06  7.91472117e-08 
 2.48908429e+06  7.72555150e-06  7.75224983e-08 
 2.54648190e+06  8.09137662e-06  7.59406375e-08 
 2.60520309e+06  8.47685887e-06  7.44003959e-08 
 2.66527837e+06  8.88313947e-06  7.29005748e-08 
 2.72673897e+06  9.31143110e-06  7.14400084e-08 
 2.78961683e+06  9.76302266e-06  7.00175635e-08 
 2.85394464e+06  1.02392844e-05  6.86321380e-08 
 2.91975583e+06  1.07416735e-05  6.72826600e-08 
 2.98708461e+06  1.12717397e-05  6.59680870e-08 
 3.05596598e+06  1.18311319e-05  6.46874044e-08 
 3.12643573e+06  1.24216046e-05  6.34396250e-08 
 3.19853049e+06  1.30450252e-05  6.22237876e-08 
 3.27228774e+06  1.37033818e-05  6.10389566e-08 
 3.34774581e+06  1.43987914e-05  5.98842204e-08 
 3.42494392e+06  1.51335085e-05  5.87586911e-08 
 3.50392221e+06  1.59099349e-05  5.76615033e-08 
 3.58472171e+06  1.67306295e-05  5.65918134e-08 
 3.66738442e+06  1.75983193e-05  5.55487988e-08 
 3.75195331e+06  1.85159110e-05  5.45316571e-08 
 3.83847234e+06  1.94865033e-05  5.35396053e-08 
 3.92698648e+06  2.05134001e-05  5.25718795e-08 
 4.01754173e+06  2.16001250e-05  5.16277337e-08 
 4.11018515e+06  2.27504361e-05  5.07064397e-08 
 4.20496491e+06  2.39683428e-05  4.98072861e-08 
 4.30193027e+06  2.52581225e-05  4.89295782e-08 
 4.40113162e+06  2.66243400e-05  4.80726373e-08 
 4.50262052e+06  2.80718670e-05  4.72358000e-08 
 4.60644974e+06  2.96059036e-05  4.64184184e-08 
 4.71267322e+06  3.12320011e-05  4.56198593e-08 
 4.82134619e+06  3.29560868e-05  4.48395040e-08 
 4.93252513e+06  3.47844896e-05  4.40767479e-08 
 5.04626783e+06  3.67239687e-05  4.33310005e-08 
 5.16263340e+06  3.87817433e-05  4.26016850e-08 
 5.28168234e+06  4.09655245e-05  4.18882382e-08 
 5.40347650e+06  4.32835503e-05  4.11901103e-08 
 5.52807921e+06  4.57446219e-05  4.05067649e-08 
 5.65555523e+06  4.83581436e-05  3.98376789e-08 
 5.78597080e+06  5.11341646e-05  3.91823424e-08 
 5.91939372e+06  5.40834241e-05  3.85402588e-08 
 6.05589334e+06  5.72174003e-05  3.79109446e-08 
 6.19554061e+06  6.05483615e-05  3.72939296e-08 
 6.33840810e+06  6.40894218e-05  3.66887570e-08 
 6.48457008e+06  6.78546005e-05  3.60949833e-08 
 6.63410251e+06  7.18588856e-05  3.55121786e-08 
 6.78708313e+06  7.61183016e-05  3.49399264e-08 
 6.94359143e+06  8.06499828e-05  3.43778241e-08 
 7.10370877e+06  8.54722508e-05  3.38254826e-08 
 7.26751838e+06  9.06046982e-05  3.32825269e-08 
 7.43510539e+06  9.60682780e-05  3.27485960e-08 
 7.60655691e+06  1.01885399e-04  3.22233427e-08 
 7.78196206e+06  1.08080030e-04  3.17064344e-08 
 7.96141200e+06  1.14677806e-04  3.11975523e-08 
 8.14500001e+06  1.21706150e-04  3.06963924e-08 
 8.33282151e+06  1.29194397e-04  3.02026645e-08 
 8.52497412e+06  1.37173926e-04  2.97160932e-08 
 8.72155772e+06  1.45678311e-04  2.92364172e-08 
 8.92267449e+06  1.54743469e-04  2.87633895e-08 
 9.12842895e+06  1.64407832e-04  2.82967773e-08 
 9.33892805e+06  1.74712519e-04  2.78363621e-08 
 9.55428121e+06  1.85701529e-04  2.73819391e-08 
 9.77460036e+06  1.97421945e-04  2.69333173e-08 
 1.00000000e+07  2.09924153e-04  2.64903195e-08 
 1.02305973e+07  2.23262071e-04  2.60527814e-08 
 1.04665121e+07  2.37493409e-04  2.56205522e-08 
 1.07078670e+07  2.52679928e-04  2.51934933e-08 
 1.09547876e+07  2.68887735e-04  2.47714787e-08 
 1.12074020e+07  2.86187587e-04  2.43543942e-08 
 1.14658417e+07  3.04655227e-04  2.39421370e-08 
 1.17302409e+07  3.24371731e-04  2.35346154e-08 
 1.20007371e+07  3.45423897e-04  2.31317481e-08 
 1.22774708e+07  3.67904646e-04  2.27334638e-08 
 1.25605860e+07  3.91913460e-04  2.23397007e-08 
 1.28502297e+07  4.17556855e-04  2.19504057e-08 
 1.31465525e+07  4.44948876e-04  2.15655341e-08 
 1.34497085e+07  4.74211644e-04  2.11850489e-08 
 1.37598551e+07  5.05475926e-04  2.08089200e-08 
 1.40771537e+07  5.38881761e-04  2.04371240e-08 
 1.44017690e+07  5.74579121e-04  2.00696433e-08 
 1.47338699e+07  6.12728627e-04  1.97064654e-08 
 1.50736290e+07  6.53502311e-04  1.93475826e-08 
 1.54212228e+07  6.97084440e-04  1.89929914e-08 
 1.57768320e+07  7.43672397e-04  1.86426916e-08 
 1.61406415e+07  7.93477626e-04  1.82966861e-08 
 1.65128404e+07  8.46726646e-04  1.79549801e-08 
 1.68936220e+07  9.03662144e-04  1.76175808e-08 
 1.72831844e+07  9.64544141e-04  1.72844968e-08 
 1.76817299e+07  1.02965125e-03  1.69557377e-08 
 1.80894658e+07  1.09928204e-03  1.66313135e-08 
 1.85066040e+07  1.17375644e-03  1.63112344e-08 
 1.89333613e+07  1.25341736e-03  1.59955103e-08 
 1.93699595e+07  1.33863231e-03  1.56841507e-08 
 1.98166255e+07  1.42979523e-03  1.53771638e-08 
 2.02735916e+07  1.52732840e-03  1.50745570e-08 
 2.07410951e+07  1.63168453e-03  1.47763360e-08 
 2.12193792e+07  1.74334899e-03  1.44825049e-08 
 2.17086923e+07  1.86284220e-03  1.41930659e-08 
 2.22092889e+07  1.99072224e-03  1.39080192e-08 
 2.27214291e+07  2.12758759e-03  1.36273630e-08 
 2.32453791e+07  2.27408012e-03  1.33510929e-08 
 2.37814113e+07  2.43088836e-03  1.30792024e-08 
 2.43298042e+07  2.59875087e-03  1.28116826e-08 
 2.48908429e+07  2.77846005e-03  1.25485218e-08 
 2.54648190e+07  2.97086609e-03  1.22897063e-08 
 2.60520309e+07  3.17688133e-03  1.20352195e-08 
 2.66527837e+07  3.39748488e-03  1.17850427e-08 
 2.72673897e+07  3.63372768e-03  1.15391544e-08 
 2.78961683e+07  3.88673785e-03  1.12975310e-08 
 2.85394464e+07  4.15772655e-03  1.10601464e-08 
 2.91975583e+07  4.44799426e-03  1.08269724e-08 
 2.98708461e+07  4.75893756e-03  1.05979784e-08 
 3.05596598e+07  5.09205641e-03  1.03731318e-08 
 3.12643573e+07  5.44896210e-03  1.01523981e-08 
 3.19853049e+07  5.83138573e-03  9.93574070e-09 
 3.27228774e+07  6.24118742e-03  9.72312132e-09 
 3.34774581e+07  6.68036624e-03  9.51449992e-09 
 3.42494392e+07  7.15107099e-03  9.30983487e-09 
 3.50392221e+07  7.65561176e-03  9.10908307e-09 
 3.58472171e+07  8.19647251e-03  8.91220001e-09 
 3.66738442e+07  8.77632466e-03  8.71913993e-09 
 3.75195331e+07  9.39804176e-03  8.52985591e-09 
 3.83847234e+07  1.00647154e-02  8.34429996e-09 
 3.92698648e+07  1.07796725e-02  8.16242315e-09 
 4.01754173e+07  1.15464938e-02  7.98417571e-09 
 4.11018515e+07  1.23690343e-02  7.80950711e-09 
 4.20496491e+07  1.32514449e-02  7.63836618e-09 
 4.30193027e+07  1.41981965e-02  7.47070120e-09 
 4.40113162e+07  1.52141054e-02  7.30645998e-09 
 4.50262052e+07  1.63043617e-02  7.14558995e-09 
 4.60644974e+07  1.74745593e-02  6.98803825e-09 
 4.71267322e+07  1.87307291e-02  6.83375182e-09 
 4.82134619e+07  2.00793748e-02  6.68267744e-09 
 4.93252513e+07  2.15275120e-02  6.53476184e-09 
 5.04626783e+07  2.30827103e-02  6.38995175e-09 
 5.16263340e+07  2.47531398e-02  6.24819396e-09 
 5.28168234e+07  2.65476210e-02  6.10943539e-09 
 5.40347650e+07  2.84756796e-02  5.97362314e-09 
 5.52807921e+07  3.05476061e-02  5.84070456e-09 
 5.65555523e+07  3.27745206e-02  5.71062727e-09 
 5.78597080e+07  3.51684438e-02  5.58333922e-09 
 5.91939372e+07  3.77423739e-02  5.45878874e-09 
 6.05589334e+07  4.05103712e-02  5.33692457e-09 
 6.19554061e+07  4.34876498e-02  5.21769589e-09 
 6.33840810e+07  4.66906786e-02  5.10105237e-09 
 6.48457008e+07  5.01372905e-02  4.98694419e-09 
 6.63410251e+07  5.38468032e-02  4.87532205e-09 
 6.78708313e+07  5.78401501e-02  4.76613725e-09 
 6.94359143e+07  6.21400244e-02  4.65934162e-09 
 7.10370877e+07  6.67710363e-02  4.55488765e-09 
 7.26751838e+07  7.17598858e-02  4.45272841e-09 
 7.43510539e+07  7.71355513e-02  4.35281763e-09 
 7.60655691e+07  8.29294972e-02  4.25510968e-09 
 7.78196206e+07  8.91759009e-02  4.15955958e-09 
 7.96141200e+07  9.59119026e-02  4.06612304e-09 
 8.14500001e+07  1.03177879e-01  3.97475645e-09 
 8.33282151e+07  1.11017744e-01  3.88541686e-09 
 8.52497412e+07  1.19479280e-01  3.79806204e-09 
 8.72155772e+07  1.28614500e-01  3.71265044e-09 
 8.92267449e+07  1.38480051e-01  3.62914119e-09 
 9.12842895e+07  1.49137649e-01  3.54749415e-09 
 9.33892805e+07  1.60654568e-01  3.46766986e-09 
 9.55428121e+07  1.73104172e-01  3.38962954e-09 
 9.77460036e+07  1.86566504e-01  3.31333514e-09 
 1.00000000e+08  2.01128934e-01  3.23874928e-09 
 1.02305973e+08  2.16886876e-01  3.16583527e-09 
 1.04665121e+08  2.33944576e-01  3.09455710e-09 
 1.07078670e+08  2.52415990e-01  3.02487946e-09 
 1.09547876e+08  2.72425740e-01  2.95676769e-09 
 1.12074020e+08  2.94110186e-01  2.89018781e-09 
 1.14658417e+08  3.17618602e-01  2.82510650e-09 
 1.17302409e+08  3.43114481e-01  2.76149109e-09 
 1.20007371e+08  3.70776979e-01  2.69930958e-09 
 1.22774708e+08  4.00802514e-01  2.63853057e-09 
 1.25605860e+08  4.33406540e-01  2.57912333e-09 
 1.28502297e+08  4.68825512e-01  2.52105774e-09 
 1.31465525e+08  5.07319067e-01  2.46430428e-09 
 1.34497085e+08  5.49172447e-01  2.40883406e-09 
 1.37598551e+08  5.94699190e-01  2.35461877e-09 
 1.40771537e+08  6.44244117e-01  2.30163071e-09 
 1.44017690e+08  6.98186659e-01  2.24984274e-09 
 1.47338699e+08  7.56944555e-01  2.19922830e-09 
 1.50736290e+08  8.20977974e-01  2.14976138e-09 
 1.54212228e+08  8.90794104e-01  2.10141654e-09 
 1.57768320e+08  9.66952266e-01  2.05416888e-09 
 1.61406415e+08  1.05006962e+00  2.00799401e-09 
 1.65128404e+08  1.14082755e+00  1.96286810e-09 
 1.68936220e+08  1.23997876e+00  1.91876779e-09 
 1.72831844e+08  1.34835524e+00  1.87567028e-09 
 1.76817299e+08  1.46687713e+00  1.83355321e-09 
 1.80894658e+08  1.59656275e+00  1.79239475e-09 
 1.85066040e+08  1.73853967e+00  1.75217352e-09 
 1.89333613e+08  1.89405722e+00  1.71286863e-09 
 1.93699595e+08  2.06450057e+00  1.67445962e-09 
 1.98166255e+08  2.25140636e+00  1.63692652e-09 
 2.02735916e+08  2.45648045e+00  1.60024977e-09 
 2.07410951e+08  2.68161773e+00  1.56441024e-09 
 2.12193792e+08  2.92892448e+00  1.52938925e-09 
 2.17086923e+08  3.20074348e+00  1.49516853e-09 
 2.22092889e+08  3.49968241e+00  1.46173019e-09 
 2.27214291e+08  3.82864569e+00  1.42905676e-09 
 2.32453791e+08  4.19087059e+00  1.39713117e-09 
 2.37814113e+08  4.58996790e+00  1.36593672e-09 
 2.43298042e+08  5.02996789e+00  1.33545707e-09 
 2.48908429e+08  5.51537236e+00  1.30567628e-09 
 2.54648190e+08  6.05121348e+00  1.27657874e-09 
 2.60520309e+08  6.64312053e+00  1.24814921e-09 
 2.66527837e+08  7.29739548e+00  1.22037278e-09 
 2.72673897e+08  8.02109884e+00  1.19323489e-09 
 2.78961683e+08  8.82214711e+00  1.16672130e-09 
 2.85394464e+08  9.70942358e+00  1.14081810e-09 
 2.91975583e+08  1.06929044e+01  1.11551169e-09 
 2.98708461e+08  1.09078877e+01  1.09078877e-09 
 3.05596598e+08  1.06663637e+01  1.06663637e-09 
 3.12643573e+08  1.04304179e+01  1.04304179e-09 
 3.19853049e+08  1.01999262e+01  1.01999262e-09 
 3.27228774e+08  9.97476751e+00  9.97476751e-10 
 3.34774581e+08  9.75482336e+00  9.75482336e-10 
 3.42494392e+08  9.53997803e+00  9.53997803e-10 
 3.50392221e+08  9.33011842e+00  9.33011842e-10 
 3.58472171e+08  9.12513405e+00  9.12513405e-10 
 3.66738442e+08  8.92491695e+00  8.92491695e-10 
 3.75195331e+08  8.72936162e+00  8.72936162e-10 
 3.83847234e+08  8.53836498e+00  8.53836498e-10 
 3.92698648e+08  8.35182633e+00  8.35182633e-10 
 4.01754173e+08  8.16964724e+00  8.16964724e-10 
 4.11018515e+08  7.99173158e+00  7.99173158e-10 
 4.20496491e+08  7.81798539e+00  7.81798539e-10 
 4.30193027e+08  7.64831688e+00  7.64831688e-10 
 4.40113162e+08  7.48263636e+00  7.48263636e-10 
 4.50262052e+08  7.32085619e+00  7.32085619e-10 
 4.60644974e+08  7.16289075e+00  7.16289075e-10 
 4.71267322e+08  7.00865636e+00  7.00865636e-10 
 4.82134619e+08  6.85807127e+00  6.85807127e-10 
 4.93252513e+08  6.71105559e+00  6.71105559e-10 
 5.04626783e+08  6.56753125e+00  6.56753125e-10 
 5.16263340e+08  6.42742196e+00  6.42742196e-10 
 5.28168234e+08  6.29065317e+00  6.29065317e-10 
 5.40347650e+08  6.15715201e+00  6.15715201e-10 
 5.52807921e+08  6.02684727e+00  6.02684727e-10 
 5.65555523e+08  5.89966935e+00  5.89966935e-10 
 5.78597080e+08  5.77555021e+00  5.77555021e-10 
 5.91939372e+08  5.65442334e+00  5.65442334e-10 
 6.05589334e+08  5.53622371e+00  5.53622371e-10 
 6.19554061e+08  5.42088774e+00  5.42088774e-10 
 6.33840810e+08  5.30835329e+00  5.30835329e-10 
 6.48457008e+08  5.19855955e+00  5.19855955e-10 
 6.63410251e+08  5.09144706e+00  5.09144706e-10 
 6.78708313e+08  4.98695767e+00  4.98695767e-10 
 6.94359143e+08  4.88503446e+00  4.88503446e-10 
 7.10370877e+08  4.78562178e+00  4.78562178e-10 
 7.26751838e+08  4.68866514e+00  4.68866514e-10 
 7.43510539e+08  4.59411119e+00  4.59411119e-10 
 7.60655691e+08  4.50190774e+00  4.50190774e-10 
 7.78196206e+08  4.41200366e+00  4.41200366e-10 
 7.96141200e+08  4.32434887e+00  4.32434887e-10 
 8.14500001e+08  4.23889432e+00  4.23889432e-10 
 8.33282151e+08  4.15559193e+00  4.15559193e-10 
 8.52497412e+08  4.07439459e+00  4.07439459e-10 
 8.72155772e+08  3.99525611e+00  3.99525611e-10 
 8.92267449e+08  3.91813117e+00  3.91813117e-10 
 9.12842895e+08  3.84297533e+00  3.84297533e-10 
 9.33892805e+08  3.76974497e+00  3.76974497e-10 
 9.55428121e+08  3.69839726e+00  3.69839726e-10 
 9.77460036e+08  3.62889015e+00  3.62889015e-10 
 1.00000000e+09  3.56118231e+00  3.56118231e-10 
