 frequency       v(Zin_cm)       v(Zin_cm)      
 1.00000000e-02  8.12492065e+05 -3.76837791e-02 
 1.02305973e-02  8.12492065e+05 -3.85527568e-02 
 1.04665121e-02  8.12492065e+05 -3.94417730e-02 
 1.07078670e-02  8.12492065e+05 -4.03512896e-02 
 1.09547876e-02  8.12492065e+05 -4.12817795e-02 
 1.12074020e-02  8.12492065e+05 -4.22337261e-02 
 1.14658417e-02  8.12492065e+05 -4.32076245e-02 
 1.17302409e-02  8.12492065e+05 -4.42039806e-02 
 1.20007371e-02  8.12492065e+05 -4.52233125e-02 
 1.22774708e-02  8.12492065e+05 -4.62661498e-02 
 1.25605860e-02  8.12492065e+05 -4.73330347e-02 
 1.28502297e-02  8.12492065e+05 -4.84245217e-02 
 1.31465525e-02  8.12492065e+05 -4.95411781e-02 
 1.34497085e-02  8.12492065e+05 -5.06835843e-02 
 1.37598551e-02  8.12492065e+05 -5.18523341e-02 
 1.40771537e-02  8.12492065e+05 -5.30480349e-02 
 1.44017690e-02  8.12492065e+05 -5.42713082e-02 
 1.47338699e-02  8.12492065e+05 -5.55227899e-02 
 1.50736290e-02  8.12492065e+05 -5.68031305e-02 
 1.54212228e-02  8.12492065e+05 -5.81129953e-02 
 1.57768320e-02  8.12492065e+05 -5.94530653e-02 
 1.61406415e-02  8.12492065e+05 -6.08240369e-02 
 1.65128404e-02  8.12492065e+05 -6.22266228e-02 
 1.68936220e-02  8.12492065e+05 -6.36615519e-02 
 1.72831844e-02  8.12492065e+05 -6.51295701e-02 
 1.76817299e-02  8.12492065e+05 -6.66314404e-02 
 1.80894658e-02  8.12492065e+05 -6.81679434e-02 
 1.85066040e-02  8.12492065e+05 -6.97398777e-02 
 1.89333613e-02  8.12492065e+05 -7.13480605e-02 
 1.93699595e-02  8.12492065e+05 -7.29933275e-02 
 1.98166255e-02  8.12492065e+05 -7.46765339e-02 
 2.02735916e-02  8.12492065e+05 -7.63985546e-02 
 2.07410951e-02  8.12492065e+05 -7.81602846e-02 
 2.12193792e-02  8.12492065e+05 -7.99626397e-02 
 2.17086923e-02  8.12492065e+05 -8.18065565e-02 
 2.22092889e-02  8.12492065e+05 -8.36929936e-02 
 2.27214291e-02  8.12492065e+05 -8.56229314e-02 
 2.32453791e-02  8.12492065e+05 -8.75973731e-02 
 2.37814113e-02  8.12492065e+05 -8.96173449e-02 
 2.43298042e-02  8.12492065e+05 -9.16838966e-02 
 2.48908429e-02  8.12492065e+05 -9.37981025e-02 
 2.54648190e-02  8.12492065e+05 -9.59610614e-02 
 2.60520309e-02  8.12492065e+05 -9.81738976e-02 
 2.66527837e-02  8.12492065e+05 -1.00437761e-01 
 2.72673897e-02  8.12492065e+05 -1.02753829e-01 
 2.78961683e-02  8.12492065e+05 -1.05123304e-01 
 2.85394464e-02  8.12492065e+05 -1.07547419e-01 
 2.91975583e-02  8.12492065e+05 -1.10027434e-01 
 2.98708461e-02  8.12492065e+05 -1.12564637e-01 
 3.05596598e-02  8.12492065e+05 -1.15160347e-01 
 3.12643573e-02  8.12492065e+05 -1.17815913e-01 
 3.19853049e-02  8.12492065e+05 -1.20532716e-01 
 3.27228774e-02  8.12492065e+05 -1.23312168e-01 
 3.34774581e-02  8.12492065e+05 -1.26155714e-01 
 3.42494392e-02  8.12492065e+05 -1.29064830e-01 
 3.50392221e-02  8.12492065e+05 -1.32041030e-01 
 3.58472171e-02  8.12492065e+05 -1.35085861e-01 
 3.66738442e-02  8.12492065e+05 -1.38200904e-01 
 3.75195331e-02  8.12492065e+05 -1.41387780e-01 
 3.83847234e-02  8.12492065e+05 -1.44648144e-01 
 3.92698648e-02  8.12492065e+05 -1.47983691e-01 
 4.01754173e-02  8.12492065e+05 -1.51396155e-01 
 4.11018515e-02  8.12492065e+05 -1.54887309e-01 
 4.20496491e-02  8.12492065e+05 -1.58458969e-01 
 4.30193027e-02  8.12492065e+05 -1.62112990e-01 
 4.40113162e-02  8.12492065e+05 -1.65851271e-01 
 4.50262052e-02  8.12492065e+05 -1.69675757e-01 
 4.60644974e-02  8.12492065e+05 -1.73588434e-01 
 4.71267322e-02  8.12492065e+05 -1.77591337e-01 
 4.82134619e-02  8.12492065e+05 -1.81686545e-01 
 4.93252513e-02  8.12492065e+05 -1.85876187e-01 
 5.04626783e-02  8.12492065e+05 -1.90162442e-01 
 5.16263340e-02  8.12492065e+05 -1.94547537e-01 
 5.28168234e-02  8.12492065e+05 -1.99033750e-01 
 5.40347650e-02  8.12492065e+05 -2.03623415e-01 
 5.52807921e-02  8.12492065e+05 -2.08318916e-01 
 5.65555523e-02  8.12492065e+05 -2.13122694e-01 
 5.78597080e-02  8.12492065e+05 -2.18037245e-01 
 5.91939372e-02  8.12492065e+05 -2.23065125e-01 
 6.05589334e-02  8.12492065e+05 -2.28208947e-01 
 6.19554061e-02  8.12492065e+05 -2.33471384e-01 
 6.33840810e-02  8.12492065e+05 -2.38855171e-01 
 6.48457008e-02  8.12492065e+05 -2.44363106e-01 
 6.63410251e-02  8.12492065e+05 -2.49998053e-01 
 6.78708313e-02  8.12492065e+05 -2.55762941e-01 
 6.94359143e-02  8.12492065e+05 -2.61660765e-01 
 7.10370877e-02  8.12492065e+05 -2.67694592e-01 
 7.26751838e-02  8.12492065e+05 -2.73867557e-01 
 7.43510539e-02  8.12492065e+05 -2.80182869e-01 
 7.60655691e-02  8.12492065e+05 -2.86643810e-01 
 7.78196206e-02  8.12492065e+05 -2.93253739e-01 
 7.96141200e-02  8.12492065e+05 -3.00016091e-01 
 8.14500001e-02  8.12492065e+05 -3.06934381e-01 
 8.33282151e-02  8.12492065e+05 -3.14012205e-01 
 8.52497412e-02  8.12492065e+05 -3.21253241e-01 
 8.72155772e-02  8.12492065e+05 -3.28661254e-01 
 8.92267449e-02  8.12492065e+05 -3.36240094e-01 
 9.12842895e-02  8.12492065e+05 -3.43993700e-01 
 9.33892805e-02  8.12492065e+05 -3.51926102e-01 
 9.55428121e-02  8.12492065e+05 -3.60041422e-01 
 9.77460036e-02  8.12492065e+05 -3.68343880e-01 
 1.00000000e-01  8.12492065e+05 -3.76837791e-01 
 1.02305973e-01  8.12492065e+05 -3.85527568e-01 
 1.04665121e-01  8.12492065e+05 -3.94417730e-01 
 1.07078670e-01  8.12492065e+05 -4.03512896e-01 
 1.09547876e-01  8.12492065e+05 -4.12817795e-01 
 1.12074020e-01  8.12492065e+05 -4.22337261e-01 
 1.14658417e-01  8.12492065e+05 -4.32076245e-01 
 1.17302409e-01  8.12492065e+05 -4.42039806e-01 
 1.20007371e-01  8.12492065e+05 -4.52233125e-01 
 1.22774708e-01  8.12492065e+05 -4.62661498e-01 
 1.25605860e-01  8.12492065e+05 -4.73330347e-01 
 1.28502297e-01  8.12492065e+05 -4.84245217e-01 
 1.31465525e-01  8.12492065e+05 -4.95411781e-01 
 1.34497085e-01  8.12492065e+05 -5.06835843e-01 
 1.37598551e-01  8.12492065e+05 -5.18523341e-01 
 1.40771537e-01  8.12492065e+05 -5.30480349e-01 
 1.44017690e-01  8.12492065e+05 -5.42713082e-01 
 1.47338699e-01  8.12492065e+05 -5.55227899e-01 
 1.50736290e-01  8.12492065e+05 -5.68031305e-01 
 1.54212228e-01  8.12492065e+05 -5.81129953e-01 
 1.57768320e-01  8.12492065e+05 -5.94530653e-01 
 1.61406415e-01  8.12492065e+05 -6.08240369e-01 
 1.65128404e-01  8.12492065e+05 -6.22266228e-01 
 1.68936220e-01  8.12492065e+05 -6.36615519e-01 
 1.72831844e-01  8.12492065e+05 -6.51295701e-01 
 1.76817299e-01  8.12492065e+05 -6.66314404e-01 
 1.80894658e-01  8.12492065e+05 -6.81679434e-01 
 1.85066040e-01  8.12492065e+05 -6.97398777e-01 
 1.89333613e-01  8.12492065e+05 -7.13480605e-01 
 1.93699595e-01  8.12492065e+05 -7.29933275e-01 
 1.98166255e-01  8.12492065e+05 -7.46765339e-01 
 2.02735916e-01  8.12492065e+05 -7.63985546e-01 
 2.07410951e-01  8.12492065e+05 -7.81602846e-01 
 2.12193792e-01  8.12492065e+05 -7.99626397e-01 
 2.17086923e-01  8.12492065e+05 -8.18065565e-01 
 2.22092889e-01  8.12492065e+05 -8.36929936e-01 
 2.27214291e-01  8.12492065e+05 -8.56229314e-01 
 2.32453791e-01  8.12492065e+05 -8.75973731e-01 
 2.37814113e-01  8.12492065e+05 -8.96173449e-01 
 2.43298042e-01  8.12492065e+05 -9.16838966e-01 
 2.48908429e-01  8.12492065e+05 -9.37981025e-01 
 2.54648190e-01  8.12492065e+05 -9.59610614e-01 
 2.60520309e-01  8.12492065e+05 -9.81738976e-01 
 2.66527837e-01  8.12492065e+05 -1.00437761e+00 
 2.72673897e-01  8.12492065e+05 -1.02753829e+00 
 2.78961683e-01  8.12492065e+05 -1.05123304e+00 
 2.85394464e-01  8.12492065e+05 -1.07547419e+00 
 2.91975583e-01  8.12492065e+05 -1.10027434e+00 
 2.98708461e-01  8.12492065e+05 -1.12564637e+00 
 3.05596598e-01  8.12492065e+05 -1.15160347e+00 
 3.12643573e-01  8.12492065e+05 -1.17815913e+00 
 3.19853049e-01  8.12492065e+05 -1.20532716e+00 
 3.27228774e-01  8.12492065e+05 -1.23312168e+00 
 3.34774581e-01  8.12492065e+05 -1.26155714e+00 
 3.42494392e-01  8.12492065e+05 -1.29064830e+00 
 3.50392221e-01  8.12492065e+05 -1.32041030e+00 
 3.58472171e-01  8.12492065e+05 -1.35085861e+00 
 3.66738442e-01  8.12492065e+05 -1.38200904e+00 
 3.75195331e-01  8.12492065e+05 -1.41387780e+00 
 3.83847234e-01  8.12492065e+05 -1.44648144e+00 
 3.92698648e-01  8.12492065e+05 -1.47983691e+00 
 4.01754173e-01  8.12492065e+05 -1.51396155e+00 
 4.11018515e-01  8.12492065e+05 -1.54887309e+00 
 4.20496491e-01  8.12492065e+05 -1.58458969e+00 
 4.30193027e-01  8.12492065e+05 -1.62112990e+00 
 4.40113162e-01  8.12492065e+05 -1.65851271e+00 
 4.50262052e-01  8.12492065e+05 -1.69675757e+00 
 4.60644974e-01  8.12492065e+05 -1.73588434e+00 
 4.71267322e-01  8.12492065e+05 -1.77591337e+00 
 4.82134619e-01  8.12492065e+05 -1.81686545e+00 
 4.93252513e-01  8.12492065e+05 -1.85876187e+00 
 5.04626783e-01  8.12492065e+05 -1.90162442e+00 
 5.16263340e-01  8.12492065e+05 -1.94547537e+00 
 5.28168234e-01  8.12492065e+05 -1.99033750e+00 
 5.40347650e-01  8.12492065e+05 -2.03623415e+00 
 5.52807921e-01  8.12492065e+05 -2.08318916e+00 
 5.65555523e-01  8.12492065e+05 -2.13122694e+00 
 5.78597080e-01  8.12492065e+05 -2.18037245e+00 
 5.91939372e-01  8.12492065e+05 -2.23065125e+00 
 6.05589334e-01  8.12492065e+05 -2.28208947e+00 
 6.19554061e-01  8.12492065e+05 -2.33471384e+00 
 6.33840810e-01  8.12492065e+05 -2.38855171e+00 
 6.48457008e-01  8.12492065e+05 -2.44363106e+00 
 6.63410251e-01  8.12492065e+05 -2.49998053e+00 
 6.78708313e-01  8.12492065e+05 -2.55762941e+00 
 6.94359143e-01  8.12492065e+05 -2.61660765e+00 
 7.10370877e-01  8.12492065e+05 -2.67694592e+00 
 7.26751838e-01  8.12492065e+05 -2.73867557e+00 
 7.43510539e-01  8.12492065e+05 -2.80182869e+00 
 7.60655691e-01  8.12492065e+05 -2.86643810e+00 
 7.78196206e-01  8.12492065e+05 -2.93253739e+00 
 7.96141200e-01  8.12492065e+05 -3.00016091e+00 
 8.14500001e-01  8.12492065e+05 -3.06934381e+00 
 8.33282151e-01  8.12492065e+05 -3.14012205e+00 
 8.52497412e-01  8.12492065e+05 -3.21253241e+00 
 8.72155772e-01  8.12492065e+05 -3.28661254e+00 
 8.92267449e-01  8.12492065e+05 -3.36240094e+00 
 9.12842895e-01  8.12492065e+05 -3.43993700e+00 
 9.33892805e-01  8.12492065e+05 -3.51926102e+00 
 9.55428121e-01  8.12492065e+05 -3.60041422e+00 
 9.77460036e-01  8.12492065e+05 -3.68343880e+00 
 1.00000000e+00  8.12492065e+05 -3.76837791e+00 
 1.02305973e+00  8.12492065e+05 -3.85527568e+00 
 1.04665121e+00  8.12492065e+05 -3.94417730e+00 
 1.07078670e+00  8.12492065e+05 -4.03512896e+00 
 1.09547876e+00  8.12492065e+05 -4.12817795e+00 
 1.12074020e+00  8.12492065e+05 -4.22337261e+00 
 1.14658417e+00  8.12492065e+05 -4.32076244e+00 
 1.17302409e+00  8.12492065e+05 -4.42039806e+00 
 1.20007371e+00  8.12492065e+05 -4.52233124e+00 
 1.22774708e+00  8.12492065e+05 -4.62661498e+00 
 1.25605860e+00  8.12492065e+05 -4.73330347e+00 
 1.28502297e+00  8.12492065e+05 -4.84245217e+00 
 1.31465525e+00  8.12492065e+05 -4.95411781e+00 
 1.34497085e+00  8.12492065e+05 -5.06835843e+00 
 1.37598551e+00  8.12492065e+05 -5.18523341e+00 
 1.40771537e+00  8.12492065e+05 -5.30480349e+00 
 1.44017690e+00  8.12492065e+05 -5.42713082e+00 
 1.47338699e+00  8.12492065e+05 -5.55227899e+00 
 1.50736290e+00  8.12492065e+05 -5.68031305e+00 
 1.54212228e+00  8.12492065e+05 -5.81129953e+00 
 1.57768320e+00  8.12492065e+05 -5.94530653e+00 
 1.61406415e+00  8.12492065e+05 -6.08240369e+00 
 1.65128404e+00  8.12492065e+05 -6.22266228e+00 
 1.68936220e+00  8.12492065e+05 -6.36615519e+00 
 1.72831844e+00  8.12492065e+05 -6.51295700e+00 
 1.76817299e+00  8.12492065e+05 -6.66314403e+00 
 1.80894658e+00  8.12492065e+05 -6.81679433e+00 
 1.85066040e+00  8.12492065e+05 -6.97398777e+00 
 1.89333613e+00  8.12492065e+05 -7.13480604e+00 
 1.93699595e+00  8.12492065e+05 -7.29933274e+00 
 1.98166255e+00  8.12492065e+05 -7.46765338e+00 
 2.02735916e+00  8.12492065e+05 -7.63985545e+00 
 2.07410951e+00  8.12492065e+05 -7.81602846e+00 
 2.12193792e+00  8.12492065e+05 -7.99626396e+00 
 2.17086923e+00  8.12492065e+05 -8.18065565e+00 
 2.22092889e+00  8.12492065e+05 -8.36929936e+00 
 2.27214291e+00  8.12492065e+05 -8.56229314e+00 
 2.32453791e+00  8.12492065e+05 -8.75973731e+00 
 2.37814113e+00  8.12492064e+05 -8.96173448e+00 
 2.43298042e+00  8.12492064e+05 -9.16838966e+00 
 2.48908429e+00  8.12492064e+05 -9.37981025e+00 
 2.54648190e+00  8.12492064e+05 -9.59610614e+00 
 2.60520309e+00  8.12492064e+05 -9.81738975e+00 
 2.66527837e+00  8.12492064e+05 -1.00437761e+01 
 2.72673897e+00  8.12492064e+05 -1.02753829e+01 
 2.78961683e+00  8.12492064e+05 -1.05123304e+01 
 2.85394464e+00  8.12492064e+05 -1.07547419e+01 
 2.91975583e+00  8.12492064e+05 -1.10027434e+01 
 2.98708461e+00  8.12492064e+05 -1.12564637e+01 
 3.05596598e+00  8.12492064e+05 -1.15160347e+01 
 3.12643573e+00  8.12492064e+05 -1.17815913e+01 
 3.19853049e+00  8.12492064e+05 -1.20532716e+01 
 3.27228774e+00  8.12492064e+05 -1.23312168e+01 
 3.34774581e+00  8.12492064e+05 -1.26155713e+01 
 3.42494392e+00  8.12492064e+05 -1.29064830e+01 
 3.50392221e+00  8.12492064e+05 -1.32041030e+01 
 3.58472171e+00  8.12492064e+05 -1.35085861e+01 
 3.66738442e+00  8.12492064e+05 -1.38200904e+01 
 3.75195331e+00  8.12492064e+05 -1.41387780e+01 
 3.83847234e+00  8.12492064e+05 -1.44648144e+01 
 3.92698648e+00  8.12492064e+05 -1.47983691e+01 
 4.01754173e+00  8.12492064e+05 -1.51396155e+01 
 4.11018515e+00  8.12492064e+05 -1.54887309e+01 
 4.20496491e+00  8.12492064e+05 -1.58458968e+01 
 4.30193027e+00  8.12492064e+05 -1.62112989e+01 
 4.40113162e+00  8.12492064e+05 -1.65851271e+01 
 4.50262052e+00  8.12492064e+05 -1.69675757e+01 
 4.60644974e+00  8.12492064e+05 -1.73588434e+01 
 4.71267322e+00  8.12492064e+05 -1.77591336e+01 
 4.82134619e+00  8.12492064e+05 -1.81686544e+01 
 4.93252513e+00  8.12492064e+05 -1.85876187e+01 
 5.04626783e+00  8.12492064e+05 -1.90162442e+01 
 5.16263340e+00  8.12492064e+05 -1.94547536e+01 
 5.28168234e+00  8.12492064e+05 -1.99033750e+01 
 5.40347650e+00  8.12492064e+05 -2.03623414e+01 
 5.52807921e+00  8.12492064e+05 -2.08318915e+01 
 5.65555523e+00  8.12492063e+05 -2.13122693e+01 
 5.78597080e+00  8.12492063e+05 -2.18037245e+01 
 5.91939372e+00  8.12492063e+05 -2.23065125e+01 
 6.05589334e+00  8.12492063e+05 -2.28208946e+01 
 6.19554061e+00  8.12492063e+05 -2.33471383e+01 
 6.33840810e+00  8.12492063e+05 -2.38855170e+01 
 6.48457008e+00  8.12492063e+05 -2.44363105e+01 
 6.63410251e+00  8.12492063e+05 -2.49998052e+01 
 6.78708313e+00  8.12492063e+05 -2.55762940e+01 
 6.94359143e+00  8.12492063e+05 -2.61660764e+01 
 7.10370877e+00  8.12492063e+05 -2.67694590e+01 
 7.26751838e+00  8.12492063e+05 -2.73867555e+01 
 7.43510539e+00  8.12492063e+05 -2.80182867e+01 
 7.60655691e+00  8.12492062e+05 -2.86643808e+01 
 7.78196206e+00  8.12492062e+05 -2.93253737e+01 
 7.96141200e+00  8.12492062e+05 -3.00016089e+01 
 8.14500001e+00  8.12492062e+05 -3.06934379e+01 
 8.33282151e+00  8.12492062e+05 -3.14012202e+01 
 8.52497412e+00  8.12492062e+05 -3.21253239e+01 
 8.72155772e+00  8.12492062e+05 -3.28661252e+01 
 8.92267449e+00  8.12492062e+05 -3.36240091e+01 
 9.12842895e+00  8.12492061e+05 -3.43993697e+01 
 9.33892805e+00  8.12492061e+05 -3.51926098e+01 
 9.55428121e+00  8.12492061e+05 -3.60041419e+01 
 9.77460036e+00  8.12492061e+05 -3.68343877e+01 
 1.00000000e+01  8.12492061e+05 -3.76837787e+01 
 1.02305973e+01  8.12492061e+05 -3.85527564e+01 
 1.04665121e+01  8.12492060e+05 -3.94417725e+01 
 1.07078670e+01  8.12492060e+05 -4.03512891e+01 
 1.09547876e+01  8.12492060e+05 -4.12817789e+01 
 1.12074020e+01  8.12492060e+05 -4.22337256e+01 
 1.14658417e+01  8.12492060e+05 -4.32076239e+01 
 1.17302409e+01  8.12492059e+05 -4.42039800e+01 
 1.20007371e+01  8.12492059e+05 -4.52233118e+01 
 1.22774708e+01  8.12492059e+05 -4.62661491e+01 
 1.25605860e+01  8.12492059e+05 -4.73330339e+01 
 1.28502297e+01  8.12492058e+05 -4.84245209e+01 
 1.31465525e+01  8.12492058e+05 -4.95411772e+01 
 1.34497085e+01  8.12492058e+05 -5.06835833e+01 
 1.37598551e+01  8.12492057e+05 -5.18523330e+01 
 1.40771537e+01  8.12492057e+05 -5.30480338e+01 
 1.44017690e+01  8.12492057e+05 -5.42713070e+01 
 1.47338699e+01  8.12492056e+05 -5.55227887e+01 
 1.50736290e+01  8.12492056e+05 -5.68031291e+01 
 1.54212228e+01  8.12492056e+05 -5.81129939e+01 
 1.57768320e+01  8.12492055e+05 -5.94530637e+01 
 1.61406415e+01  8.12492055e+05 -6.08240352e+01 
 1.65128404e+01  8.12492054e+05 -6.22266210e+01 
 1.68936220e+01  8.12492054e+05 -6.36615500e+01 
 1.72831844e+01  8.12492053e+05 -6.51295680e+01 
 1.76817299e+01  8.12492053e+05 -6.66314382e+01 
 1.80894658e+01  8.12492052e+05 -6.81679410e+01 
 1.85066040e+01  8.12492051e+05 -6.97398752e+01 
 1.89333613e+01  8.12492051e+05 -7.13480578e+01 
 1.93699595e+01  8.12492050e+05 -7.29933246e+01 
 1.98166255e+01  8.12492050e+05 -7.46765308e+01 
 2.02735916e+01  8.12492049e+05 -7.63985513e+01 
 2.07410951e+01  8.12492048e+05 -7.81602811e+01 
 2.12193792e+01  8.12492047e+05 -7.99626359e+01 
 2.17086923e+01  8.12492047e+05 -8.18065525e+01 
 2.22092889e+01  8.12492046e+05 -8.36929893e+01 
 2.27214291e+01  8.12492045e+05 -8.56229268e+01 
 2.32453791e+01  8.12492044e+05 -8.75973681e+01 
 2.37814113e+01  8.12492043e+05 -8.96173395e+01 
 2.43298042e+01  8.12492042e+05 -9.16838909e+01 
 2.48908429e+01  8.12492041e+05 -9.37980964e+01 
 2.54648190e+01  8.12492040e+05 -9.59610549e+01 
 2.60520309e+01  8.12492038e+05 -9.81738906e+01 
 2.66527837e+01  8.12492037e+05 -1.00437754e+02 
 2.72673897e+01  8.12492036e+05 -1.02753821e+02 
 2.78961683e+01  8.12492035e+05 -1.05123296e+02 
 2.85394464e+01  8.12492033e+05 -1.07547410e+02 
 2.91975583e+01  8.12492032e+05 -1.10027424e+02 
 2.98708461e+01  8.12492030e+05 -1.12564626e+02 
 3.05596598e+01  8.12492029e+05 -1.15160335e+02 
 3.12643573e+01  8.12492027e+05 -1.17815901e+02 
 3.19853049e+01  8.12492025e+05 -1.20532703e+02 
 3.27228774e+01  8.12492023e+05 -1.23312154e+02 
 3.34774581e+01  8.12492021e+05 -1.26155699e+02 
 3.42494392e+01  8.12492019e+05 -1.29064814e+02 
 3.50392221e+01  8.12492017e+05 -1.32041013e+02 
 3.58472171e+01  8.12492015e+05 -1.35085843e+02 
 3.66738442e+01  8.12492013e+05 -1.38200885e+02 
 3.75195331e+01  8.12492010e+05 -1.41387759e+02 
 3.83847234e+01  8.12492008e+05 -1.44648121e+02 
 3.92698648e+01  8.12492005e+05 -1.47983667e+02 
 4.01754173e+01  8.12492002e+05 -1.51396129e+02 
 4.11018515e+01  8.12491999e+05 -1.54887282e+02 
 4.20496491e+01  8.12491996e+05 -1.58458939e+02 
 4.30193027e+01  8.12491993e+05 -1.62112958e+02 
 4.40113162e+01  8.12491990e+05 -1.65851238e+02 
 4.50262052e+01  8.12491986e+05 -1.69675721e+02 
 4.60644974e+01  8.12491983e+05 -1.73588395e+02 
 4.71267322e+01  8.12491979e+05 -1.77591295e+02 
 4.82134619e+01  8.12491975e+05 -1.81686500e+02 
 4.93252513e+01  8.12491971e+05 -1.85876140e+02 
 5.04626783e+01  8.12491966e+05 -1.90162391e+02 
 5.16263340e+01  8.12491962e+05 -1.94547482e+02 
 5.28168234e+01  8.12491957e+05 -1.99033692e+02 
 5.40347650e+01  8.12491952e+05 -2.03623352e+02 
 5.52807921e+01  8.12491947e+05 -2.08318849e+02 
 5.65555523e+01  8.12491941e+05 -2.13122622e+02 
 5.78597080e+01  8.12491935e+05 -2.18037169e+02 
 5.91939372e+01  8.12491929e+05 -2.23065043e+02 
 6.05589334e+01  8.12491923e+05 -2.28208859e+02 
 6.19554061e+01  8.12491916e+05 -2.33471289e+02 
 6.33840810e+01  8.12491910e+05 -2.38855070e+02 
 6.48457008e+01  8.12491902e+05 -2.44362998e+02 
 6.63410251e+01  8.12491895e+05 -2.49997938e+02 
 6.78708313e+01  8.12491887e+05 -2.55762817e+02 
 6.94359143e+01  8.12491878e+05 -2.61660633e+02 
 7.10370877e+01  8.12491870e+05 -2.67694450e+02 
 7.26751838e+01  8.12491861e+05 -2.73867405e+02 
 7.43510539e+01  8.12491851e+05 -2.80182706e+02 
 7.60655691e+01  8.12491841e+05 -2.86643636e+02 
 7.78196206e+01  8.12491831e+05 -2.93253552e+02 
 7.96141200e+01  8.12491820e+05 -3.00015891e+02 
 8.14500001e+01  8.12491808e+05 -3.06934167e+02 
 8.33282151e+01  8.12491797e+05 -3.14011975e+02 
 8.52497412e+01  8.12491784e+05 -3.21252996e+02 
 8.72155772e+01  8.12491771e+05 -3.28660991e+02 
 8.92267449e+01  8.12491757e+05 -3.36239812e+02 
 9.12842895e+01  8.12491743e+05 -3.43993398e+02 
 9.33892805e+01  8.12491728e+05 -3.51925779e+02 
 9.55428121e+01  8.12491712e+05 -3.60041077e+02 
 9.77460036e+01  8.12491696e+05 -3.68343510e+02 
 1.00000000e+02  8.12491678e+05 -3.76837394e+02 
 1.02305973e+02  8.12491660e+05 -3.85527144e+02 
 1.04665121e+02  8.12491642e+05 -3.94417275e+02 
 1.07078670e+02  8.12491622e+05 -4.03512409e+02 
 1.09547876e+02  8.12491601e+05 -4.12817273e+02 
 1.12074020e+02  8.12491580e+05 -4.22336703e+02 
 1.14658417e+02  8.12491557e+05 -4.32075647e+02 
 1.17302409e+02  8.12491533e+05 -4.42039166e+02 
 1.20007371e+02  8.12491508e+05 -4.52232439e+02 
 1.22774708e+02  8.12491482e+05 -4.62660765e+02 
 1.25605860e+02  8.12491455e+05 -4.73329562e+02 
 1.28502297e+02  8.12491427e+05 -4.84244376e+02 
 1.31465525e+02  8.12491397e+05 -4.95410880e+02 
 1.34497085e+02  8.12491366e+05 -5.06834879e+02 
 1.37598551e+02  8.12491333e+05 -5.18522308e+02 
 1.40771537e+02  8.12491299e+05 -5.30479243e+02 
 1.44017690e+02  8.12491264e+05 -5.42711898e+02 
 1.47338699e+02  8.12491226e+05 -5.55226631e+02 
 1.50736290e+02  8.12491187e+05 -5.68029947e+02 
 1.54212228e+02  8.12491146e+05 -5.81128499e+02 
 1.57768320e+02  8.12491103e+05 -5.94529096e+02 
 1.61406415e+02  8.12491058e+05 -6.08238702e+02 
 1.65128404e+02  8.12491011e+05 -6.22264443e+02 
 1.68936220e+02  8.12490962e+05 -6.36613608e+02 
 1.72831844e+02  8.12490911e+05 -6.51293654e+02 
 1.76817299e+02  8.12490857e+05 -6.66312212e+02 
 1.80894658e+02  8.12490801e+05 -6.81677087e+02 
 1.85066040e+02  8.12490742e+05 -6.97396265e+02 
 1.89333613e+02  8.12490680e+05 -7.13477914e+02 
 1.93699595e+02  8.12490615e+05 -7.29930394e+02 
 1.98166255e+02  8.12490548e+05 -7.46762254e+02 
 2.02735916e+02  8.12490477e+05 -7.63982243e+02 
 2.07410951e+02  8.12490403e+05 -7.81599309e+02 
 2.12193792e+02  8.12490325e+05 -7.99622609e+02 
 2.17086923e+02  8.12490244e+05 -8.18061510e+02 
 2.22092889e+02  8.12490159e+05 -8.36925594e+02 
 2.27214291e+02  8.12490071e+05 -8.56224664e+02 
 2.32453791e+02  8.12489977e+05 -8.75968752e+02 
 2.37814113e+02  8.12489880e+05 -8.96168117e+02 
 2.43298042e+02  8.12489778e+05 -9.16833257e+02 
 2.48908429e+02  8.12489672e+05 -9.37974912e+02 
 2.54648190e+02  8.12489560e+05 -9.59604068e+02 
 2.60520309e+02  8.12489443e+05 -9.81731966e+02 
 2.66527837e+02  8.12489321e+05 -1.00437011e+03 
 2.72673897e+02  8.12489193e+05 -1.02753025e+03 
 2.78961683e+02  8.12489059e+05 -1.05122444e+03 
 2.85394464e+02  8.12488919e+05 -1.07546498e+03 
 2.91975583e+02  8.12488772e+05 -1.10026447e+03 
 2.98708461e+02  8.12488618e+05 -1.12563580e+03 
 3.05596598e+02  8.12488457e+05 -1.15159215e+03 
 3.12643573e+02  8.12488289e+05 -1.17814702e+03 
 3.19853049e+02  8.12488113e+05 -1.20531419e+03 
 3.27228774e+02  8.12487929e+05 -1.23310779e+03 
 3.34774581e+02  8.12487736e+05 -1.26154226e+03 
 3.42494392e+02  8.12487534e+05 -1.29063238e+03 
 3.50392221e+02  8.12487322e+05 -1.32039325e+03 
 3.58472171e+02  8.12487101e+05 -1.35084035e+03 
 3.66738442e+02  8.12486869e+05 -1.38198949e+03 
 3.75195331e+02  8.12486627e+05 -1.41385686e+03 
 3.83847234e+02  8.12486373e+05 -1.44645902e+03 
 3.92698648e+02  8.12486108e+05 -1.47981290e+03 
 4.01754173e+02  8.12485830e+05 -1.51393584e+03 
 4.11018515e+02  8.12485539e+05 -1.54884557e+03 
 4.20496491e+02  8.12485235e+05 -1.58456021e+03 
 4.30193027e+02  8.12484916e+05 -1.62109834e+03 
 4.40113162e+02  8.12484583e+05 -1.65847892e+03 
 4.50262052e+02  8.12484234e+05 -1.69672138e+03 
 4.60644974e+02  8.12483868e+05 -1.73584559e+03 
 4.71267322e+02  8.12483486e+05 -1.77587188e+03 
 4.82134619e+02  8.12483086e+05 -1.81682102e+03 
 4.93252513e+02  8.12482667e+05 -1.85871430e+03 
 5.04626783e+02  8.12482229e+05 -1.90157348e+03 
 5.16263340e+02  8.12481770e+05 -1.94542082e+03 
 5.28168234e+02  8.12481289e+05 -1.99027910e+03 
 5.40347650e+02  8.12480787e+05 -2.03617161e+03 
 5.52807921e+02  8.12480261e+05 -2.08312219e+03 
 5.65555523e+02  8.12479710e+05 -2.13115523e+03 
 5.78597080e+02  8.12479134e+05 -2.18029567e+03 
 5.91939372e+02  8.12478530e+05 -2.23056904e+03 
 6.05589334e+02  8.12477899e+05 -2.28200143e+03 
 6.19554061e+02  8.12477238e+05 -2.33461957e+03 
 6.33840810e+02  8.12476547e+05 -2.38845076e+03 
 6.48457008e+02  8.12475823e+05 -2.44352297e+03 
 6.63410251e+02  8.12475065e+05 -2.49986480e+03 
 6.78708313e+02  8.12474272e+05 -2.55750548e+03 
 6.94359143e+02  8.12473442e+05 -2.61647495e+03 
 7.10370877e+02  8.12472573e+05 -2.67680382e+03 
 7.26751838e+02  8.12471664e+05 -2.73852341e+03 
 7.43510539e+02  8.12470712e+05 -2.80166576e+03 
 7.60655691e+02  8.12469716e+05 -2.86626364e+03 
 7.78196206e+02  8.12468674e+05 -2.93235058e+03 
 7.96141200e+02  8.12467583e+05 -2.99996088e+03 
 8.14500001e+02  8.12466441e+05 -3.06912962e+03 
 8.33282151e+02  8.12465245e+05 -3.13989270e+03 
 8.52497412e+02  8.12463994e+05 -3.21228683e+03 
 8.72155772e+02  8.12462685e+05 -3.28634958e+03 
 8.92267449e+02  8.12461314e+05 -3.36211936e+03 
 9.12842895e+02  8.12459880e+05 -3.43963549e+03 
 9.33892805e+02  8.12458379e+05 -3.51893816e+03 
 9.55428121e+02  8.12456807e+05 -3.60006852e+03 
 9.77460036e+02  8.12455163e+05 -3.68306863e+03 
 1.00000000e+03  8.12453441e+05 -3.76798153e+03 
 1.02305973e+03  8.12451640e+05 -3.85485125e+03 
 1.04665121e+03  8.12449754e+05 -3.94372283e+03 
 1.07078670e+03  8.12447780e+05 -4.03464232e+03 
 1.09547876e+03  8.12445715e+05 -4.12765686e+03 
 1.12074020e+03  8.12443553e+05 -4.22281465e+03 
 1.14658417e+03  8.12441290e+05 -4.32016498e+03 
 1.17302409e+03  8.12438921e+05 -4.41975831e+03 
 1.20007371e+03  8.12436443e+05 -4.52164622e+03 
 1.22774708e+03  8.12433848e+05 -4.62588147e+03 
 1.25605860e+03  8.12431133e+05 -4.73251804e+03 
 1.28502297e+03  8.12428291e+05 -4.84161115e+03 
 1.31465525e+03  8.12425316e+05 -4.95321726e+03 
 1.34497085e+03  8.12422203e+05 -5.06739414e+03 
 1.37598551e+03  8.12418944e+05 -5.18420087e+03 
 1.40771537e+03  8.12415534e+05 -5.30369787e+03 
 1.44017690e+03  8.12411964e+05 -5.42594695e+03 
 1.47338699e+03  8.12408228e+05 -5.55101133e+03 
 1.50736290e+03  8.12404318e+05 -5.67895567e+03 
 1.54212228e+03  8.12400226e+05 -5.80984608e+03 
 1.57768320e+03  8.12395942e+05 -5.94375021e+03 
 1.61406415e+03  8.12391460e+05 -6.08073723e+03 
 1.65128404e+03  8.12386767e+05 -6.22087788e+03 
 1.68936220e+03  8.12381857e+05 -6.36424450e+03 
 1.72831844e+03  8.12376717e+05 -6.51091110e+03 
 1.76817299e+03  8.12371338e+05 -6.66095334e+03 
 1.80894658e+03  8.12365708e+05 -6.81444860e+03 
 1.85066040e+03  8.12359815e+05 -6.97147603e+03 
 1.89333613e+03  8.12353648e+05 -7.13211655e+03 
 1.93699595e+03  8.12347193e+05 -7.29645292e+03 
 1.98166255e+03  8.12340437e+05 -7.46456977e+03 
 2.02735916e+03  8.12333367e+05 -7.63655362e+03 
 2.07410951e+03  8.12325967e+05 -7.81249297e+03 
 2.12193792e+03  8.12318222e+05 -7.99247829e+03 
 2.17086923e+03  8.12310116e+05 -8.17660209e+03 
 2.22092889e+03  8.12301632e+05 -8.36495896e+03 
 2.27214291e+03  8.12292753e+05 -8.55764561e+03 
 2.32453791e+03  8.12283460e+05 -8.75476092e+03 
 2.37814113e+03  8.12273734e+05 -8.95640597e+03 
 2.43298042e+03  8.12263555e+05 -9.16268412e+03 
 2.48908429e+03  8.12252902e+05 -9.37370101e+03 
 2.54648190e+03  8.12241752e+05 -9.58956465e+03 
 2.60520309e+03  8.12230083e+05 -9.81038543e+03 
 2.66527837e+03  8.12217870e+05 -1.00362762e+04 
 2.72673897e+03  8.12205089e+05 -1.02673524e+04 
 2.78961683e+03  8.12191712e+05 -1.05037318e+04 
 2.85394464e+03  8.12177712e+05 -1.07455350e+04 
 2.91975583e+03  8.12163061e+05 -1.09928851e+04 
 2.98708461e+03  8.12147727e+05 -1.12459080e+04 
 3.05596598e+03  8.12131679e+05 -1.15047323e+04 
 3.12643573e+03  8.12114883e+05 -1.17694894e+04 
 3.19853049e+03  8.12097306e+05 -1.20403137e+04 
 3.27228774e+03  8.12078911e+05 -1.23173423e+04 
 3.34774581e+03  8.12059660e+05 -1.26007155e+04 
 3.42494392e+03  8.12039512e+05 -1.28905765e+04 
 3.50392221e+03  8.12018428e+05 -1.31870715e+04 
 3.58472171e+03  8.11996362e+05 -1.34903500e+04 
 3.66738442e+03  8.11973269e+05 -1.38005647e+04 
 3.75195331e+03  8.11949103e+05 -1.41178715e+04 
 3.83847234e+03  8.11923812e+05 -1.44424296e+04 
 3.92698648e+03  8.11897345e+05 -1.47744015e+04 
 4.01754173e+03  8.11869648e+05 -1.51139532e+04 
 4.11018515e+03  8.11840663e+05 -1.54612543e+04 
 4.20496491e+03  8.11810331e+05 -1.58164777e+04 
 4.30193027e+03  8.11778589e+05 -1.61798000e+04 
 4.40113162e+03  8.11745372e+05 -1.65514016e+04 
 4.50262052e+03  8.11710613e+05 -1.69314662e+04 
 4.60644974e+03  8.11674238e+05 -1.73201817e+04 
 4.71267322e+03  8.11636175e+05 -1.77177395e+04 
 4.82134619e+03  8.11596344e+05 -1.81243350e+04 
 4.93252513e+03  8.11554664e+05 -1.85401674e+04 
 5.04626783e+03  8.11511050e+05 -1.89654400e+04 
 5.16263340e+03  8.11465413e+05 -1.94003600e+04 
 5.28168234e+03  8.11417659e+05 -1.98451386e+04 
 5.40347650e+03  8.11367690e+05 -2.02999912e+04 
 5.52807921e+03  8.11315405e+05 -2.07651373e+04 
 5.65555523e+03  8.11260696e+05 -2.12408005e+04 
 5.78597080e+03  8.11203453e+05 -2.17272086e+04 
 5.91939372e+03  8.11143559e+05 -2.22245937e+04 
 6.05589334e+03  8.11080892e+05 -2.27331922e+04 
 6.19554061e+03  8.11015324e+05 -2.32532445e+04 
 6.33840810e+03  8.10946722e+05 -2.37849957e+04 
 6.48457008e+03  8.10874948e+05 -2.43286948e+04 
 6.63410251e+03  8.10799856e+05 -2.48845954e+04 
 6.78708313e+03  8.10721293e+05 -2.54529554e+04 
 6.94359143e+03  8.10639102e+05 -2.60340369e+04 
 7.10370877e+03  8.10553116e+05 -2.66281062e+04 
 7.26751838e+03  8.10463162e+05 -2.72354341e+04 
 7.43510539e+03  8.10369059e+05 -2.78562955e+04 
 7.60655691e+03  8.10270618e+05 -2.84909696e+04 
 7.78196206e+03  8.10167642e+05 -2.91397397e+04 
 7.96141200e+03  8.10059924e+05 -2.98028933e+04 
 8.14500001e+03  8.09947249e+05 -3.04807216e+04 
 8.33282151e+03  8.09829392e+05 -3.11735202e+04 
 8.52497412e+03  8.09706119e+05 -3.18815883e+04 
 8.72155772e+03  8.09577184e+05 -3.26052288e+04 
 8.92267449e+03  8.09442332e+05 -3.33447483e+04 
 9.12842895e+03  8.09301296e+05 -3.41004568e+04 
 9.33892805e+03  8.09153798e+05 -3.48726678e+04 
 9.55428121e+03  8.08999546e+05 -3.56616976e+04 
 9.77460036e+03  8.08838239e+05 -3.64678657e+04 
 1.00000000e+04  8.08669560e+05 -3.72914941e+04 
 1.02305973e+04  8.08493180e+05 -3.81329075e+04 
 1.04665121e+04  8.08308755e+05 -3.89924324e+04 
 1.07078670e+04  8.08115927e+05 -3.98703976e+04 
 1.09547876e+04  8.07914323e+05 -4.07671332e+04 
 1.12074020e+04  8.07703554e+05 -4.16829704e+04 
 1.14658417e+04  8.07483215e+05 -4.26182415e+04 
 1.17302409e+04  8.07252884e+05 -4.35732790e+04 
 1.20007371e+04  8.07012122e+05 -4.45484153e+04 
 1.22774708e+04  8.06760471e+05 -4.55439823e+04 
 1.25605860e+04  8.06497456e+05 -4.65603107e+04 
 1.28502297e+04  8.06222580e+05 -4.75977296e+04 
 1.31465525e+04  8.05935330e+05 -4.86565655e+04 
 1.34497085e+04  8.05635169e+05 -4.97371422e+04 
 1.37598551e+04  8.05321540e+05 -5.08397795e+04 
 1.40771537e+04  8.04993866e+05 -5.19647929e+04 
 1.44017690e+04  8.04651543e+05 -5.31124924e+04 
 1.47338699e+04  8.04293949e+05 -5.42831816e+04 
 1.50736290e+04  8.03920436e+05 -5.54771570e+04 
 1.54212228e+04  8.03530330e+05 -5.66947069e+04 
 1.57768320e+04  8.03122934e+05 -5.79361101e+04 
 1.61406415e+04  8.02697525e+05 -5.92016349e+04 
 1.65128404e+04  8.02253353e+05 -6.04915378e+04 
 1.68936220e+04  8.01789643e+05 -6.18060625e+04 
 1.72831844e+04  8.01305590e+05 -6.31454377e+04 
 1.76817299e+04  8.00800363e+05 -6.45098765e+04 
 1.80894658e+04  8.00273102e+05 -6.58995744e+04 
 1.85066040e+04  7.99722919e+05 -6.73147076e+04 
 1.89333613e+04  7.99148894e+05 -6.87554314e+04 
 1.93699595e+04  7.98550082e+05 -7.02218784e+04 
 1.98166255e+04  7.97925503e+05 -7.17141565e+04 
 2.02735916e+04  7.97274151e+05 -7.32323466e+04 
 2.07410951e+04  7.96594988e+05 -7.47765011e+04 
 2.12193792e+04  7.95886947e+05 -7.63466409e+04 
 2.17086923e+04  7.95148928e+05 -7.79427539e+04 
 2.22092889e+04  7.94379805e+05 -7.95647919e+04 
 2.27214291e+04  7.93578420e+05 -8.12126683e+04 
 2.32453791e+04  7.92743585e+05 -8.28862557e+04 
 2.37814113e+04  7.91874085e+05 -8.45853829e+04 
 2.43298042e+04  7.90968677e+05 -8.63098323e+04 
 2.48908429e+04  7.90026090e+05 -8.80593368e+04 
 2.54648190e+04  7.89045026e+05 -8.98335772e+04 
 2.60520309e+04  7.88024166e+05 -9.16321787e+04 
 2.66527837e+04  7.86962163e+05 -9.34547083e+04 
 2.72673897e+04  7.85857652e+05 -9.53006713e+04 
 2.78961683e+04  7.84709247e+05 -9.71695082e+04 
 2.85394464e+04  7.83515544e+05 -9.90605915e+04 
 2.91975583e+04  7.82275124e+05 -1.00973222e+05 
 2.98708461e+04  7.80986558e+05 -1.02906628e+05 
 3.05596598e+04  7.79648404e+05 -1.04859957e+05 
 3.12643573e+04  7.78259218e+05 -1.06832278e+05 
 3.19853049e+04  7.76817551e+05 -1.08822575e+05 
 3.27228774e+04  7.75321957e+05 -1.10829745e+05 
 3.34774581e+04  7.73770995e+05 -1.12852597e+05 
 3.42494392e+04  7.72163236e+05 -1.14889844e+05 
 3.50392221e+04  7.70497266e+05 -1.16940106e+05 
 3.58472171e+04  7.68771693e+05 -1.19001905e+05 
 3.66738442e+04  7.66985150e+05 -1.21073664e+05 
 3.75195331e+04  7.65136307e+05 -1.23153703e+05 
 3.83847234e+04  7.63223868e+05 -1.25240239e+05 
 3.92698648e+04  7.61246587e+05 -1.27331387e+05 
 4.01754173e+04  7.59203271e+05 -1.29425154e+05 
 4.11018515e+04  7.57092786e+05 -1.31519444e+05 
 4.20496491e+04  7.54914069e+05 -1.33612055e+05 
 4.30193027e+04  7.52666132e+05 -1.35700680e+05 
 4.40113162e+04  7.50348071e+05 -1.37782911e+05 
 4.50262052e+04  7.47959076e+05 -1.39856237e+05 
 4.60644974e+04  7.45498440e+05 -1.41918050e+05 
 4.71267322e+04  7.42965562e+05 -1.43965646e+05 
 4.82134619e+04  7.40359965e+05 -1.45996229e+05 
 4.93252513e+04  7.37681296e+05 -1.48006919e+05 
 5.04626783e+04  7.34929340e+05 -1.49994754e+05 
 5.16263340e+04  7.32104025e+05 -1.51956697e+05 
 5.28168234e+04  7.29205433e+05 -1.53889645e+05 
 5.40347650e+04  7.26233805e+05 -1.55790437e+05 
 5.52807921e+04  7.23189551e+05 -1.57655859e+05 
 5.65555523e+04  7.20073257e+05 -1.59482659e+05 
 5.78597080e+04  7.16885687e+05 -1.61267554e+05 
 5.91939372e+04  7.13627794e+05 -1.63007243e+05 
 6.05589334e+04  7.10300723e+05 -1.64698418e+05 
 6.19554061e+04  7.06905815e+05 -1.66337778e+05 
 6.33840810e+04  7.03444608e+05 -1.67922041e+05 
 6.48457008e+04  6.99918844e+05 -1.69447956e+05 
 6.63410251e+04  6.96330464e+05 -1.70912324e+05 
 6.78708313e+04  6.92681614e+05 -1.72312005e+05 
 6.94359143e+04  6.88974639e+05 -1.73643936e+05 
 7.10370877e+04  6.85212082e+05 -1.74905148e+05 
 7.26751838e+04  6.81396680e+05 -1.76092778e+05 
 7.43510539e+04  6.77531358e+05 -1.77204086e+05 
 7.60655691e+04  6.73619226e+05 -1.78236468e+05 
 7.78196206e+04  6.69663564e+05 -1.79187471e+05 
 7.96141200e+04  6.65667820e+05 -1.80054808e+05 
 8.14500001e+04  6.61635596e+05 -1.80836370e+05 
 8.33282151e+04  6.57570633e+05 -1.81530238e+05 
 8.52497412e+04  6.53476807e+05 -1.82134695e+05 
 8.72155772e+04  6.49358105e+05 -1.82648236e+05 
 8.92267449e+04  6.45218617e+05 -1.83069579e+05 
 9.12842895e+04  6.41062517e+05 -1.83397668e+05 
 9.33892805e+04  6.36894047e+05 -1.83631687e+05 
 9.55428121e+04  6.32717501e+05 -1.83771059e+05 
 9.77460036e+04  6.28537205e+05 -1.83815452e+05 
 1.00000000e+05  6.24357502e+05 -1.83764781e+05 
 1.02305973e+05  6.20182731e+05 -1.83619210e+05 
 1.04665121e+05  6.16017212e+05 -1.83379146e+05 
 1.07078670e+05  6.11865226e+05 -1.83045244e+05 
 1.09547876e+05  6.07730999e+05 -1.82618397e+05 
 1.12074020e+05  6.03618682e+05 -1.82099732e+05 
 1.14658417e+05  5.99532339e+05 -1.81490604e+05 
 1.17302409e+05  5.95475929e+05 -1.80792586e+05 
 1.20007371e+05  5.91453291e+05 -1.80007464e+05 
 1.22774708e+05  5.87468130e+05 -1.79137219e+05 
 1.25605860e+05  5.83524007e+05 -1.78184020e+05 
 1.28502297e+05  5.79624325e+05 -1.77150213e+05 
 1.31465525e+05  5.75772318e+05 -1.76038303e+05 
 1.34497085e+05  5.71971047e+05 -1.74850944e+05 
 1.37598551e+05  5.68223384e+05 -1.73590921e+05 
 1.40771537e+05  5.64532016e+05 -1.72261139e+05 
 1.44017690e+05  5.60899430e+05 -1.70864605e+05 
 1.47338699e+05  5.57327919e+05 -1.69404415e+05 
 1.50736290e+05  5.53819570e+05 -1.67883737e+05 
 1.54212228e+05  5.50376272e+05 -1.66305800e+05 
 1.57768320e+05  5.46999710e+05 -1.64673872e+05 
 1.61406415e+05  5.43691368e+05 -1.62991256e+05 
 1.65128404e+05  5.40452533e+05 -1.61261266e+05 
 1.68936220e+05  5.37284296e+05 -1.59487223e+05 
 1.72831844e+05  5.34187558e+05 -1.57672434e+05 
 1.76817299e+05  5.31163035e+05 -1.55820187e+05 
 1.80894658e+05  5.28211262e+05 -1.53933737e+05 
 1.85066040e+05  5.25332603e+05 -1.52016296e+05 
 1.89333613e+05  5.22527256e+05 -1.50071023e+05 
 1.93699595e+05  5.19795257e+05 -1.48101016e+05 
 1.98166255e+05  5.17136496e+05 -1.46109305e+05 
 2.02735916e+05  5.14550719e+05 -1.44098842e+05 
 2.07410951e+05  5.12037538e+05 -1.42072500e+05 
 2.12193792e+05  5.09596440e+05 -1.40033061e+05 
 2.17086923e+05  5.07226795e+05 -1.37983218e+05 
 2.22092889e+05  5.04927866e+05 -1.35925565e+05 
 2.27214291e+05  5.02698817e+05 -1.33862600e+05 
 2.32453791e+05  5.00538720e+05 -1.31796718e+05 
 2.37814113e+05  4.98446565e+05 -1.29730211e+05 
 2.43298042e+05  4.96421268e+05 -1.27665266e+05 
 2.48908429e+05  4.94461678e+05 -1.25603966e+05 
 2.54648190e+05  4.92566587e+05 -1.23548290e+05 
 2.60520309e+05  4.90734734e+05 -1.21500109e+05 
 2.66527837e+05  4.88964813e+05 -1.19461194e+05 
 2.72673897e+05  4.87255482e+05 -1.17433212e+05 
 2.78961683e+05  4.85605368e+05 -1.15417730e+05 
 2.85394464e+05  4.84013070e+05 -1.13416214e+05 
 2.91975583e+05  4.82477170e+05 -1.11430035e+05 
 2.98708461e+05  4.80996234e+05 -1.09460471e+05 
 3.05596598e+05  4.79568820e+05 -1.07508705e+05 
 3.12643573e+05  4.78193479e+05 -1.05575834e+05 
 3.19853049e+05  4.76868764e+05 -1.03662869e+05 
 3.27228774e+05  4.75593229e+05 -1.01770736e+05 
 3.34774581e+05  4.74365435e+05 -9.99002846e+04 
 3.42494392e+05  4.73183956e+05 -9.80522848e+04 
 3.50392221e+05  4.72047375e+05 -9.62274353e+04 
 3.58472171e+05  4.70954292e+05 -9.44263643e+04 
 3.66738442e+05  4.69903327e+05 -9.26496332e+04 
 3.75195331e+05  4.68893118e+05 -9.08977401e+04 
 3.83847234e+05  4.67922326e+05 -8.91711226e+04 
 3.92698648e+05  4.66989635e+05 -8.74701611e+04 
 4.01754173e+05  4.66093754e+05 -8.57951821e+04 
 4.11018515e+05  4.65233420e+05 -8.41464608e+04 
 4.20496491e+05  4.64407395e+05 -8.25242246e+04 
 4.30193027e+05  4.63614471e+05 -8.09286553e+04 
 4.40113162e+05  4.62853467e+05 -7.93598926e+04 
 4.50262052e+05  4.62123234e+05 -7.78180361e+04 
 4.60644974e+05  4.61422649e+05 -7.63031485e+04 
 4.71267322e+05  4.60750624e+05 -7.48152577e+04 
 4.82134619e+05  4.60106095e+05 -7.33543593e+04 
 4.93252513e+05  4.59488034e+05 -7.19204192e+04 
 5.04626783e+05  4.58895439e+05 -7.05133754e+04 
 5.16263340e+05  4.58327340e+05 -6.91331402e+04 
 5.28168234e+05  4.57782796e+05 -6.77796025e+04 
 5.40347650e+05  4.57260895e+05 -6.64526294e+04 
 5.52807921e+05  4.56760755e+05 -6.51520682e+04 
 5.65555523e+05  4.56281523e+05 -6.38777480e+04 
 5.78597080e+05  4.55822372e+05 -6.26294817e+04 
 5.91939372e+05  4.55382504e+05 -6.14070669e+04 
 6.05589334e+05  4.54961150e+05 -6.02102882e+04 
 6.19554061e+05  4.54557564e+05 -5.90389177e+04 
 6.33840810e+05  4.54171029e+05 -5.78927173e+04 
 6.48457008e+05  4.53800851e+05 -5.67714389e+04 
 6.63410251e+05  4.53446364e+05 -5.56748265e+04 
 6.78708313e+05  4.53106922e+05 -5.46026166e+04 
 6.94359143e+05  4.52781906e+05 -5.35545396e+04 
 7.10370877e+05  4.52470717e+05 -5.25303207e+04 
 7.26751838e+05  4.52172781e+05 -5.15296807e+04 
 7.43510539e+05  4.51887544e+05 -5.05523370e+04 
 7.60655691e+05  4.51614473e+05 -4.95980043e+04 
 7.78196206e+05  4.51353055e+05 -4.86663952e+04 
 7.96141200e+05  4.51102797e+05 -4.77572211e+04 
 8.14500001e+05  4.50863224e+05 -4.68701929e+04 
 8.33282151e+05  4.50633882e+05 -4.60050213e+04 
 8.52497412e+05  4.50414330e+05 -4.51614174e+04 
 8.72155772e+05  4.50204150e+05 -4.43390937e+04 
 8.92267449e+05  4.50002935e+05 -4.35377638e+04 
 9.12842895e+05  4.49810297e+05 -4.27571435e+04 
 9.33892805e+05  4.49625862e+05 -4.19969508e+04 
 9.55428121e+05  4.49449273e+05 -4.12569064e+04 
 9.77460036e+05  4.49280184e+05 -4.05367341e+04 
 1.00000000e+06  4.49118264e+05 -3.98361612e+04 
 1.02305973e+06  4.48963196e+05 -3.91549184e+04 
 1.04665121e+06  4.48814675e+05 -3.84927405e+04 
 1.07078670e+06  4.48672407e+05 -3.78493665e+04 
 1.09547876e+06  4.48536112e+05 -3.72245397e+04 
 1.12074020e+06  4.48405519e+05 -3.66180081e+04 
 1.14658417e+06  4.48280369e+05 -3.60295244e+04 
 1.17302409e+06  4.48160412e+05 -3.54588463e+04 
 1.20007371e+06  4.48045410e+05 -3.49057366e+04 
 1.22774708e+06  4.47935132e+05 -3.43699633e+04 
 1.25605860e+06  4.47829358e+05 -3.38512998e+04 
 1.28502297e+06  4.47727875e+05 -3.33495250e+04 
 1.31465525e+06  4.47630480e+05 -3.28644234e+04 
 1.34497085e+06  4.47536976e+05 -3.23957852e+04 
 1.37598551e+06  4.47447175e+05 -3.19434061e+04 
 1.40771537e+06  4.47360896e+05 -3.15070878e+04 
 1.44017690e+06  4.47277964e+05 -3.10866381e+04 
 1.47338699e+06  4.47198211e+05 -3.06818702e+04 
 1.50736290e+06  4.47121476e+05 -3.02926038e+04 
 1.54212228e+06  4.47047603e+05 -2.99186643e+04 
 1.57768320e+06  4.46976441e+05 -2.95598833e+04 
 1.61406415e+06  4.46907846e+05 -2.92160984e+04 
 1.65128404e+06  4.46841678e+05 -2.88871533e+04 
 1.68936220e+06  4.46777802e+05 -2.85728979e+04 
 1.72831844e+06  4.46716088e+05 -2.82731881e+04 
 1.76817299e+06  4.46656410e+05 -2.79878862e+04 
 1.80894658e+06  4.46598645e+05 -2.77168605e+04 
 1.85066040e+06  4.46542676e+05 -2.74599854e+04 
 1.89333613e+06  4.46488387e+05 -2.72171416e+04 
 1.93699595e+06  4.46435668e+05 -2.69882161e+04 
 1.98166255e+06  4.46384410e+05 -2.67731017e+04 
 2.02735916e+06  4.46334509e+05 -2.65716977e+04 
 2.07410951e+06  4.46285861e+05 -2.63839095e+04 
 2.12193792e+06  4.46238366e+05 -2.62096486e+04 
 2.17086923e+06  4.46191927e+05 -2.60488328e+04 
 2.22092889e+06  4.46146449e+05 -2.59013860e+04 
 2.27214291e+06  4.46101838e+05 -2.57672381e+04 
 2.32453791e+06  4.46058001e+05 -2.56463255e+04 
 2.37814113e+06  4.46014849e+05 -2.55385904e+04 
 2.43298042e+06  4.45972292e+05 -2.54439814e+04 
 2.48908429e+06  4.45930244e+05 -2.53624531e+04 
 2.54648190e+06  4.45888616e+05 -2.52939661e+04 
 2.60520309e+06  4.45847324e+05 -2.52384875e+04 
 2.66527837e+06  4.45806282e+05 -2.51959902e+04 
 2.72673897e+06  4.45765406e+05 -2.51664533e+04 
 2.78961683e+06  4.45724610e+05 -2.51498620e+04 
 2.85394464e+06  4.45683812e+05 -2.51462077e+04 
 2.91975583e+06  4.45642927e+05 -2.51554877e+04 
 2.98708461e+06  4.45601870e+05 -2.51777056e+04 
 3.05596598e+06  4.45560557e+05 -2.52128710e+04 
 3.12643573e+06  4.45518902e+05 -2.52609994e+04 
 3.19853049e+06  4.45476821e+05 -2.53221128e+04 
 3.27228774e+06  4.45434226e+05 -2.53962388e+04 
 3.34774581e+06  4.45391029e+05 -2.54834115e+04 
 3.42494392e+06  4.45347141e+05 -2.55836708e+04 
 3.50392221e+06  4.45302473e+05 -2.56970627e+04 
 3.58472171e+06  4.45256932e+05 -2.58236393e+04 
 3.66738442e+06  4.45210424e+05 -2.59634589e+04 
 3.75195331e+06  4.45162855e+05 -2.61165855e+04 
 3.83847234e+06  4.45114126e+05 -2.62830896e+04 
 3.92698648e+06  4.45064137e+05 -2.64630473e+04 
 4.01754173e+06  4.45012786e+05 -2.66565411e+04 
 4.11018515e+06  4.44959968e+05 -2.68636592e+04 
 4.20496491e+06  4.44905575e+05 -2.70844961e+04 
 4.30193027e+06  4.44849494e+05 -2.73191522e+04 
 4.40113162e+06  4.44791613e+05 -2.75677338e+04 
 4.50262052e+06  4.44731812e+05 -2.78303533e+04 
 4.60644974e+06  4.44669969e+05 -2.81071291e+04 
 4.71267322e+06  4.44605959e+05 -2.83981854e+04 
 4.82134619e+06  4.44539652e+05 -2.87036523e+04 
 4.93252513e+06  4.44470912e+05 -2.90236659e+04 
 5.04626783e+06  4.44399600e+05 -2.93583683e+04 
 5.16263340e+06  4.44325572e+05 -2.97079070e+04 
 5.28168234e+06  4.44248677e+05 -3.00724356e+04 
 5.40347650e+06  4.44168761e+05 -3.04521134e+04 
 5.52807921e+06  4.44085661e+05 -3.08471054e+04 
 5.65555523e+06  4.43999211e+05 -3.12575820e+04 
 5.78597080e+06  4.43909236e+05 -3.16837194e+04 
 5.91939372e+06  4.43815556e+05 -3.21256991e+04 
 6.05589334e+06  4.43717982e+05 -3.25837083e+04 
 6.19554061e+06  4.43616321e+05 -3.30579392e+04 
 6.33840810e+06  4.43510367e+05 -3.35485893e+04 
 6.48457008e+06  4.43399911e+05 -3.40558612e+04 
 6.63410251e+06  4.43284733e+05 -3.45799626e+04 
 6.78708313e+06  4.43164603e+05 -3.51211058e+04 
 6.94359143e+06  4.43039285e+05 -3.56795080e+04 
 7.10370877e+06  4.42908530e+05 -3.62553907e+04 
 7.26751838e+06  4.42772080e+05 -3.68489800e+04 
 7.43510539e+06  4.42629669e+05 -3.74605059e+04 
 7.60655691e+06  4.42481015e+05 -3.80902025e+04 
 7.78196206e+06  4.42325830e+05 -3.87383074e+04 
 7.96141200e+06  4.42163810e+05 -3.94050618e+04 
 8.14500001e+06  4.41994642e+05 -4.00907101e+04 
 8.33282151e+06  4.41817997e+05 -4.07954993e+04 
 8.52497412e+06  4.41633534e+05 -4.15196790e+04 
 8.72155772e+06  4.41440900e+05 -4.22635011e+04 
 8.92267449e+06  4.41239725e+05 -4.30272192e+04 
 9.12842895e+06  4.41029626e+05 -4.38110883e+04 
 9.33892805e+06  4.40810204e+05 -4.46153640e+04 
 9.55428121e+06  4.40581044e+05 -4.54403029e+04 
 9.77460036e+06  4.40341714e+05 -4.62861609e+04 
 1.00000000e+07  4.40091766e+05 -4.71531937e+04 
 1.02305973e+07  4.39830735e+05 -4.80416555e+04 
 1.04665121e+07  4.39558136e+05 -4.89517988e+04 
 1.07078670e+07  4.39273467e+05 -4.98838732e+04 
 1.09547876e+07  4.38976206e+05 -5.08381252e+04 
 1.12074020e+07  4.38665812e+05 -5.18147972e+04 
 1.14658417e+07  4.38341722e+05 -5.28141266e+04 
 1.17302409e+07  4.38003354e+05 -5.38363449e+04 
 1.20007371e+07  4.37650103e+05 -5.48816769e+04 
 1.22774708e+07  4.37281343e+05 -5.59503394e+04 
 1.25605860e+07  4.36896426e+05 -5.70425405e+04 
 1.28502297e+07  4.36494680e+05 -5.81584782e+04 
 1.31465525e+07  4.36075410e+05 -5.92983391e+04 
 1.34497085e+07  4.35637896e+05 -6.04622976e+04 
 1.37598551e+07  4.35181397e+05 -6.16505138e+04 
 1.40771537e+07  4.34705143e+05 -6.28631328e+04 
 1.44017690e+07  4.34208342e+05 -6.41002827e+04 
 1.47338699e+07  4.33690176e+05 -6.53620734e+04 
 1.50736290e+07  4.33149802e+05 -6.66485945e+04 
 1.54212228e+07  4.32586349e+05 -6.79599139e+04 
 1.57768320e+07  4.31998923e+05 -6.92960759e+04 
 1.61406415e+07  4.31386604e+05 -7.06570992e+04 
 1.65128404e+07  4.30748443e+05 -7.20429749e+04 
 1.68936220e+07  4.30083471e+05 -7.34536646e+04 
 1.72831844e+07  4.29390689e+05 -7.48890982e+04 
 1.76817299e+07  4.28669075e+05 -7.63491714e+04 
 1.80894658e+07  4.27917583e+05 -7.78337437e+04 
 1.85066040e+07  4.27135142e+05 -7.93426361e+04 
 1.89333613e+07  4.26320659e+05 -8.08756281e+04 
 1.93699595e+07  4.25473019e+05 -8.24324559e+04 
 1.98166255e+07  4.24591086e+05 -8.40128093e+04 
 2.02735916e+07  4.23673704e+05 -8.56163293e+04 
 2.07410951e+07  4.22719699e+05 -8.72426054e+04 
 2.12193792e+07  4.21727881e+05 -8.88911730e+04 
 2.17086923e+07  4.20697046e+05 -9.05615103e+04 
 2.22092889e+07  4.19625976e+05 -9.22530362e+04 
 2.27214291e+07  4.18513445e+05 -9.39651071e+04 
 2.32453791e+07  4.17358217e+05 -9.56970146e+04 
 2.37814113e+07  4.16159055e+05 -9.74479823e+04 
 2.43298042e+07  4.14914717e+05 -9.92171637e+04 
 2.48908429e+07  4.13623966e+05 -1.01003640e+05 
 2.54648190e+07  4.12285570e+05 -1.02806416e+05 
 2.60520309e+07  4.10898307e+05 -1.04624421e+05 
 2.66527837e+07  4.09460968e+05 -1.06456503e+05 
 2.72673897e+07  4.07972365e+05 -1.08301430e+05 
 2.78961683e+07  4.06431333e+05 -1.10157887e+05 
 2.85394464e+07  4.04836735e+05 -1.12024473e+05 
 2.91975583e+07  4.03187470e+05 -1.13899704e+05 
 2.98708461e+07  4.01482477e+05 -1.15782006e+05 
 3.05596598e+07  3.99720740e+05 -1.17669722e+05 
 3.12643573e+07  3.97901297e+05 -1.19561105e+05 
 3.19853049e+07  3.96023246e+05 -1.21454325e+05 
 3.27228774e+07  3.94085749e+05 -1.23347462e+05 
 3.34774581e+07  3.92088043e+05 -1.25238516e+05 
 3.42494392e+07  3.90029444e+05 -1.27125401e+05 
 3.50392221e+07  3.87909355e+05 -1.29005954e+05 
 3.58472171e+07  3.85727274e+05 -1.30877934e+05 
 3.66738442e+07  3.83482799e+05 -1.32739026e+05 
 3.75195331e+07  3.81175639e+05 -1.34586848e+05 
 3.83847234e+07  3.78805618e+05 -1.36418953e+05 
 3.92698648e+07  3.76372682e+05 -1.38232837e+05 
 4.01754173e+07  3.73876907e+05 -1.40025945e+05 
 4.11018515e+07  3.71318506e+05 -1.41795676e+05 
 4.20496491e+07  3.68697832e+05 -1.43539394e+05 
 4.30193027e+07  3.66015385e+05 -1.45254435e+05 
 4.40113162e+07  3.63271819e+05 -1.46938114e+05 
 4.50262052e+07  3.60467943e+05 -1.48587742e+05 
 4.60644974e+07  3.57604728e+05 -1.50200627e+05 
 4.71267322e+07  3.54683306e+05 -1.51774091e+05 
 4.82134619e+07  3.51704975e+05 -1.53305481e+05 
 4.93252513e+07  3.48671201e+05 -1.54792179e+05 
 5.04626783e+07  3.45583613e+05 -1.56231616e+05 
 5.16263340e+07  3.42444010e+05 -1.57621282e+05 
 5.28168234e+07  3.39254350e+05 -1.58958742e+05 
 5.40347650e+07  3.36016757e+05 -1.60241646e+05 
 5.52807921e+07  3.32733506e+05 -1.61467743e+05 
 5.65555523e+07  3.29407028e+05 -1.62634893e+05 
 5.78597080e+07  3.26039896e+05 -1.63741079e+05 
 5.91939372e+07  3.22634821e+05 -1.64784419e+05 
 6.05589334e+07  3.19194641e+05 -1.65763179e+05 
 6.19554061e+07  3.15722316e+05 -1.66675781e+05 
 6.33840810e+07  3.12220911e+05 -1.67520812e+05 
 6.48457008e+07  3.08693587e+05 -1.68297037e+05 
 6.63410251e+07  3.05143589e+05 -1.69003405e+05 
 6.78708313e+07  3.01574233e+05 -1.69639055e+05 
 6.94359143e+07  2.97988888e+05 -1.70203322e+05 
 7.10370877e+07  2.94390967e+05 -1.70695744e+05 
 7.26751838e+07  2.90783908e+05 -1.71116062e+05 
 7.43510539e+07  2.87171158e+05 -1.71464223e+05 
 7.60655691e+07  2.83556162e+05 -1.71740383e+05 
 7.78196206e+07  2.79942342e+05 -1.71944902e+05 
 7.96141200e+07  2.76333086e+05 -1.72078345e+05 
 8.14500001e+07  2.72731729e+05 -1.72141478e+05 
 8.33282151e+07  2.69141540e+05 -1.72135262e+05 
 8.52497412e+07  2.65565710e+05 -1.72060848e+05 
 8.72155772e+07  2.62007334e+05 -1.71919568e+05 
 8.92267449e+07  2.58469400e+05 -1.71712930e+05 
 9.12842895e+07  2.54954778e+05 -1.71442604e+05 
 9.33892805e+07  2.51466209e+05 -1.71110417e+05 
 9.55428121e+07  2.48006291e+05 -1.70718336e+05 
 9.77460036e+07  2.44577476e+05 -1.70268461e+05 
 1.00000000e+08  2.41182057e+05 -1.69763010e+05 
 1.02305973e+08  2.37822164e+05 -1.69204306e+05 
 1.04665121e+08  2.34499759e+05 -1.68594765e+05 
 1.07078670e+08  2.31216630e+05 -1.67936882e+05 
 1.09547876e+08  2.27974389e+05 -1.67233215e+05 
 1.12074020e+08  2.24774468e+05 -1.66486377e+05 
 1.14658417e+08  2.21618122e+05 -1.65699016e+05 
 1.17302409e+08  2.18506426e+05 -1.64873806e+05 
 1.20007371e+08  2.15440279e+05 -1.64013434e+05 
 1.22774708e+08  2.12420402e+05 -1.63120585e+05 
 1.25605860e+08  2.09447348e+05 -1.62197931e+05 
 1.28502297e+08  2.06521498e+05 -1.61248120e+05 
 1.31465525e+08  2.03643073e+05 -1.60273765e+05 
 1.34497085e+08  2.00812136e+05 -1.59277432e+05 
 1.37598551e+08  1.98028599e+05 -1.58261632e+05 
 1.40771537e+08  1.95292230e+05 -1.57228812e+05 
 1.44017690e+08  1.92602659e+05 -1.56181347e+05 
 1.47338699e+08  1.89959387e+05 -1.55121530e+05 
 1.50736290e+08  1.87361795e+05 -1.54051567e+05 
 1.54212228e+08  1.84809149e+05 -1.52973572e+05 
 1.57768320e+08  1.82300613e+05 -1.51889559e+05 
 1.61406415e+08  1.79835252e+05 -1.50801441e+05 
 1.65128404e+08  1.77412046e+05 -1.49711021e+05 
 1.68936220e+08  1.75029897e+05 -1.48619993e+05 
 1.72831844e+08  1.72687637e+05 -1.47529938e+05 
 1.76817299e+08  1.70384037e+05 -1.46442322e+05 
 1.80894658e+08  1.68117816e+05 -1.45358494e+05 
 1.85066040e+08  1.65887650e+05 -1.44279687e+05 
 1.89333613e+08  1.63692181e+05 -1.43207014e+05 
 1.93699595e+08  1.61530022e+05 -1.42141475e+05 
 1.98166255e+08  1.59399770e+05 -1.41083951e+05 
 2.02735916e+08  1.57300008e+05 -1.40035209e+05 
 2.07410951e+08  1.55229320e+05 -1.38995903e+05 
 2.12193792e+08  1.53186290e+05 -1.37966576e+05 
 2.17086923e+08  1.51169518e+05 -1.36947663e+05 
 2.22092889e+08  1.49177617e+05 -1.35939495e+05 
 2.27214291e+08  1.47209228e+05 -1.34942300e+05 
 2.32453791e+08  1.45263022e+05 -1.33956209e+05 
 2.37814113e+08  1.43337707e+05 -1.32981259e+05 
 2.43298042e+08  1.41432031e+05 -1.32017399e+05 
 2.48908429e+08  1.39544792e+05 -1.31064492e+05 
 2.54648190e+08  1.37674839e+05 -1.30122322e+05 
 2.60520309e+08  1.35821076e+05 -1.29190600e+05 
 2.66527837e+08  1.33982470e+05 -1.28268966e+05 
 2.72673897e+08  1.32158048e+05 -1.27357001e+05 
 2.78961683e+08  1.30346908e+05 -1.26454224e+05 
 2.85394464e+08  1.28548215e+05 -1.25560107e+05 
 2.91975583e+08  1.26761208e+05 -1.24674075e+05 
 2.98708461e+08  1.24985196e+05 -1.23795515e+05 
 3.05596598e+08  1.23219566e+05 -1.22923782e+05 
 3.12643573e+08  1.21463781e+05 -1.22058205e+05 
 3.19853049e+08  1.19717378e+05 -1.21198092e+05 
 3.27228774e+08  1.17979970e+05 -1.20342739e+05 
 3.34774581e+08  1.16251247e+05 -1.19491436e+05 
 3.42494392e+08  1.14530972e+05 -1.18643470e+05 
 3.50392221e+08  1.12818980e+05 -1.17798134e+05 
 3.58472171e+08  1.11115178e+05 -1.16954732e+05 
 3.66738442e+08  1.09419538e+05 -1.16112584e+05 
 3.75195331e+08  1.07732101e+05 -1.15271031e+05 
 3.83847234e+08  1.06052967e+05 -1.14429442e+05 
 3.92698648e+08  1.04382294e+05 -1.13587216e+05 
 4.01754173e+08  1.02720295e+05 -1.12743788e+05 
 4.11018515e+08  1.01067233e+05 -1.11898633e+05 
 4.20496491e+08  9.94234141e+04 -1.11051266e+05 
 4.30193027e+08  9.77891858e+04 -1.10201251e+05 
 4.40113162e+08  9.61649304e+04 -1.09348197e+05 
 4.50262052e+08  9.45510603e+04 -1.08491765e+05 
 4.60644974e+08  9.29480122e+04 -1.07631667e+05 
 4.71267322e+08  9.13562423e+04 -1.06767667e+05 
 4.82134619e+08  8.97762207e+04 -1.05899583e+05 
 4.93252513e+08  8.82084264e+04 -1.05027286e+05 
 5.04626783e+08  8.66533419e+04 -1.04150696e+05 
 5.16263340e+08  8.51114485e+04 -1.03269790e+05 
 5.28168234e+08  8.35832212e+04 -1.02384590e+05 
 5.40347650e+08  8.20691245e+04 -1.01495169e+05 
 5.52807921e+08  8.05696076e+04 -1.00601645e+05 
 5.65555523e+08  7.90851011e+04 -9.97041797e+04 
 5.78597080e+08  7.76160127e+04 -9.88029748e+04 
 5.91939372e+08  7.61627246e+04 -9.78982693e+04 
 6.05589334e+08  7.47255898e+04 -9.69903360e+04 
 6.19554061e+08  7.33049303e+04 -9.60794779e+04 
 6.33840810e+08  7.19010348e+04 -9.51660245e+04 
 6.48457008e+08  7.05141569e+04 -9.42503275e+04 
 6.63410251e+08  6.91445140e+04 -9.33327574e+04 
 6.78708313e+08  6.77922865e+04 -9.24136992e+04 
 6.94359143e+08  6.64576170e+04 -9.14935486e+04 
 7.10370877e+08  6.51406110e+04 -9.05727080e+04 
 7.26751838e+08  6.38413364e+04 -8.96515828e+04 
 7.43510539e+08  6.25598249e+04 -8.87305777e+04 
 7.60655691e+08  6.12960727e+04 -8.78100932e+04 
 7.78196206e+08  6.00500417e+04 -8.68905225e+04 
 7.96141200e+08  5.88216617e+04 -8.59722480e+04 
 8.14500001e+08  5.76108317e+04 -8.50556389e+04 
 8.33282151e+08  5.64174224e+04 -8.41410486e+04 
 8.52497412e+08  5.52412785e+04 -8.32288118e+04 
 8.72155772e+08  5.40822209e+04 -8.23192435e+04 
 8.92267449e+08  5.29400497e+04 -8.14126363e+04 
 9.12842895e+08  5.18145467e+04 -8.05092597e+04 
 9.33892805e+08  5.07054782e+04 -7.96093586e+04 
 9.55428121e+08  4.96125981e+04 -7.87131527e+04 
 9.77460036e+08  4.85356502e+04 -7.78208357e+04 
 1.00000000e+09  4.74743716e+04 -7.69325758e+04 
