 time            v(vin_tg)       v(vout_tg_on)   v(vout_tg_off) 
 0.00000000e+00  9.00000000e-01  9.00000000e-01  7.95879131e-01 
 1.00000000e-07  9.00565487e-01  9.00539095e-01  7.95879131e-01 
 2.00000000e-07  9.01130973e-01  9.01103275e-01  7.95879131e-01 
 4.00000000e-07  9.02261944e-01  9.02234002e-01  7.95879131e-01 
 8.00000000e-07  9.04523874e-01  9.04495676e-01  7.95879131e-01 
 1.60000000e-06  9.09047634e-01  9.09018896e-01  7.95879131e-01 
 3.20000000e-06  9.18094354e-01  9.18064708e-01  7.95879131e-01 
 6.40000000e-06  9.36181394e-01  9.36150817e-01  7.95879131e-01 
 1.28000000e-05  9.72304290e-01  9.72275592e-01  7.95879131e-01 
 2.28000000e-05  1.02849042e+00  1.02846913e+00  7.95879130e-01 
 3.28000000e-05  1.08416945e+00  1.08415413e+00  7.95879129e-01 
 4.28000000e-05  1.13912166e+00  1.13911002e+00  7.95879126e-01 
 5.28000000e-05  1.19313015e+00  1.19312084e+00  7.95879122e-01 
 6.28000000e-05  1.24598180e+00  1.24597406e+00  7.95879114e-01 
 7.28000000e-05  1.29746802e+00  1.29746141e+00  7.95879101e-01 
 8.28000000e-05  1.34738561e+00  1.34737986e+00  7.95879079e-01 
 9.28000000e-05  1.39553757e+00  1.39553251e+00  7.95879043e-01 
 1.02800000e-04  1.44173388e+00  1.44172938e+00  7.95878989e-01 
 1.12800000e-04  1.48579220e+00  1.48578819e+00  7.95878910e-01 
 1.22800000e-04  1.52753868e+00  1.52753509e+00  7.95878817e-01 
 1.32800000e-04  1.56680854e+00  1.56680533e+00  7.95878787e-01 
 1.42800000e-04  1.60344682e+00  1.60344395e+00  7.95879153e-01 
 1.52800000e-04  1.63730891e+00  1.63730636e+00  7.95881083e-01 
 1.62800000e-04  1.66826118e+00  1.66825893e+00  7.95888101e-01 
 1.72800000e-04  1.69618148e+00  1.69617951e+00  7.95909135e-01 
 1.82800000e-04  1.72095961e+00  1.72095791e+00  7.95963470e-01 
 1.92800000e-04  1.74249779e+00  1.74249636e+00  7.96085821e-01 
 2.02800000e-04  1.76071101e+00  1.76070984e+00  7.96327004e-01 
 2.12800000e-04  1.77552740e+00  1.77552648e+00  7.96744605e-01 
 2.22800000e-04  1.78688849e+00  1.78688782e+00  7.97382207e-01 
 2.32800000e-04  1.79474943e+00  1.79474901e+00  7.98244364e-01 
 2.42800000e-04  1.79907920e+00  1.79907903e+00  7.99281098e-01 
 2.52800000e-04  1.79986072e+00  1.79986079e+00  8.00393475e-01 
 2.62800000e-04  1.79709090e+00  1.79709122e+00  8.01460852e-01 
 2.72800000e-04  1.79078068e+00  1.79078124e+00  8.02377826e-01 
 2.82800000e-04  1.78095494e+00  1.78095575e+00  8.03083381e-01 
 2.92800000e-04  1.76765248e+00  1.76765355e+00  8.03569771e-01 
 3.02800000e-04  1.75092580e+00  1.75092711e+00  8.03870570e-01 
 3.12800000e-04  1.73084090e+00  1.73084247e+00  8.04038003e-01 
 3.22800000e-04  1.70747704e+00  1.70747889e+00  8.04122410e-01 
 3.32800000e-04  1.68092645e+00  1.68092857e+00  8.04161331e-01 
 3.42800000e-04  1.65129389e+00  1.65129631e+00  8.04177983e-01 
 3.52800000e-04  1.61869633e+00  1.61869905e+00  8.04184719e-01 
 3.62800000e-04  1.58326239e+00  1.58326545e+00  8.04187371e-01 
 3.72800000e-04  1.54513193e+00  1.54513535e+00  8.04188424e-01 
 3.82800000e-04  1.50445543e+00  1.50445925e+00  8.04188864e-01 
 3.92800000e-04  1.46139342e+00  1.46139769e+00  8.04189065e-01 
 4.02800000e-04  1.41611585e+00  1.41612064e+00  8.04189165e-01 
 4.12800000e-04  1.36880140e+00  1.36880683e+00  8.04189219e-01 
 4.22800000e-04  1.31963681e+00  1.31964301e+00  8.04189249e-01 
 4.32800000e-04  1.26881611e+00  1.26882331e+00  8.04189267e-01 
 4.42800000e-04  1.21653985e+00  1.21654840e+00  8.04189276e-01 
 4.52800000e-04  1.16301436e+00  1.16302485e+00  8.04189282e-01 
 4.62800000e-04  1.10845087e+00  1.10846434e+00  8.04189285e-01 
 4.72800000e-04  1.05306472e+00  1.05308304e+00  8.04189286e-01 
 4.82800000e-04  9.97074490e-01  9.97100055e-01  8.04189287e-01 
 4.92800000e-04  9.40701155e-01  9.40731794e-01  8.04189287e-01 
 5.02800000e-04  8.84167190e-01  8.84192487e-01  8.04189286e-01 
 5.12800000e-04  8.27695710e-01  8.27712668e-01  8.04189286e-01 
 5.22800000e-04  7.71509582e-01  7.71521244e-01  8.04189286e-01 
 5.32800000e-04  7.15830547e-01  7.15839245e-01  8.04189285e-01 
 5.42800000e-04  6.60878345e-01  6.60885277e-01  8.04189285e-01 
 5.52800000e-04  6.06869846e-01  6.06875626e-01  8.04189285e-01 
 5.62800000e-04  5.54018199e-01  5.54023166e-01  8.04189285e-01 
 5.72800000e-04  5.02531984e-01  5.02536339e-01  8.04189287e-01 
 5.82800000e-04  4.52614393e-01  4.52618265e-01  8.04189289e-01 
 5.92800000e-04  4.04462429e-01  4.04465902e-01  8.04189292e-01 
 6.02800000e-04  3.58266125e-01  3.58269257e-01  8.04189298e-01 
 6.12800000e-04  3.14207797e-01  3.14210630e-01  8.04189308e-01 
 6.22800000e-04  2.72461324e-01  2.72463887e-01  8.04189322e-01 
 6.32800000e-04  2.33191459e-01  2.33193774e-01  8.04189341e-01 
 6.42800000e-04  1.96553183e-01  1.96555266e-01  8.04189367e-01 
 6.52800000e-04  1.62691090e-01  1.62692954e-01  8.04189399e-01 
 6.62800000e-04  1.31738818e-01  1.31740473e-01  8.04189432e-01 
 6.72800000e-04  1.03818522e-01  1.03819975e-01  8.04189454e-01 
 6.82800000e-04  7.90403910e-02  7.90416473e-02  8.04189439e-01 
 6.92800000e-04  5.75022123e-02  5.75032759e-02  8.04189341e-01 
 7.02800000e-04  3.92889875e-02  3.92898616e-02  8.04189092e-01 
 7.12800000e-04  2.44725958e-02  2.44732826e-02  8.04188611e-01 
 7.22800000e-04  1.31115109e-02  1.31120120e-02  8.04187832e-01 
 7.32800000e-04  5.25056955e-03  5.25088627e-03  8.04186738e-01 
 7.42800000e-04  9.20795471e-04  9.20928407e-04  8.04185386e-01 
 7.52800000e-04  1.39276265e-04  1.39225686e-04  8.04183907e-01 
 7.62800000e-04  2.90909623e-03  2.90886201e-03  8.04182467e-01 
 7.72800000e-04  9.21932415e-03  9.21890577e-03  8.04181213e-01 
 7.82800000e-04  1.90450564e-02  1.90444530e-02  8.04180229e-01 
 7.92800000e-04  3.23475154e-02  3.23467254e-02  8.04179526e-01 
 8.02800000e-04  4.90742024e-02  4.90732237e-02  8.04179062e-01 
 8.12800000e-04  6.91591047e-02  6.91579347e-02  8.04178772e-01 
 8.22800000e-04  9.25229564e-02  9.25215915e-02  8.04178595e-01 
 8.32800000e-04  1.19073551e-01  1.19071986e-01  8.04178485e-01 
 8.42800000e-04  1.48706106e-01  1.48704335e-01  8.04178412e-01 
 8.52800000e-04  1.81303674e-01  1.81301689e-01  8.04178363e-01 
 8.62800000e-04  2.16737609e-01  2.16735398e-01  8.04178328e-01 
 8.72800000e-04  2.54868068e-01  2.54865617e-01  8.04178302e-01 
 8.82800000e-04  2.95544568e-01  2.95541858e-01  8.04178284e-01 
 8.92800000e-04  3.38606577e-01  3.38603582e-01  8.04178272e-01 
 9.02800000e-04  3.83884150e-01  3.83880833e-01  8.04178264e-01 
 9.12800000e-04  4.31198596e-01  4.31194908e-01  8.04178258e-01 
 9.22800000e-04  4.80363188e-01  4.80359057e-01  8.04178254e-01 
 9.32800000e-04  5.31183894e-01  5.31179215e-01  8.04178252e-01 
 9.42800000e-04  5.83460148e-01  5.83454757e-01  8.04178250e-01 
 9.52800000e-04  6.36985641e-01  6.36979270e-01  8.04178249e-01 
 9.62800000e-04  6.91549132e-01  6.91541312e-01  8.04178248e-01 
 9.72800000e-04  7.46935282e-01  7.46925129e-01  8.04178248e-01 
 9.82800000e-04  8.02925510e-01  8.02911273e-01  8.04178247e-01 
 9.92800000e-04  8.59298845e-01  8.59277495e-01  8.04178247e-01 
 1.00280000e-03  9.15832810e-01  9.15803330e-01  8.04178246e-01 
 1.01280000e-03  9.72304290e-01  9.72275565e-01  8.04178245e-01 
 1.02280000e-03  1.02849042e+00  1.02846912e+00  8.04178244e-01 
 1.03280000e-03  1.08416945e+00  1.08415413e+00  8.04178242e-01 
 1.04280000e-03  1.13912166e+00  1.13911002e+00  8.04178239e-01 
 1.05280000e-03  1.19313015e+00  1.19312084e+00  8.04178234e-01 
 1.06280000e-03  1.24598180e+00  1.24597406e+00  8.04178226e-01 
 1.07280000e-03  1.29746802e+00  1.29746141e+00  8.04178212e-01 
 1.08280000e-03  1.34738561e+00  1.34737986e+00  8.04178190e-01 
 1.09280000e-03  1.39553757e+00  1.39553251e+00  8.04178154e-01 
 1.10280000e-03  1.44173388e+00  1.44172938e+00  8.04178100e-01 
 1.11280000e-03  1.48579220e+00  1.48578819e+00  8.04178021e-01 
 1.12280000e-03  1.52753868e+00  1.52753509e+00  8.04177928e-01 
 1.13280000e-03  1.56680854e+00  1.56680533e+00  8.04177893e-01 
 1.14280000e-03  1.60344682e+00  1.60344395e+00  8.04178243e-01 
 1.15280000e-03  1.63730891e+00  1.63730636e+00  8.04180109e-01 
 1.16280000e-03  1.66826118e+00  1.66825893e+00  8.04186917e-01 
 1.17280000e-03  1.69618148e+00  1.69617951e+00  8.04207348e-01 
 1.18280000e-03  1.72095961e+00  1.72095791e+00  8.04260169e-01 
 1.19280000e-03  1.74249779e+00  1.74249636e+00  8.04379192e-01 
 1.20280000e-03  1.76071101e+00  1.76070984e+00  8.04613971e-01 
 1.21280000e-03  1.77552740e+00  1.77552648e+00  8.05020738e-01 
 1.22280000e-03  1.78688849e+00  1.78688782e+00  8.05642147e-01 
 1.23280000e-03  1.79474943e+00  1.79474901e+00  8.06482793e-01 
 1.24280000e-03  1.79907920e+00  1.79907903e+00  8.07493986e-01 
 1.25280000e-03  1.79986072e+00  1.79986079e+00  8.08579141e-01 
 1.26280000e-03  1.79709090e+00  1.79709122e+00  8.09620406e-01 
 1.27280000e-03  1.79078068e+00  1.79078124e+00  8.10514817e-01 
 1.28280000e-03  1.78095494e+00  1.78095575e+00  8.11202824e-01 
 1.29280000e-03  1.76765248e+00  1.76765355e+00  8.11676944e-01 
 1.30280000e-03  1.75092580e+00  1.75092711e+00  8.11970037e-01 
 1.31280000e-03  1.73084090e+00  1.73084247e+00  8.12133116e-01 
 1.32280000e-03  1.70747704e+00  1.70747889e+00  8.12215301e-01 
 1.33280000e-03  1.68092645e+00  1.68092857e+00  8.12253189e-01 
 1.34280000e-03  1.65129389e+00  1.65129631e+00  8.12269399e-01 
 1.35280000e-03  1.61869633e+00  1.61869905e+00  8.12275958e-01 
 1.36280000e-03  1.58326239e+00  1.58326545e+00  8.12278542e-01 
 1.37280000e-03  1.54513193e+00  1.54513535e+00  8.12279570e-01 
 1.38280000e-03  1.50445543e+00  1.50445925e+00  8.12280001e-01 
 1.39280000e-03  1.46139342e+00  1.46139769e+00  8.12280198e-01 
 1.40280000e-03  1.41611585e+00  1.41612064e+00  8.12280296e-01 
 1.41280000e-03  1.36880140e+00  1.36880683e+00  8.12280349e-01 
 1.42280000e-03  1.31963681e+00  1.31964301e+00  8.12280378e-01 
 1.43280000e-03  1.26881611e+00  1.26882331e+00  8.12280395e-01 
 1.44280000e-03  1.21653985e+00  1.21654840e+00  8.12280404e-01 
 1.45280000e-03  1.16301436e+00  1.16302485e+00  8.12280409e-01 
 1.46280000e-03  1.10845087e+00  1.10846434e+00  8.12280412e-01 
 1.47280000e-03  1.05306472e+00  1.05308304e+00  8.12280412e-01 
 1.48280000e-03  9.97074490e-01  9.97100055e-01  8.12280413e-01 
 1.49280000e-03  9.40701155e-01  9.40731794e-01  8.12280412e-01 
 1.50280000e-03  8.84167190e-01  8.84192487e-01  8.12280412e-01 
 1.51280000e-03  8.27695710e-01  8.27712668e-01  8.12280411e-01 
 1.52280000e-03  7.71509582e-01  7.71521244e-01  8.12280410e-01 
 1.53280000e-03  7.15830547e-01  7.15839245e-01  8.12280409e-01 
 1.54280000e-03  6.60878345e-01  6.60885277e-01  8.12280409e-01 
 1.55280000e-03  6.06869846e-01  6.06875626e-01  8.12280408e-01 
 1.56280000e-03  5.54018199e-01  5.54023166e-01  8.12280408e-01 
 1.57280000e-03  5.02531984e-01  5.02536339e-01  8.12280409e-01 
 1.58280000e-03  4.52614393e-01  4.52618265e-01  8.12280411e-01 
 1.59280000e-03  4.04462429e-01  4.04465902e-01  8.12280414e-01 
 1.60280000e-03  3.58266125e-01  3.58269257e-01  8.12280419e-01 
 1.61280000e-03  3.14207797e-01  3.14210630e-01  8.12280428e-01 
 1.62280000e-03  2.72461324e-01  2.72463887e-01  8.12280442e-01 
 1.63280000e-03  2.33191459e-01  2.33193774e-01  8.12280461e-01 
 1.64280000e-03  1.96553183e-01  1.96555266e-01  8.12280487e-01 
 1.65280000e-03  1.62691090e-01  1.62692954e-01  8.12280518e-01 
 1.66280000e-03  1.31738818e-01  1.31740473e-01  8.12280550e-01 
 1.67280000e-03  1.03818522e-01  1.03819975e-01  8.12280571e-01 
 1.68280000e-03  7.90403910e-02  7.90416473e-02  8.12280555e-01 
 1.69280000e-03  5.75022123e-02  5.75032759e-02  8.12280455e-01 
 1.70280000e-03  3.92889875e-02  3.92898616e-02  8.12280202e-01 
 1.71280000e-03  2.44725958e-02  2.44732826e-02  8.12279715e-01 
 1.72280000e-03  1.31115109e-02  1.31120120e-02  8.12278926e-01 
 1.73280000e-03  5.25056955e-03  5.25088627e-03  8.12277819e-01 
 1.74280000e-03  9.20795471e-04  9.20928407e-04  8.12276452e-01 
 1.75280000e-03  1.39276265e-04  1.39225686e-04  8.12274957e-01 
 1.76280000e-03  2.90909623e-03  2.90886201e-03  8.12273501e-01 
 1.77280000e-03  9.21932415e-03  9.21890577e-03  8.12272233e-01 
 1.78280000e-03  1.90450564e-02  1.90444530e-02  8.12271238e-01 
 1.79280000e-03  3.23475154e-02  3.23467254e-02  8.12270527e-01 
 1.80280000e-03  4.90742024e-02  4.90732237e-02  8.12270058e-01 
 1.81280000e-03  6.91591047e-02  6.91579347e-02  8.12269765e-01 
 1.82280000e-03  9.25229564e-02  9.25215915e-02  8.12269586e-01 
 1.83280000e-03  1.19073551e-01  1.19071986e-01  8.12269475e-01 
 1.84280000e-03  1.48706106e-01  1.48704335e-01  8.12269402e-01 
 1.85280000e-03  1.81303674e-01  1.81301689e-01  8.12269352e-01 
 1.86280000e-03  2.16737609e-01  2.16735398e-01  8.12269316e-01 
 1.87280000e-03  2.54868068e-01  2.54865617e-01  8.12269290e-01 
 1.88280000e-03  2.95544568e-01  2.95541858e-01  8.12269272e-01 
 1.89280000e-03  3.38606577e-01  3.38603582e-01  8.12269259e-01 
 1.90280000e-03  3.83884150e-01  3.83880833e-01  8.12269250e-01 
 1.91280000e-03  4.31198596e-01  4.31194908e-01  8.12269244e-01 
 1.92280000e-03  4.80363188e-01  4.80359057e-01  8.12269240e-01 
 1.93280000e-03  5.31183894e-01  5.31179215e-01  8.12269237e-01 
 1.94280000e-03  5.83460148e-01  5.83454757e-01  8.12269235e-01 
 1.95280000e-03  6.36985641e-01  6.36979270e-01  8.12269234e-01 
 1.96280000e-03  6.91549132e-01  6.91541312e-01  8.12269232e-01 
 1.97280000e-03  7.46935282e-01  7.46925129e-01  8.12269231e-01 
 1.98280000e-03  8.02925510e-01  8.02911273e-01  8.12269230e-01 
 1.99280000e-03  8.59298845e-01  8.59277495e-01  8.12269229e-01 
 2.00280000e-03  9.15832810e-01  9.15803330e-01  8.12269228e-01 
 2.01280000e-03  9.72304290e-01  9.72275565e-01  8.12269227e-01 
 2.02280000e-03  1.02849042e+00  1.02846912e+00  8.12269225e-01 
 2.03280000e-03  1.08416945e+00  1.08415413e+00  8.12269223e-01 
 2.04280000e-03  1.13912166e+00  1.13911002e+00  8.12269220e-01 
 2.05280000e-03  1.19313015e+00  1.19312084e+00  8.12269214e-01 
 2.06280000e-03  1.24598180e+00  1.24597406e+00  8.12269206e-01 
 2.07280000e-03  1.29746802e+00  1.29746141e+00  8.12269192e-01 
 2.08280000e-03  1.34738561e+00  1.34737986e+00  8.12269169e-01 
 2.09280000e-03  1.39553757e+00  1.39553251e+00  8.12269133e-01 
 2.10280000e-03  1.44173388e+00  1.44172938e+00  8.12269079e-01 
 2.11280000e-03  1.48579220e+00  1.48578819e+00  8.12269000e-01 
 2.12280000e-03  1.52753868e+00  1.52753509e+00  8.12268906e-01 
 2.13280000e-03  1.56680854e+00  1.56680533e+00  8.12268869e-01 
 2.14280000e-03  1.60344682e+00  1.60344395e+00  8.12269203e-01 
 2.15280000e-03  1.63730891e+00  1.63730636e+00  8.12271009e-01 
 2.16280000e-03  1.66826118e+00  1.66825893e+00  8.12277619e-01 
 2.17280000e-03  1.69618148e+00  1.69617951e+00  8.12297477e-01 
 2.18280000e-03  1.72095961e+00  1.72095791e+00  8.12348861e-01 
 2.19280000e-03  1.74249779e+00  1.74249636e+00  8.12464724e-01 
 2.20280000e-03  1.76071101e+00  1.76070984e+00  8.12693416e-01 
 2.21280000e-03  1.77552740e+00  1.77552648e+00  8.13089877e-01 
 2.22280000e-03  1.78688849e+00  1.78688782e+00  8.13695872e-01 
 2.23280000e-03  1.79474943e+00  1.79474901e+00  8.14516028e-01 
 2.24280000e-03  1.79907920e+00  1.79907903e+00  8.15502883e-01 
 2.25280000e-03  1.79986072e+00  1.79986079e+00  8.16562090e-01 
 2.26280000e-03  1.79709090e+00  1.79709122e+00  8.17578464e-01 
 2.27280000e-03  1.79078068e+00  1.79078124e+00  8.18451371e-01 
 2.28280000e-03  1.78095494e+00  1.78095575e+00  8.19122658e-01 
 2.29280000e-03  1.76765248e+00  1.76765355e+00  8.19585094e-01 
 2.30280000e-03  1.75092580e+00  1.75092711e+00  8.19870852e-01 
 2.31280000e-03  1.73084090e+00  1.73084247e+00  8.20029789e-01 
 2.32280000e-03  1.70747704e+00  1.70747889e+00  8.20109861e-01 
 2.33280000e-03  1.68092645e+00  1.68092857e+00  8.20146768e-01 
 2.34280000e-03  1.65129389e+00  1.65129631e+00  8.20162558e-01 
 2.35280000e-03  1.61869633e+00  1.61869905e+00  8.20168949e-01 
 2.36280000e-03  1.58326239e+00  1.58326545e+00  8.20171469e-01 
 2.37280000e-03  1.54513193e+00  1.54513535e+00  8.20172473e-01 
 2.38280000e-03  1.50445543e+00  1.50445925e+00  8.20172895e-01 
 2.39280000e-03  1.46139342e+00  1.46139769e+00  8.20173087e-01 
 2.40280000e-03  1.41611585e+00  1.41612064e+00  8.20173184e-01 
 2.41280000e-03  1.36880140e+00  1.36880683e+00  8.20173236e-01 
 2.42280000e-03  1.31963681e+00  1.31964301e+00  8.20173265e-01 
 2.43280000e-03  1.26881611e+00  1.26882331e+00  8.20173281e-01 
 2.44280000e-03  1.21653985e+00  1.21654840e+00  8.20173290e-01 
 2.45280000e-03  1.16301436e+00  1.16302485e+00  8.20173294e-01 
 2.46280000e-03  1.10845087e+00  1.10846434e+00  8.20173296e-01 
 2.47280000e-03  1.05306472e+00  1.05308304e+00  8.20173297e-01 
 2.48280000e-03  9.97074490e-01  9.97100055e-01  8.20173297e-01 
 2.49280000e-03  9.40701155e-01  9.40731794e-01  8.20173296e-01 
 2.50280000e-03  8.84167190e-01  8.84192487e-01  8.20173295e-01 
 2.51280000e-03  8.27695710e-01  8.27712668e-01  8.20173294e-01 
 2.52280000e-03  7.71509582e-01  7.71521244e-01  8.20173292e-01 
 2.53280000e-03  7.15830547e-01  7.15839245e-01  8.20173291e-01 
 2.54280000e-03  6.60878345e-01  6.60885277e-01  8.20173290e-01 
 2.55280000e-03  6.06869846e-01  6.06875626e-01  8.20173290e-01 
 2.56280000e-03  5.54018199e-01  5.54023166e-01  8.20173289e-01 
 2.57280000e-03  5.02531984e-01  5.02536339e-01  8.20173289e-01 
 2.58280000e-03  4.52614393e-01  4.52618265e-01  8.20173291e-01 
 2.59280000e-03  4.04462429e-01  4.04465902e-01  8.20173294e-01 
 2.60280000e-03  3.58266125e-01  3.58269257e-01  8.20173299e-01 
 2.61280000e-03  3.14207797e-01  3.14210630e-01  8.20173308e-01 
 2.62280000e-03  2.72461324e-01  2.72463887e-01  8.20173321e-01 
 2.63280000e-03  2.33191459e-01  2.33193774e-01  8.20173340e-01 
 2.64280000e-03  1.96553183e-01  1.96555266e-01  8.20173365e-01 
 2.65280000e-03  1.62691090e-01  1.62692954e-01  8.20173396e-01 
 2.66280000e-03  1.31738818e-01  1.31740473e-01  8.20173427e-01 
 2.67280000e-03  1.03818522e-01  1.03819975e-01  8.20173448e-01 
 2.68280000e-03  7.90403910e-02  7.90416473e-02  8.20173431e-01 
 2.69280000e-03  5.75022123e-02  5.75032759e-02  8.20173328e-01 
 2.70280000e-03  3.92889875e-02  3.92898616e-02  8.20173071e-01 
 2.71280000e-03  2.44725958e-02  2.44732826e-02  8.20172578e-01 
 2.72280000e-03  1.31115109e-02  1.31120120e-02  8.20171780e-01 
 2.73280000e-03  5.25056955e-03  5.25088627e-03  8.20170660e-01 
 2.74280000e-03  9.20795471e-04  9.20928407e-04  8.20169278e-01 
 2.75280000e-03  1.39276265e-04  1.39225686e-04  8.20167767e-01 
 2.76280000e-03  2.90909623e-03  2.90886201e-03  8.20166296e-01 
 2.77280000e-03  9.21932415e-03  9.21890577e-03  8.20165014e-01 
 2.78280000e-03  1.90450564e-02  1.90444530e-02  8.20164008e-01 
 2.79280000e-03  3.23475154e-02  3.23467254e-02  8.20163290e-01 
 2.80280000e-03  4.90742024e-02  4.90732237e-02  8.20162816e-01 
 2.81280000e-03  6.91591047e-02  6.91579347e-02  8.20162521e-01 
 2.82280000e-03  9.25229564e-02  9.25215915e-02  8.20162340e-01 
 2.83280000e-03  1.19073551e-01  1.19071986e-01  8.20162227e-01 
 2.84280000e-03  1.48706106e-01  1.48704335e-01  8.20162153e-01 
 2.85280000e-03  1.81303674e-01  1.81301689e-01  8.20162103e-01 
 2.86280000e-03  2.16737609e-01  2.16735398e-01  8.20162066e-01 
 2.87280000e-03  2.54868068e-01  2.54865617e-01  8.20162040e-01 
 2.88280000e-03  2.95544568e-01  2.95541858e-01  8.20162022e-01 
 2.89280000e-03  3.38606577e-01  3.38603582e-01  8.20162008e-01 
 2.90280000e-03  3.83884150e-01  3.83880833e-01  8.20161999e-01 
 2.91280000e-03  4.31198596e-01  4.31194908e-01  8.20161993e-01 
 2.92280000e-03  4.80363188e-01  4.80359057e-01  8.20161988e-01 
 2.93280000e-03  5.31183894e-01  5.31179215e-01  8.20161985e-01 
 2.94280000e-03  5.83460148e-01  5.83454757e-01  8.20161983e-01 
 2.95280000e-03  6.36985641e-01  6.36979270e-01  8.20161981e-01 
 2.96280000e-03  6.91549132e-01  6.91541312e-01  8.20161979e-01 
 2.97280000e-03  7.46935282e-01  7.46925129e-01  8.20161978e-01 
 2.98280000e-03  8.02925510e-01  8.02911273e-01  8.20161976e-01 
 2.99280000e-03  8.59298845e-01  8.59277495e-01  8.20161975e-01 
 3.00280000e-03  9.15832810e-01  9.15803330e-01  8.20161974e-01 
 3.01280000e-03  9.72304290e-01  9.72275565e-01  8.20161972e-01 
 3.02280000e-03  1.02849042e+00  1.02846912e+00  8.20161970e-01 
 3.03280000e-03  1.08416945e+00  1.08415413e+00  8.20161967e-01 
 3.04280000e-03  1.13912166e+00  1.13911002e+00  8.20161963e-01 
 3.05280000e-03  1.19313015e+00  1.19312084e+00  8.20161958e-01 
 3.06280000e-03  1.24598180e+00  1.24597406e+00  8.20161949e-01 
 3.07280000e-03  1.29746802e+00  1.29746141e+00  8.20161935e-01 
 3.08280000e-03  1.34738561e+00  1.34737986e+00  8.20161912e-01 
 3.09280000e-03  1.39553757e+00  1.39553251e+00  8.20161876e-01 
 3.10280000e-03  1.44173388e+00  1.44172938e+00  8.20161821e-01 
 3.11280000e-03  1.48579220e+00  1.48578819e+00  8.20161743e-01 
 3.12280000e-03  1.52753868e+00  1.52753509e+00  8.20161649e-01 
 3.13280000e-03  1.56680854e+00  1.56680533e+00  8.20161608e-01 
 3.14280000e-03  1.60344682e+00  1.60344395e+00  8.20161927e-01 
 3.15280000e-03  1.63730891e+00  1.63730636e+00  8.20163677e-01 
 3.16280000e-03  1.66826118e+00  1.66825893e+00  8.20170098e-01 
 3.17280000e-03  1.69618148e+00  1.69617951e+00  8.20189414e-01 
 3.18280000e-03  1.72095961e+00  1.72095791e+00  8.20239431e-01 
 3.19280000e-03  1.74249779e+00  1.74249636e+00  8.20352290e-01 
 3.20280000e-03  1.76071101e+00  1.76070984e+00  8.20575190e-01 
 3.21280000e-03  1.77552740e+00  1.77552648e+00  8.20961838e-01 
 3.22280000e-03  1.78688849e+00  1.78688782e+00  8.21553142e-01 
 3.23280000e-03  1.79474943e+00  1.79474901e+00  8.22353760e-01 
 3.24280000e-03  1.79907920e+00  1.79907903e+00  8.23317395e-01 
 3.25280000e-03  1.79986072e+00  1.79986079e+00  8.24351843e-01 
 3.26280000e-03  1.79709090e+00  1.79709122e+00  8.25344463e-01 
 3.27280000e-03  1.79078068e+00  1.79078124e+00  8.26196853e-01 
 3.28280000e-03  1.78095494e+00  1.78095575e+00  8.26852193e-01 
 3.29280000e-03  1.76765248e+00  1.76765355e+00  8.27303489e-01 
 3.30280000e-03  1.75092580e+00  1.75092711e+00  8.27582258e-01 
 3.31280000e-03  1.73084090e+00  1.73084247e+00  8.27737251e-01 
 3.32280000e-03  1.70747704e+00  1.70747889e+00  8.27815312e-01 
 3.33280000e-03  1.68092645e+00  1.68092857e+00  8.27851285e-01 
 3.34280000e-03  1.65129389e+00  1.65129631e+00  8.27866675e-01 
 3.35280000e-03  1.61869633e+00  1.61869905e+00  8.27872907e-01 
 3.36280000e-03  1.58326239e+00  1.58326545e+00  8.27875366e-01 
 3.37280000e-03  1.54513193e+00  1.54513535e+00  8.27876347e-01 
 3.38280000e-03  1.50445543e+00  1.50445925e+00  8.27876760e-01 
 3.39280000e-03  1.46139342e+00  1.46139769e+00  8.27876949e-01 
 3.40280000e-03  1.41611585e+00  1.41612064e+00  8.27877044e-01 
 3.41280000e-03  1.36880140e+00  1.36880683e+00  8.27877095e-01 
 3.42280000e-03  1.31963681e+00  1.31964301e+00  8.27877123e-01 
 3.43280000e-03  1.26881611e+00  1.26882331e+00  8.27877139e-01 
 3.44280000e-03  1.21653985e+00  1.21654840e+00  8.27877147e-01 
 3.45280000e-03  1.16301436e+00  1.16302485e+00  8.27877151e-01 
 3.46280000e-03  1.10845087e+00  1.10846434e+00  8.27877153e-01 
 3.47280000e-03  1.05306472e+00  1.05308304e+00  8.27877153e-01 
 3.48280000e-03  9.97074490e-01  9.97100055e-01  8.27877153e-01 
 3.49280000e-03  9.40701155e-01  9.40731794e-01  8.27877152e-01 
 3.50280000e-03  8.84167190e-01  8.84192487e-01  8.27877150e-01 
 3.51280000e-03  8.27695710e-01  8.27712668e-01  8.27877149e-01 
 3.52280000e-03  7.71509582e-01  7.71521244e-01  8.27877147e-01 
 3.53280000e-03  7.15830547e-01  7.15839245e-01  8.27877146e-01 
 3.54280000e-03  6.60878345e-01  6.60885277e-01  8.27877144e-01 
 3.55280000e-03  6.06869846e-01  6.06875626e-01  8.27877143e-01 
 3.56280000e-03  5.54018199e-01  5.54023166e-01  8.27877143e-01 
 3.57280000e-03  5.02531984e-01  5.02536339e-01  8.27877143e-01 
 3.58280000e-03  4.52614393e-01  4.52618265e-01  8.27877144e-01 
 3.59280000e-03  4.04462429e-01  4.04465902e-01  8.27877146e-01 
 3.60280000e-03  3.58266125e-01  3.58269257e-01  8.27877151e-01 
 3.61280000e-03  3.14207797e-01  3.14210630e-01  8.27877160e-01 
 3.62280000e-03  2.72461324e-01  2.72463887e-01  8.27877172e-01 
 3.63280000e-03  2.33191459e-01  2.33193774e-01  8.27877191e-01 
 3.64280000e-03  1.96553183e-01  1.96555266e-01  8.27877216e-01 
 3.65280000e-03  1.62691090e-01  1.62692954e-01  8.27877246e-01 
 3.66280000e-03  1.31738818e-01  1.31740473e-01  8.27877278e-01 
 3.67280000e-03  1.03818522e-01  1.03819975e-01  8.27877298e-01 
 3.68280000e-03  7.90403910e-02  7.90416473e-02  8.27877279e-01 
 3.69280000e-03  5.75022123e-02  5.75032759e-02  8.27877175e-01 
 3.70280000e-03  3.92889875e-02  3.92898616e-02  8.27876914e-01 
 3.71280000e-03  2.44725958e-02  2.44732826e-02  8.27876414e-01 
 3.72280000e-03  1.31115109e-02  1.31120120e-02  8.27875607e-01 
 3.73280000e-03  5.25056955e-03  5.25088627e-03  8.27874475e-01 
 3.74280000e-03  9.20795471e-04  9.20928407e-04  8.27873079e-01 
 3.75280000e-03  1.39276265e-04  1.39225686e-04  8.27871552e-01 
 3.76280000e-03  2.90909623e-03  2.90886201e-03  8.27870065e-01 
 3.77280000e-03  9.21932415e-03  9.21890577e-03  8.27868770e-01 
 3.78280000e-03  1.90450564e-02  1.90444530e-02  8.27867754e-01 
 3.79280000e-03  3.23475154e-02  3.23467254e-02  8.27867029e-01 
 3.80280000e-03  4.90742024e-02  4.90732237e-02  8.27866550e-01 
 3.81280000e-03  6.91591047e-02  6.91579347e-02  8.27866251e-01 
 3.82280000e-03  9.25229564e-02  9.25215915e-02  8.27866069e-01 
 3.83280000e-03  1.19073551e-01  1.19071986e-01  8.27865955e-01 
 3.84280000e-03  1.48706106e-01  1.48704335e-01  8.27865881e-01 
 3.85280000e-03  1.81303674e-01  1.81301689e-01  8.27865830e-01 
 3.86280000e-03  2.16737609e-01  2.16735398e-01  8.27865793e-01 
 3.87280000e-03  2.54868068e-01  2.54865617e-01  8.27865767e-01 
 3.88280000e-03  2.95544568e-01  2.95541858e-01  8.27865748e-01 
 3.89280000e-03  3.38606577e-01  3.38603582e-01  8.27865734e-01 
 3.90280000e-03  3.83884150e-01  3.83880833e-01  8.27865725e-01 
 3.91280000e-03  4.31198596e-01  4.31194908e-01  8.27865718e-01 
 3.92280000e-03  4.80363188e-01  4.80359057e-01  8.27865713e-01 
 3.93280000e-03  5.31183894e-01  5.31179215e-01  8.27865709e-01 
 3.94280000e-03  5.83460148e-01  5.83454757e-01  8.27865707e-01 
 3.95280000e-03  6.36985641e-01  6.36979270e-01  8.27865705e-01 
 3.96280000e-03  6.91549132e-01  6.91541312e-01  8.27865703e-01 
 3.97280000e-03  7.46935282e-01  7.46925129e-01  8.27865701e-01 
 3.98280000e-03  8.02925510e-01  8.02911273e-01  8.27865699e-01 
 3.99280000e-03  8.59298845e-01  8.59277495e-01  8.27865698e-01 
 4.00280000e-03  9.15832810e-01  9.15803330e-01  8.27865696e-01 
 4.01280000e-03  9.72304290e-01  9.72275565e-01  8.27865694e-01 
 4.02280000e-03  1.02849042e+00  1.02846912e+00  8.27865692e-01 
 4.03280000e-03  1.08416945e+00  1.08415413e+00  8.27865689e-01 
 4.04280000e-03  1.13912166e+00  1.13911002e+00  8.27865684e-01 
 4.05280000e-03  1.19313015e+00  1.19312084e+00  8.27865679e-01 
 4.06280000e-03  1.24598180e+00  1.24597406e+00  8.27865669e-01 
 4.07280000e-03  1.29746802e+00  1.29746141e+00  8.27865655e-01 
 4.08280000e-03  1.34738561e+00  1.34737986e+00  8.27865632e-01 
 4.09280000e-03  1.39553757e+00  1.39553251e+00  8.27865596e-01 
 4.10280000e-03  1.44173388e+00  1.44172938e+00  8.27865542e-01 
 4.11280000e-03  1.48579220e+00  1.48578819e+00  8.27865463e-01 
 4.12280000e-03  1.52753868e+00  1.52753509e+00  8.27865369e-01 
 4.13280000e-03  1.56680854e+00  1.56680533e+00  8.27865326e-01 
 4.14280000e-03  1.60344682e+00  1.60344395e+00  8.27865630e-01 
 4.15280000e-03  1.63730891e+00  1.63730636e+00  8.27867327e-01 
 4.16280000e-03  1.66826118e+00  1.66825893e+00  8.27873568e-01 
 4.17280000e-03  1.69618148e+00  1.69617951e+00  8.27892368e-01 
 4.18280000e-03  1.72095961e+00  1.72095791e+00  8.27941086e-01 
 4.19280000e-03  1.74249779e+00  1.74249636e+00  8.28051085e-01 
 4.20280000e-03  1.76071101e+00  1.76070984e+00  8.28268467e-01 
 4.21280000e-03  1.77552740e+00  1.77552648e+00  8.28645759e-01 
 4.22280000e-03  1.78688849e+00  1.78688782e+00  8.29223048e-01 
 4.23280000e-03  1.79474943e+00  1.79474901e+00  8.30005015e-01 
 4.24280000e-03  1.79907920e+00  1.79907903e+00  8.30946476e-01 
 4.25280000e-03  1.79986072e+00  1.79986079e+00  8.31957273e-01 
 4.26280000e-03  1.79709090e+00  1.79709122e+00  8.32927203e-01 
 4.27280000e-03  1.79078068e+00  1.79078124e+00  8.33759997e-01 
 4.28280000e-03  1.78095494e+00  1.78095575e+00  8.34400110e-01 
 4.29280000e-03  1.76765248e+00  1.76765355e+00  8.34840775e-01 
 4.30280000e-03  1.75092580e+00  1.75092711e+00  8.35112876e-01 
 4.31280000e-03  1.73084090e+00  1.73084247e+00  8.35264109e-01 
 4.32280000e-03  1.70747704e+00  1.70747889e+00  8.35340253e-01 
 4.33280000e-03  1.68092645e+00  1.68092857e+00  8.35375337e-01 
 4.34280000e-03  1.65129389e+00  1.65129631e+00  8.35390347e-01 
 4.35280000e-03  1.61869633e+00  1.61869905e+00  8.35396426e-01 
 4.36280000e-03  1.58326239e+00  1.58326545e+00  8.35398827e-01 
 4.37280000e-03  1.54513193e+00  1.54513535e+00  8.35399786e-01 
 4.38280000e-03  1.50445543e+00  1.50445925e+00  8.35400191e-01 
 4.39280000e-03  1.46139342e+00  1.46139769e+00  8.35400377e-01 
 4.40280000e-03  1.41611585e+00  1.41612064e+00  8.35400470e-01 
 4.41280000e-03  1.36880140e+00  1.36880683e+00  8.35400520e-01 
 4.42280000e-03  1.31963681e+00  1.31964301e+00  8.35400548e-01 
 4.43280000e-03  1.26881611e+00  1.26882331e+00  8.35400563e-01 
 4.44280000e-03  1.21653985e+00  1.21654840e+00  8.35400571e-01 
 4.45280000e-03  1.16301436e+00  1.16302485e+00  8.35400575e-01 
 4.46280000e-03  1.10845087e+00  1.10846434e+00  8.35400577e-01 
 4.47280000e-03  1.05306472e+00  1.05308304e+00  8.35400577e-01 
 4.48280000e-03  9.97074490e-01  9.97100055e-01  8.35400576e-01 
 4.49280000e-03  9.40701155e-01  9.40731794e-01  8.35400574e-01 
 4.50280000e-03  8.84167190e-01  8.84192487e-01  8.35400573e-01 
 4.51280000e-03  8.27695710e-01  8.27712668e-01  8.35400571e-01 
 4.52280000e-03  7.71509582e-01  7.71521244e-01  8.35400569e-01 
 4.53280000e-03  7.15830547e-01  7.15839245e-01  8.35400568e-01 
 4.54280000e-03  6.60878345e-01  6.60885277e-01  8.35400566e-01 
 4.55280000e-03  6.06869846e-01  6.06875626e-01  8.35400565e-01 
 4.56280000e-03  5.54018199e-01  5.54023166e-01  8.35400564e-01 
 4.57280000e-03  5.02531984e-01  5.02536339e-01  8.35400563e-01 
 4.58280000e-03  4.52614393e-01  4.52618265e-01  8.35400564e-01 
 4.59280000e-03  4.04462429e-01  4.04465902e-01  8.35400567e-01 
 4.60280000e-03  3.58266125e-01  3.58269257e-01  8.35400571e-01 
 4.61280000e-03  3.14207797e-01  3.14210630e-01  8.35400579e-01 
 4.62280000e-03  2.72461324e-01  2.72463887e-01  8.35400592e-01 
 4.63280000e-03  2.33191459e-01  2.33193774e-01  8.35400610e-01 
 4.64280000e-03  1.96553183e-01  1.96555266e-01  8.35400635e-01 
 4.65280000e-03  1.62691090e-01  1.62692954e-01  8.35400665e-01 
 4.66280000e-03  1.31738818e-01  1.31740473e-01  8.35400696e-01 
 4.67280000e-03  1.03818522e-01  1.03819975e-01  8.35400715e-01 
 4.68280000e-03  7.90403910e-02  7.90416473e-02  8.35400696e-01 
 4.69280000e-03  5.75022123e-02  5.75032759e-02  8.35400589e-01 
 4.70280000e-03  3.92889875e-02  3.92898616e-02  8.35400325e-01 
 4.71280000e-03  2.44725958e-02  2.44732826e-02  8.35399819e-01 
 4.72280000e-03  1.31115109e-02  1.31120120e-02  8.35399003e-01 
 4.73280000e-03  5.25056955e-03  5.25088627e-03  8.35397859e-01 
 4.74280000e-03  9.20795471e-04  9.20928407e-04  8.35396448e-01 
 4.75280000e-03  1.39276265e-04  1.39225686e-04  8.35394906e-01 
 4.76280000e-03  2.90909623e-03  2.90886201e-03  8.35393404e-01 
 4.77280000e-03  9.21932415e-03  9.21890577e-03  8.35392097e-01 
 4.78280000e-03  1.90450564e-02  1.90444530e-02  8.35391071e-01 
 4.79280000e-03  3.23475154e-02  3.23467254e-02  8.35390338e-01 
 4.80280000e-03  4.90742024e-02  4.90732237e-02  8.35389855e-01 
 4.81280000e-03  6.91591047e-02  6.91579347e-02  8.35389553e-01 
 4.82280000e-03  9.25229564e-02  9.25215915e-02  8.35389369e-01 
 4.83280000e-03  1.19073551e-01  1.19071986e-01  8.35389254e-01 
 4.84280000e-03  1.48706106e-01  1.48704335e-01  8.35389179e-01 
 4.85280000e-03  1.81303674e-01  1.81301689e-01  8.35389128e-01 
 4.86280000e-03  2.16737609e-01  2.16735398e-01  8.35389091e-01 
 4.87280000e-03  2.54868068e-01  2.54865617e-01  8.35389064e-01 
 4.88280000e-03  2.95544568e-01  2.95541858e-01  8.35389045e-01 
 4.89280000e-03  3.38606577e-01  3.38603582e-01  8.35389031e-01 
 4.90280000e-03  3.83884150e-01  3.83880833e-01  8.35389021e-01 
 4.91280000e-03  4.31198596e-01  4.31194908e-01  8.35389014e-01 
 4.92280000e-03  4.80363188e-01  4.80359057e-01  8.35389009e-01 
 4.93280000e-03  5.31183894e-01  5.31179215e-01  8.35389005e-01 
 4.94280000e-03  5.83460148e-01  5.83454757e-01  8.35389002e-01 
 4.95280000e-03  6.36985641e-01  6.36979270e-01  8.35389000e-01 
 4.96280000e-03  6.91549132e-01  6.91541312e-01  8.35388997e-01 
 4.97280000e-03  7.46935282e-01  7.46925129e-01  8.35388995e-01 
 4.98280000e-03  8.02925510e-01  8.02911273e-01  8.35388993e-01 
 4.99280000e-03  8.59298845e-01  8.59277495e-01  8.35388991e-01 
 5.00280000e-03  9.15832810e-01  9.15803330e-01  8.35388989e-01 
 5.01280000e-03  9.72304290e-01  9.72275565e-01  8.35388987e-01 
 5.02280000e-03  1.02849042e+00  1.02846912e+00  8.35388985e-01 
 5.03280000e-03  1.08416945e+00  1.08415413e+00  8.35388981e-01 
 5.04280000e-03  1.13912166e+00  1.13911002e+00  8.35388977e-01 
 5.05280000e-03  1.19313015e+00  1.19312084e+00  8.35388971e-01 
 5.06280000e-03  1.24598180e+00  1.24597406e+00  8.35388962e-01 
 5.07280000e-03  1.29746802e+00  1.29746141e+00  8.35388947e-01 
 5.08280000e-03  1.34738561e+00  1.34737986e+00  8.35388924e-01 
 5.09280000e-03  1.39553757e+00  1.39553251e+00  8.35388888e-01 
 5.10280000e-03  1.44173388e+00  1.44172938e+00  8.35388834e-01 
 5.11280000e-03  1.48579220e+00  1.48578819e+00  8.35388755e-01 
 5.12280000e-03  1.52753868e+00  1.52753509e+00  8.35388661e-01 
 5.13280000e-03  1.56680854e+00  1.56680533e+00  8.35388615e-01 
 5.14280000e-03  1.60344682e+00  1.60344395e+00  8.35388906e-01 
 5.15280000e-03  1.63730891e+00  1.63730636e+00  8.35390551e-01 
 5.16280000e-03  1.66826118e+00  1.66825893e+00  8.35396622e-01 
 5.17280000e-03  1.69618148e+00  1.69617951e+00  8.35414931e-01 
 5.18280000e-03  1.72095961e+00  1.72095791e+00  8.35462413e-01 
 5.19280000e-03  1.74249779e+00  1.74249636e+00  8.35569685e-01 
 5.20280000e-03  1.76071101e+00  1.76070984e+00  8.35781805e-01 
 5.21280000e-03  1.77552740e+00  1.77552648e+00  8.36150168e-01 
 5.22280000e-03  1.78688849e+00  1.78688782e+00  8.36714073e-01 
 5.23280000e-03  1.79474943e+00  1.79474901e+00  8.37478217e-01 
 5.24280000e-03  1.79907920e+00  1.79907903e+00  8.38398481e-01 
 5.25280000e-03  1.79986072e+00  1.79986079e+00  8.39386664e-01 
 5.26280000e-03  1.79709090e+00  1.79709122e+00  8.40334898e-01 
 5.27280000e-03  1.79078068e+00  1.79078124e+00  8.41148955e-01 
 5.28280000e-03  1.78095494e+00  1.78095575e+00  8.41774516e-01 
 5.29280000e-03  1.76765248e+00  1.76765355e+00  8.42205024e-01 
 5.30280000e-03  1.75092580e+00  1.75092711e+00  8.42470759e-01 
 5.31280000e-03  1.73084090e+00  1.73084247e+00  8.42618402e-01 
 5.32280000e-03  1.70747704e+00  1.70747889e+00  8.42692719e-01 
 5.33280000e-03  1.68092645e+00  1.68092857e+00  8.42726954e-01 
 5.34280000e-03  1.65129389e+00  1.65129631e+00  8.42741601e-01 
 5.35280000e-03  1.61869633e+00  1.61869905e+00  8.42747535e-01 
 5.36280000e-03  1.58326239e+00  1.58326545e+00  8.42749880e-01 
 5.37280000e-03  1.54513193e+00  1.54513535e+00  8.42750819e-01 
 5.38280000e-03  1.50445543e+00  1.50445925e+00  8.42751216e-01 
 5.39280000e-03  1.46139342e+00  1.46139769e+00  8.42751399e-01 
 5.40280000e-03  1.41611585e+00  1.41612064e+00  8.42751491e-01 
 5.41280000e-03  1.36880140e+00  1.36880683e+00  8.42751540e-01 
 5.42280000e-03  1.31963681e+00  1.31964301e+00  8.42751567e-01 
 5.43280000e-03  1.26881611e+00  1.26882331e+00  8.42751582e-01 
 5.44280000e-03  1.21653985e+00  1.21654840e+00  8.42751590e-01 
 5.45280000e-03  1.16301436e+00  1.16302485e+00  8.42751594e-01 
 5.46280000e-03  1.10845087e+00  1.10846434e+00  8.42751595e-01 
 5.47280000e-03  1.05306472e+00  1.05308304e+00  8.42751594e-01 
 5.48280000e-03  9.97074490e-01  9.97100055e-01  8.42751593e-01 
 5.49280000e-03  9.40701155e-01  9.40731794e-01  8.42751592e-01 
 5.50280000e-03  8.84167190e-01  8.84192487e-01  8.42751590e-01 
 5.51280000e-03  8.27695710e-01  8.27712668e-01  8.42751588e-01 
 5.52280000e-03  7.71509582e-01  7.71521244e-01  8.42751586e-01 
 5.53280000e-03  7.15830547e-01  7.15839245e-01  8.42751584e-01 
 5.54280000e-03  6.60878345e-01  6.60885277e-01  8.42751582e-01 
 5.55280000e-03  6.06869846e-01  6.06875626e-01  8.42751580e-01 
 5.56280000e-03  5.54018199e-01  5.54023166e-01  8.42751579e-01 
 5.57280000e-03  5.02531984e-01  5.02536339e-01  8.42751579e-01 
 5.58280000e-03  4.52614393e-01  4.52618265e-01  8.42751579e-01 
 5.59280000e-03  4.04462429e-01  4.04465902e-01  8.42751581e-01 
 5.60280000e-03  3.58266125e-01  3.58269257e-01  8.42751586e-01 
 5.61280000e-03  3.14207797e-01  3.14210630e-01  8.42751594e-01 
 5.62280000e-03  2.72461324e-01  2.72463887e-01  8.42751606e-01 
 5.63280000e-03  2.33191459e-01  2.33193774e-01  8.42751624e-01 
 5.64280000e-03  1.96553183e-01  1.96555266e-01  8.42751649e-01 
 5.65280000e-03  1.62691090e-01  1.62692954e-01  8.42751679e-01 
 5.66280000e-03  1.31738818e-01  1.31740473e-01  8.42751709e-01 
 5.67280000e-03  1.03818522e-01  1.03819975e-01  8.42751728e-01 
 5.68280000e-03  7.90403910e-02  7.90416473e-02  8.42751707e-01 
 5.69280000e-03  5.75022123e-02  5.75032759e-02  8.42751599e-01 
 5.70280000e-03  3.92889875e-02  3.92898616e-02  8.42751330e-01 
 5.71280000e-03  2.44725958e-02  2.44732826e-02  8.42750819e-01 
 5.72280000e-03  1.31115109e-02  1.31120120e-02  8.42749994e-01 
 5.73280000e-03  5.25056955e-03  5.25088627e-03  8.42748839e-01 
 5.74280000e-03  9.20795471e-04  9.20928407e-04  8.42747414e-01 
 5.75280000e-03  1.39276265e-04  1.39225686e-04  8.42745856e-01 
 5.76280000e-03  2.90909623e-03  2.90886201e-03  8.42744340e-01 
 5.77280000e-03  9.21932415e-03  9.21890577e-03  8.42743020e-01 
 5.78280000e-03  1.90450564e-02  1.90444530e-02  8.42741984e-01 
 5.79280000e-03  3.23475154e-02  3.23467254e-02  8.42741244e-01 
 5.80280000e-03  4.90742024e-02  4.90732237e-02  8.42740757e-01 
 5.81280000e-03  6.91591047e-02  6.91579347e-02  8.42740452e-01 
 5.82280000e-03  9.25229564e-02  9.25215915e-02  8.42740267e-01 
 5.83280000e-03  1.19073551e-01  1.19071986e-01  8.42740151e-01 
 5.84280000e-03  1.48706106e-01  1.48704335e-01  8.42740076e-01 
 5.85280000e-03  1.81303674e-01  1.81301689e-01  8.42740024e-01 
 5.86280000e-03  2.16737609e-01  2.16735398e-01  8.42739986e-01 
 5.87280000e-03  2.54868068e-01  2.54865617e-01  8.42739959e-01 
 5.88280000e-03  2.95544568e-01  2.95541858e-01  8.42739940e-01 
 5.89280000e-03  3.38606577e-01  3.38603582e-01  8.42739925e-01 
 5.90280000e-03  3.83884150e-01  3.83880833e-01  8.42739915e-01 
 5.91280000e-03  4.31198596e-01  4.31194908e-01  8.42739908e-01 
 5.92280000e-03  4.80363188e-01  4.80359057e-01  8.42739903e-01 
 5.93280000e-03  5.31183894e-01  5.31179215e-01  8.42739899e-01 
 5.94280000e-03  5.83460148e-01  5.83454757e-01  8.42739896e-01 
 5.95280000e-03  6.36985641e-01  6.36979270e-01  8.42739893e-01 
 5.96280000e-03  6.91549132e-01  6.91541312e-01  8.42739890e-01 
 5.97280000e-03  7.46935282e-01  7.46925129e-01  8.42739888e-01 
 5.98280000e-03  8.02925510e-01  8.02911273e-01  8.42739886e-01 
 5.99280000e-03  8.59298845e-01  8.59277495e-01  8.42739884e-01 
 6.00280000e-03  9.15832810e-01  9.15803330e-01  8.42739882e-01 
 6.01280000e-03  9.72304290e-01  9.72275565e-01  8.42739879e-01 
 6.02280000e-03  1.02849042e+00  1.02846912e+00  8.42739876e-01 
 6.03280000e-03  1.08416945e+00  1.08415413e+00  8.42739873e-01 
 6.04280000e-03  1.13912166e+00  1.13911002e+00  8.42739868e-01 
 6.05280000e-03  1.19313015e+00  1.19312084e+00  8.42739862e-01 
 6.06280000e-03  1.24598180e+00  1.24597406e+00  8.42739853e-01 
 6.07280000e-03  1.29746802e+00  1.29746141e+00  8.42739838e-01 
 6.08280000e-03  1.34738561e+00  1.34737986e+00  8.42739815e-01 
 6.09280000e-03  1.39553757e+00  1.39553251e+00  8.42739779e-01 
 6.10280000e-03  1.44173388e+00  1.44172938e+00  8.42739725e-01 
 6.11280000e-03  1.48579220e+00  1.48578819e+00  8.42739647e-01 
 6.12280000e-03  1.52753868e+00  1.52753509e+00  8.42739552e-01 
 6.13280000e-03  1.56680854e+00  1.56680533e+00  8.42739503e-01 
 6.14280000e-03  1.60344682e+00  1.60344395e+00  8.42739783e-01 
 6.15280000e-03  1.63730891e+00  1.63730636e+00  8.42741379e-01 
 6.16280000e-03  1.66826118e+00  1.66825893e+00  8.42747288e-01 
 6.17280000e-03  1.69618148e+00  1.69617951e+00  8.42765129e-01 
 6.18280000e-03  1.72095961e+00  1.72095791e+00  8.42811431e-01 
 6.19280000e-03  1.74249779e+00  1.74249636e+00  8.42916103e-01 
 6.20280000e-03  1.76071101e+00  1.76070984e+00  8.43123200e-01 
 6.21280000e-03  1.77552740e+00  1.77552648e+00  8.43483032e-01 
 6.22280000e-03  1.78688849e+00  1.78688782e+00  8.44034142e-01 
 6.23280000e-03  1.79474943e+00  1.79474901e+00  8.44781239e-01 
 6.24280000e-03  1.79907920e+00  1.79907903e+00  8.45681220e-01 
 6.25280000e-03  1.79986072e+00  1.79986079e+00  8.46647760e-01 
 6.26280000e-03  1.79709090e+00  1.79709122e+00  8.47575227e-01 
 6.27280000e-03  1.79078068e+00  1.79078124e+00  8.48371355e-01 
 6.28280000e-03  1.78095494e+00  1.78095575e+00  8.48982993e-01 
 6.29280000e-03  1.76765248e+00  1.76765355e+00  8.49403788e-01 
 6.30280000e-03  1.75092580e+00  1.75092711e+00  8.49663439e-01 
 6.31280000e-03  1.73084090e+00  1.73084247e+00  8.49807653e-01 
 6.32280000e-03  1.70747704e+00  1.70747889e+00  8.49880224e-01 
 6.33280000e-03  1.68092645e+00  1.68092857e+00  8.49913649e-01 
 6.34280000e-03  1.65129389e+00  1.65129631e+00  8.49927950e-01 
 6.35280000e-03  1.61869633e+00  1.61869905e+00  8.49933745e-01 
 6.36280000e-03  1.58326239e+00  1.58326545e+00  8.49936038e-01 
 6.37280000e-03  1.54513193e+00  1.54513535e+00  8.49936957e-01 
 6.38280000e-03  1.50445543e+00  1.50445925e+00  8.49937346e-01 
 6.39280000e-03  1.46139342e+00  1.46139769e+00  8.49937526e-01 
 6.40280000e-03  1.41611585e+00  1.41612064e+00  8.49937617e-01 
 6.41280000e-03  1.36880140e+00  1.36880683e+00  8.49937665e-01 
 6.42280000e-03  1.31963681e+00  1.31964301e+00  8.49937692e-01 
 6.43280000e-03  1.26881611e+00  1.26882331e+00  8.49937707e-01 
 6.44280000e-03  1.21653985e+00  1.21654840e+00  8.49937714e-01 
 6.45280000e-03  1.16301436e+00  1.16302485e+00  8.49937717e-01 
 6.46280000e-03  1.10845087e+00  1.10846434e+00  8.49937718e-01 
 6.47280000e-03  1.05306472e+00  1.05308304e+00  8.49937718e-01 
 6.48280000e-03  9.97074490e-01  9.97100055e-01  8.49937716e-01 
 6.49280000e-03  9.40701155e-01  9.40731794e-01  8.49937715e-01 
 6.50280000e-03  8.84167190e-01  8.84192487e-01  8.49937713e-01 
 6.51280000e-03  8.27695710e-01  8.27712668e-01  8.49937710e-01 
 6.52280000e-03  7.71509582e-01  7.71521244e-01  8.49937708e-01 
 6.53280000e-03  7.15830547e-01  7.15839245e-01  8.49937706e-01 
 6.54280000e-03  6.60878345e-01  6.60885277e-01  8.49937704e-01 
 6.55280000e-03  6.06869846e-01  6.06875626e-01  8.49937702e-01 
 6.56280000e-03  5.54018199e-01  5.54023166e-01  8.49937701e-01 
 6.57280000e-03  5.02531984e-01  5.02536339e-01  8.49937700e-01 
 6.58280000e-03  4.52614393e-01  4.52618265e-01  8.49937700e-01 
 6.59280000e-03  4.04462429e-01  4.04465902e-01  8.49937702e-01 
 6.60280000e-03  3.58266125e-01  3.58269257e-01  8.49937707e-01 
 6.61280000e-03  3.14207797e-01  3.14210630e-01  8.49937714e-01 
 6.62280000e-03  2.72461324e-01  2.72463887e-01  8.49937726e-01 
 6.63280000e-03  2.33191459e-01  2.33193774e-01  8.49937744e-01 
 6.64280000e-03  1.96553183e-01  1.96555266e-01  8.49937769e-01 
 6.65280000e-03  1.62691090e-01  1.62692954e-01  8.49937798e-01 
 6.66280000e-03  1.31738818e-01  1.31740473e-01  8.49937829e-01 
 6.67280000e-03  1.03818522e-01  1.03819975e-01  8.49937847e-01 
 6.68280000e-03  7.90403910e-02  7.90416473e-02  8.49937825e-01 
 6.69280000e-03  5.75022123e-02  5.75032759e-02  8.49937715e-01 
 6.70280000e-03  3.92889875e-02  3.92898616e-02  8.49937443e-01 
 6.71280000e-03  2.44725958e-02  2.44732826e-02  8.49936926e-01 
 6.72280000e-03  1.31115109e-02  1.31120120e-02  8.49936092e-01 
 6.73280000e-03  5.25056955e-03  5.25088627e-03  8.49934925e-01 
 6.74280000e-03  9.20795471e-04  9.20928407e-04  8.49933486e-01 
 6.75280000e-03  1.39276265e-04  1.39225686e-04  8.49931914e-01 
 6.76280000e-03  2.90909623e-03  2.90886201e-03  8.49930384e-01 
 6.77280000e-03  9.21932415e-03  9.21890577e-03  8.49929051e-01 
 6.78280000e-03  1.90450564e-02  1.90444530e-02  8.49928006e-01 
 6.79280000e-03  3.23475154e-02  3.23467254e-02  8.49927259e-01 
 6.80280000e-03  4.90742024e-02  4.90732237e-02  8.49926767e-01 
 6.81280000e-03  6.91591047e-02  6.91579347e-02  8.49926460e-01 
 6.82280000e-03  9.25229564e-02  9.25215915e-02  8.49926273e-01 
 6.83280000e-03  1.19073551e-01  1.19071986e-01  8.49926156e-01 
 6.84280000e-03  1.48706106e-01  1.48704335e-01  8.49926080e-01 
 6.85280000e-03  1.81303674e-01  1.81301689e-01  8.49926028e-01 
 6.86280000e-03  2.16737609e-01  2.16735398e-01  8.49925990e-01 
 6.87280000e-03  2.54868068e-01  2.54865617e-01  8.49925963e-01 
 6.88280000e-03  2.95544568e-01  2.95541858e-01  8.49925943e-01 
 6.89280000e-03  3.38606577e-01  3.38603582e-01  8.49925929e-01 
 6.90280000e-03  3.83884150e-01  3.83880833e-01  8.49925919e-01 
 6.91280000e-03  4.31198596e-01  4.31194908e-01  8.49925911e-01 
 6.92280000e-03  4.80363188e-01  4.80359057e-01  8.49925906e-01 
 6.93280000e-03  5.31183894e-01  5.31179215e-01  8.49925901e-01 
 6.94280000e-03  5.83460148e-01  5.83454757e-01  8.49925898e-01 
 6.95280000e-03  6.36985641e-01  6.36979270e-01  8.49925895e-01 
 6.96280000e-03  6.91549132e-01  6.91541312e-01  8.49925892e-01 
 6.97280000e-03  7.46935282e-01  7.46925129e-01  8.49925890e-01 
 6.98280000e-03  8.02925510e-01  8.02911273e-01  8.49925888e-01 
 6.99280000e-03  8.59298845e-01  8.59277495e-01  8.49925885e-01 
 7.00280000e-03  9.15832810e-01  9.15803330e-01  8.49925883e-01 
 7.01280000e-03  9.72304290e-01  9.72275565e-01  8.49925880e-01 
 7.02280000e-03  1.02849042e+00  1.02846912e+00  8.49925877e-01 
 7.03280000e-03  1.08416945e+00  1.08415413e+00  8.49925873e-01 
 7.04280000e-03  1.13912166e+00  1.13911002e+00  8.49925869e-01 
 7.05280000e-03  1.19313015e+00  1.19312084e+00  8.49925862e-01 
 7.06280000e-03  1.24598180e+00  1.24597406e+00  8.49925852e-01 
 7.07280000e-03  1.29746802e+00  1.29746141e+00  8.49925838e-01 
 7.08280000e-03  1.34738561e+00  1.34737986e+00  8.49925814e-01 
 7.09280000e-03  1.39553757e+00  1.39553251e+00  8.49925779e-01 
 7.10280000e-03  1.44173388e+00  1.44172938e+00  8.49925724e-01 
 7.11280000e-03  1.48579220e+00  1.48578819e+00  8.49925647e-01 
 7.12280000e-03  1.52753868e+00  1.52753509e+00  8.49925551e-01 
 7.13280000e-03  1.56680854e+00  1.56680533e+00  8.49925501e-01 
 7.14280000e-03  1.60344682e+00  1.60344395e+00  8.49925768e-01 
 7.15280000e-03  1.63730891e+00  1.63730636e+00  8.49927318e-01 
 7.16280000e-03  1.66826118e+00  1.66825893e+00  8.49933072e-01 
 7.17280000e-03  1.69618148e+00  1.69617951e+00  8.49950467e-01 
 7.18280000e-03  1.72095961e+00  1.72095791e+00  8.49995644e-01 
 7.19280000e-03  1.74249779e+00  1.74249636e+00  8.50097834e-01 
 7.20280000e-03  1.76071101e+00  1.76070984e+00  8.50300130e-01 
 7.21280000e-03  1.77552740e+00  1.77552648e+00  8.50651804e-01 
 7.22280000e-03  1.78688849e+00  1.78688782e+00  8.51190672e-01 
 7.23280000e-03  1.79474943e+00  1.79474901e+00  8.51921448e-01 
 7.24280000e-03  1.79907920e+00  1.79907903e+00  8.52802003e-01 
 7.25280000e-03  1.79986072e+00  1.79986079e+00  8.53747808e-01 
 7.26280000e-03  1.79709090e+00  1.79709122e+00  8.54655382e-01 
 7.27280000e-03  1.79078068e+00  1.79078124e+00  8.55434337e-01 
 7.28280000e-03  1.78095494e+00  1.78095575e+00  8.56032642e-01 
 7.29280000e-03  1.76765248e+00  1.76765355e+00  8.56444141e-01 
 7.30280000e-03  1.75092580e+00  1.75092711e+00  8.56697970e-01 
 7.31280000e-03  1.73084090e+00  1.73084247e+00  8.56838905e-01 
 7.32280000e-03  1.70747704e+00  1.70747889e+00  8.56909807e-01 
 7.33280000e-03  1.68092645e+00  1.68092857e+00  8.56942458e-01 
 7.34280000e-03  1.65129389e+00  1.65129631e+00  8.56956428e-01 
 7.35280000e-03  1.61869633e+00  1.61869905e+00  8.56962092e-01 
 7.36280000e-03  1.58326239e+00  1.58326545e+00  8.56964334e-01 
 7.37280000e-03  1.54513193e+00  1.54513535e+00  8.56965234e-01 
 7.38280000e-03  1.50445543e+00  1.50445925e+00  8.56965616e-01 
 7.39280000e-03  1.46139342e+00  1.46139769e+00  8.56965793e-01 
 7.40280000e-03  1.41611585e+00  1.41612064e+00  8.56965882e-01 
 7.41280000e-03  1.36880140e+00  1.36880683e+00  8.56965930e-01 
 7.42280000e-03  1.31963681e+00  1.31964301e+00  8.56965957e-01 
 7.43280000e-03  1.26881611e+00  1.26882331e+00  8.56965971e-01 
 7.44280000e-03  1.21653985e+00  1.21654840e+00  8.56965978e-01 
 7.45280000e-03  1.16301436e+00  1.16302485e+00  8.56965981e-01 
 7.46280000e-03  1.10845087e+00  1.10846434e+00  8.56965982e-01 
 7.47280000e-03  1.05306472e+00  1.05308304e+00  8.56965981e-01 
 7.48280000e-03  9.97074490e-01  9.97100055e-01  8.56965980e-01 
 7.49280000e-03  9.40701155e-01  9.40731794e-01  8.56965978e-01 
 7.50280000e-03  8.84167190e-01  8.84192487e-01  8.56965975e-01 
 7.51280000e-03  8.27695710e-01  8.27712668e-01  8.56965973e-01 
 7.52280000e-03  7.71509582e-01  7.71521244e-01  8.56965970e-01 
 7.53280000e-03  7.15830547e-01  7.15839245e-01  8.56965968e-01 
 7.54280000e-03  6.60878345e-01  6.60885277e-01  8.56965966e-01 
 7.55280000e-03  6.06869846e-01  6.06875626e-01  8.56965964e-01 
 7.56280000e-03  5.54018199e-01  5.54023166e-01  8.56965962e-01 
 7.57280000e-03  5.02531984e-01  5.02536339e-01  8.56965961e-01 
 7.58280000e-03  4.52614393e-01  4.52618265e-01  8.56965962e-01 
 7.59280000e-03  4.04462429e-01  4.04465902e-01  8.56965963e-01 
 7.60280000e-03  3.58266125e-01  3.58269257e-01  8.56965967e-01 
 7.61280000e-03  3.14207797e-01  3.14210630e-01  8.56965975e-01 
 7.62280000e-03  2.72461324e-01  2.72463887e-01  8.56965987e-01 
 7.63280000e-03  2.33191459e-01  2.33193774e-01  8.56966005e-01 
 7.64280000e-03  1.96553183e-01  1.96555266e-01  8.56966029e-01 
 7.65280000e-03  1.62691090e-01  1.62692954e-01  8.56966058e-01 
 7.66280000e-03  1.31738818e-01  1.31740473e-01  8.56966089e-01 
 7.67280000e-03  1.03818522e-01  1.03819975e-01  8.56966106e-01 
 7.68280000e-03  7.90403910e-02  7.90416473e-02  8.56966083e-01 
 7.69280000e-03  5.75022123e-02  5.75032759e-02  8.56965971e-01 
 7.70280000e-03  3.92889875e-02  3.92898616e-02  8.56965696e-01 
 7.71280000e-03  2.44725958e-02  2.44732826e-02  8.56965173e-01 
 7.72280000e-03  1.31115109e-02  1.31120120e-02  8.56964331e-01 
 7.73280000e-03  5.25056955e-03  5.25088627e-03  8.56963153e-01 
 7.74280000e-03  9.20795471e-04  9.20928407e-04  8.56961700e-01 
 7.75280000e-03  1.39276265e-04  1.39225686e-04  8.56960113e-01 
 7.76280000e-03  2.90909623e-03  2.90886201e-03  8.56958569e-01 
 7.77280000e-03  9.21932415e-03  9.21890577e-03  8.56957225e-01 
 7.78280000e-03  1.90450564e-02  1.90444530e-02  8.56956169e-01 
 7.79280000e-03  3.23475154e-02  3.23467254e-02  8.56955416e-01 
 7.80280000e-03  4.90742024e-02  4.90732237e-02  8.56954920e-01 
 7.81280000e-03  6.91591047e-02  6.91579347e-02  8.56954610e-01 
 7.82280000e-03  9.25229564e-02  9.25215915e-02  8.56954421e-01 
 7.83280000e-03  1.19073551e-01  1.19071986e-01  8.56954304e-01 
 7.84280000e-03  1.48706106e-01  1.48704335e-01  8.56954228e-01 
 7.85280000e-03  1.81303674e-01  1.81301689e-01  8.56954175e-01 
 7.86280000e-03  2.16737609e-01  2.16735398e-01  8.56954137e-01 
 7.87280000e-03  2.54868068e-01  2.54865617e-01  8.56954109e-01 
 7.88280000e-03  2.95544568e-01  2.95541858e-01  8.56954089e-01 
 7.89280000e-03  3.38606577e-01  3.38603582e-01  8.56954075e-01 
 7.90280000e-03  3.83884150e-01  3.83880833e-01  8.56954064e-01 
 7.91280000e-03  4.31198596e-01  4.31194908e-01  8.56954057e-01 
 7.92280000e-03  4.80363188e-01  4.80359057e-01  8.56954051e-01 
 7.93280000e-03  5.31183894e-01  5.31179215e-01  8.56954046e-01 
 7.94280000e-03  5.83460148e-01  5.83454757e-01  8.56954043e-01 
 7.95280000e-03  6.36985641e-01  6.36979270e-01  8.56954040e-01 
 7.96280000e-03  6.91549132e-01  6.91541312e-01  8.56954037e-01 
 7.97280000e-03  7.46935282e-01  7.46925129e-01  8.56954034e-01 
 7.98280000e-03  8.02925510e-01  8.02911273e-01  8.56954032e-01 
 7.99280000e-03  8.59298845e-01  8.59277495e-01  8.56954029e-01 
 8.00280000e-03  9.15832810e-01  9.15803330e-01  8.56954026e-01 
 8.01280000e-03  9.72304290e-01  9.72275565e-01  8.56954024e-01 
 8.02280000e-03  1.02849042e+00  1.02846912e+00  8.56954020e-01 
 8.03280000e-03  1.08416945e+00  1.08415413e+00  8.56954016e-01 
 8.04280000e-03  1.13912166e+00  1.13911002e+00  8.56954012e-01 
 8.05280000e-03  1.19313015e+00  1.19312084e+00  8.56954005e-01 
 8.06280000e-03  1.24598180e+00  1.24597406e+00  8.56953995e-01 
 8.07280000e-03  1.29746802e+00  1.29746141e+00  8.56953980e-01 
 8.08280000e-03  1.34738561e+00  1.34737986e+00  8.56953957e-01 
 8.09280000e-03  1.39553757e+00  1.39553251e+00  8.56953921e-01 
 8.10280000e-03  1.44173388e+00  1.44172938e+00  8.56953867e-01 
 8.11280000e-03  1.48579220e+00  1.48578819e+00  8.56953789e-01 
 8.12280000e-03  1.52753868e+00  1.52753509e+00  8.56953694e-01 
 8.13280000e-03  1.56680854e+00  1.56680533e+00  8.56953641e-01 
 8.14280000e-03  1.60344682e+00  1.60344395e+00  8.56953898e-01 
 8.15280000e-03  1.63730891e+00  1.63730636e+00  8.56955403e-01 
 8.16280000e-03  1.66826118e+00  1.66825893e+00  8.56961010e-01 
 8.17280000e-03  1.69618148e+00  1.69617951e+00  8.56977979e-01 
 8.18280000e-03  1.72095961e+00  1.72095791e+00  8.57022081e-01 
 8.19280000e-03  1.74249779e+00  1.74249636e+00  8.57121897e-01 
 8.20280000e-03  1.76071101e+00  1.76070984e+00  8.57319601e-01 
 8.21280000e-03  1.77552740e+00  1.77552648e+00  8.57663468e-01 
 8.22280000e-03  1.78688849e+00  1.78688782e+00  8.58190609e-01 
 8.23280000e-03  1.79474943e+00  1.79474901e+00  8.58905747e-01 
 8.24280000e-03  1.79907920e+00  1.79907903e+00  8.59767680e-01 
 8.25280000e-03  1.79986072e+00  1.79986079e+00  8.60693606e-01 
 8.26280000e-03  1.79709090e+00  1.79709122e+00  8.61582105e-01 
 8.27280000e-03  1.79078068e+00  1.79078124e+00  8.62344596e-01 
 8.28280000e-03  1.78095494e+00  1.78095575e+00  8.62930124e-01 
 8.29280000e-03  1.76765248e+00  1.76765355e+00  8.63332716e-01 
 8.30280000e-03  1.75092580e+00  1.75092711e+00  8.63580969e-01 
 8.31280000e-03  1.73084090e+00  1.73084247e+00  8.63718766e-01 
 8.32280000e-03  1.70747704e+00  1.70747889e+00  8.63788071e-01 
 8.33280000e-03  1.68092645e+00  1.68092857e+00  8.63819983e-01 
 8.34280000e-03  1.65129389e+00  1.65129631e+00  8.63833636e-01 
 8.35280000e-03  1.61869633e+00  1.61869905e+00  8.63839174e-01 
 8.36280000e-03  1.58326239e+00  1.58326545e+00  8.63841368e-01 
 8.37280000e-03  1.54513193e+00  1.54513535e+00  8.63842250e-01 
 8.38280000e-03  1.50445543e+00  1.50445925e+00  8.63842625e-01 
 8.39280000e-03  1.46139342e+00  1.46139769e+00  8.63842799e-01 
 8.40280000e-03  1.41611585e+00  1.41612064e+00  8.63842887e-01 
 8.41280000e-03  1.36880140e+00  1.36880683e+00  8.63842935e-01 
 8.42280000e-03  1.31963681e+00  1.31964301e+00  8.63842961e-01 
 8.43280000e-03  1.26881611e+00  1.26882331e+00  8.63842974e-01 
 8.44280000e-03  1.21653985e+00  1.21654840e+00  8.63842981e-01 
 8.45280000e-03  1.16301436e+00  1.16302485e+00  8.63842984e-01 
 8.46280000e-03  1.10845087e+00  1.10846434e+00  8.63842985e-01 
 8.47280000e-03  1.05306472e+00  1.05308304e+00  8.63842984e-01 
 8.48280000e-03  9.97074490e-01  9.97100055e-01  8.63842982e-01 
 8.49280000e-03  9.40701155e-01  9.40731794e-01  8.63842980e-01 
 8.50280000e-03  8.84167190e-01  8.84192487e-01  8.63842978e-01 
 8.51280000e-03  8.27695710e-01  8.27712668e-01  8.63842975e-01 
 8.52280000e-03  7.71509582e-01  7.71521244e-01  8.63842972e-01 
 8.53280000e-03  7.15830547e-01  7.15839245e-01  8.63842970e-01 
 8.54280000e-03  6.60878345e-01  6.60885277e-01  8.63842968e-01 
 8.55280000e-03  6.06869846e-01  6.06875626e-01  8.63842965e-01 
 8.56280000e-03  5.54018199e-01  5.54023166e-01  8.63842964e-01 
 8.57280000e-03  5.02531984e-01  5.02536340e-01  8.63842963e-01 
 8.58280000e-03  4.52614393e-01  4.52618265e-01  8.63842963e-01 
 8.59280000e-03  4.04462429e-01  4.04465902e-01  8.63842964e-01 
 8.60280000e-03  3.58266125e-01  3.58269257e-01  8.63842968e-01 
 8.61280000e-03  3.14207797e-01  3.14210630e-01  8.63842975e-01 
 8.62280000e-03  2.72461324e-01  2.72463887e-01  8.63842987e-01 
 8.63280000e-03  2.33191459e-01  2.33193774e-01  8.63843005e-01 
 8.64280000e-03  1.96553183e-01  1.96555266e-01  8.63843029e-01 
 8.65280000e-03  1.62691090e-01  1.62692954e-01  8.63843058e-01 
 8.66280000e-03  1.31738818e-01  1.31740473e-01  8.63843088e-01 
 8.67280000e-03  1.03818522e-01  1.03819975e-01  8.63843105e-01 
 8.68280000e-03  7.90403910e-02  7.90416473e-02  8.63843082e-01 
 8.69280000e-03  5.75022123e-02  5.75032759e-02  8.63842967e-01 
 8.70280000e-03  3.92889875e-02  3.92898616e-02  8.63842689e-01 
 8.71280000e-03  2.44725958e-02  2.44732826e-02  8.63842160e-01 
 8.72280000e-03  1.31115109e-02  1.31120120e-02  8.63841310e-01 
 8.73280000e-03  5.25056955e-03  5.25088627e-03  8.63840121e-01 
 8.74280000e-03  9.20795471e-04  9.20928407e-04  8.63838655e-01 
 8.75280000e-03  1.39276265e-04  1.39225686e-04  8.63837054e-01 
 8.76280000e-03  2.90909623e-03  2.90886201e-03  8.63835496e-01 
 8.77280000e-03  9.21932415e-03  9.21890577e-03  8.63834139e-01 
 8.78280000e-03  1.90450564e-02  1.90444530e-02  8.63833075e-01 
 8.79280000e-03  3.23475154e-02  3.23467254e-02  8.63832315e-01 
 8.80280000e-03  4.90742024e-02  4.90732237e-02  8.63831814e-01 
 8.81280000e-03  6.91591047e-02  6.91579347e-02  8.63831502e-01 
 8.82280000e-03  9.25229564e-02  9.25215915e-02  8.63831312e-01 
 8.83280000e-03  1.19073551e-01  1.19071986e-01  8.63831194e-01 
 8.84280000e-03  1.48706106e-01  1.48704335e-01  8.63831117e-01 
 8.85280000e-03  1.81303674e-01  1.81301689e-01  8.63831064e-01 
 8.86280000e-03  2.16737609e-01  2.16735398e-01  8.63831026e-01 
 8.87280000e-03  2.54868068e-01  2.54865617e-01  8.63830998e-01 
 8.88280000e-03  2.95544568e-01  2.95541858e-01  8.63830978e-01 
 8.89280000e-03  3.38606577e-01  3.38603582e-01  8.63830963e-01 
 8.90280000e-03  3.83884150e-01  3.83880833e-01  8.63830952e-01 
 8.91280000e-03  4.31198596e-01  4.31194908e-01  8.63830945e-01 
 8.92280000e-03  4.80363188e-01  4.80359057e-01  8.63830939e-01 
 8.93280000e-03  5.31183894e-01  5.31179215e-01  8.63830934e-01 
 8.94280000e-03  5.83460148e-01  5.83454757e-01  8.63830930e-01 
 8.95280000e-03  6.36985641e-01  6.36979270e-01  8.63830927e-01 
 8.96280000e-03  6.91549132e-01  6.91541312e-01  8.63830924e-01 
 8.97280000e-03  7.46935282e-01  7.46925129e-01  8.63830921e-01 
 8.98280000e-03  8.02925510e-01  8.02911273e-01  8.63830919e-01 
 8.99280000e-03  8.59298845e-01  8.59277495e-01  8.63830916e-01 
 9.00280000e-03  9.15832810e-01  9.15803330e-01  8.63830913e-01 
 9.01280000e-03  9.72304290e-01  9.72275565e-01  8.63830910e-01 
 9.02280000e-03  1.02849042e+00  1.02846912e+00  8.63830907e-01 
 9.03280000e-03  1.08416945e+00  1.08415413e+00  8.63830903e-01 
 9.04280000e-03  1.13912166e+00  1.13911002e+00  8.63830898e-01 
 9.05280000e-03  1.19313015e+00  1.19312084e+00  8.63830891e-01 
 9.06280000e-03  1.24598180e+00  1.24597406e+00  8.63830881e-01 
 9.07280000e-03  1.29746802e+00  1.29746141e+00  8.63830866e-01 
 9.08280000e-03  1.34738561e+00  1.34737986e+00  8.63830843e-01 
 9.09280000e-03  1.39553757e+00  1.39553251e+00  8.63830807e-01 
 9.10280000e-03  1.44173388e+00  1.44172938e+00  8.63830753e-01 
 9.11280000e-03  1.48579220e+00  1.48578819e+00  8.63830676e-01 
 9.12280000e-03  1.52753868e+00  1.52753509e+00  8.63830580e-01 
 9.13280000e-03  1.56680854e+00  1.56680533e+00  8.63830526e-01 
 9.14280000e-03  1.60344682e+00  1.60344395e+00  8.63830771e-01 
 9.15280000e-03  1.63730891e+00  1.63730636e+00  8.63832235e-01 
 9.16280000e-03  1.66826118e+00  1.66825893e+00  8.63837701e-01 
 9.17280000e-03  1.69618148e+00  1.69617951e+00  8.63854263e-01 
 9.18280000e-03  1.72095961e+00  1.72095791e+00  8.63897337e-01 
 9.19280000e-03  1.74249779e+00  1.74249636e+00  8.63994882e-01 
 9.20280000e-03  1.76071101e+00  1.76070984e+00  8.64188190e-01 
 9.21280000e-03  1.77552740e+00  1.77552648e+00  8.64524577e-01 
 9.22280000e-03  1.78688849e+00  1.78688782e+00  8.65040478e-01 
 9.23280000e-03  1.79474943e+00  1.79474901e+00  8.65740617e-01 
 9.24280000e-03  1.79907920e+00  1.79907903e+00  8.66584683e-01 
 9.25280000e-03  1.79986072e+00  1.79986079e+00  8.67491533e-01 
 9.26280000e-03  1.79709090e+00  1.79709122e+00  8.68361728e-01 
 9.27280000e-03  1.79078068e+00  1.79078124e+00  8.69108421e-01 
 9.28280000e-03  1.78095494e+00  1.78095575e+00  8.69681693e-01 
 9.29280000e-03  1.76765248e+00  1.76765355e+00  8.70075744e-01 
 9.30280000e-03  1.75092580e+00  1.75092711e+00  8.70318655e-01 
 9.31280000e-03  1.73084090e+00  1.73084247e+00  8.70453445e-01 
 9.32280000e-03  1.70747704e+00  1.70747889e+00  8.70521221e-01 
 9.33280000e-03  1.68092645e+00  1.68092857e+00  8.70552424e-01 
 9.34280000e-03  1.65129389e+00  1.65129631e+00  8.70565775e-01 
 9.35280000e-03  1.61869633e+00  1.61869905e+00  8.70571191e-01 
 9.36280000e-03  1.58326239e+00  1.58326545e+00  8.70573339e-01 
 9.37280000e-03  1.54513193e+00  1.54513535e+00  8.70574204e-01 
 9.38280000e-03  1.50445543e+00  1.50445925e+00  8.70574573e-01 
 9.39280000e-03  1.46139342e+00  1.46139769e+00  8.70574744e-01 
 9.40280000e-03  1.41611585e+00  1.41612064e+00  8.70574831e-01 
 9.41280000e-03  1.36880140e+00  1.36880683e+00  8.70574878e-01 
 9.42280000e-03  1.31963681e+00  1.31964301e+00  8.70574903e-01 
 9.43280000e-03  1.26881611e+00  1.26882331e+00  8.70574917e-01 
 9.44280000e-03  1.21653985e+00  1.21654840e+00  8.70574924e-01 
 9.45280000e-03  1.16301436e+00  1.16302485e+00  8.70574927e-01 
 9.46280000e-03  1.10845087e+00  1.10846434e+00  8.70574927e-01 
 9.47280000e-03  1.05306472e+00  1.05308304e+00  8.70574926e-01 
 9.48280000e-03  9.97074490e-01  9.97100055e-01  8.70574924e-01 
 9.49280000e-03  9.40701155e-01  9.40731794e-01  8.70574922e-01 
 9.50280000e-03  8.84167190e-01  8.84192487e-01  8.70574919e-01 
 9.51280000e-03  8.27695710e-01  8.27712668e-01  8.70574916e-01 
 9.52280000e-03  7.71509582e-01  7.71521244e-01  8.70574914e-01 
 9.53280000e-03  7.15830547e-01  7.15839245e-01  8.70574911e-01 
 9.54280000e-03  6.60878345e-01  6.60885277e-01  8.70574909e-01 
 9.55280000e-03  6.06869846e-01  6.06875626e-01  8.70574906e-01 
 9.56280000e-03  5.54018199e-01  5.54023166e-01  8.70574904e-01 
 9.57280000e-03  5.02531984e-01  5.02536340e-01  8.70574903e-01 
 9.58280000e-03  4.52614393e-01  4.52618265e-01  8.70574903e-01 
 9.59280000e-03  4.04462429e-01  4.04465902e-01  8.70574905e-01 
 9.60280000e-03  3.58266125e-01  3.58269257e-01  8.70574908e-01 
 9.61280000e-03  3.14207797e-01  3.14210630e-01  8.70574916e-01 
 9.62280000e-03  2.72461324e-01  2.72463887e-01  8.70574927e-01 
 9.63280000e-03  2.33191459e-01  2.33193774e-01  8.70574945e-01 
 9.64280000e-03  1.96553183e-01  1.96555266e-01  8.70574969e-01 
 9.65280000e-03  1.62691090e-01  1.62692954e-01  8.70574998e-01 
 9.66280000e-03  1.31738818e-01  1.31740473e-01  8.70575028e-01 
 9.67280000e-03  1.03818522e-01  1.03819975e-01  8.70575044e-01 
 9.68280000e-03  7.90403910e-02  7.90416473e-02  8.70575020e-01 
 9.69280000e-03  5.75022123e-02  5.75032759e-02  8.70574904e-01 
 9.70280000e-03  3.92889875e-02  3.92898616e-02  8.70574622e-01 
 9.71280000e-03  2.44725958e-02  2.44732826e-02  8.70574088e-01 
 9.72280000e-03  1.31115109e-02  1.31120120e-02  8.70573230e-01 
 9.73280000e-03  5.25056955e-03  5.25088627e-03  8.70572030e-01 
 9.74280000e-03  9.20795471e-04  9.20928407e-04  8.70570551e-01 
 9.75280000e-03  1.39276265e-04  1.39225686e-04  8.70568936e-01 
 9.76280000e-03  2.90909623e-03  2.90886201e-03  8.70567364e-01 
 9.77280000e-03  9.21932415e-03  9.21890577e-03  8.70565996e-01 
 9.78280000e-03  1.90450564e-02  1.90444530e-02  8.70564922e-01 
 9.79280000e-03  3.23475154e-02  3.23467254e-02  8.70564156e-01 
 9.80280000e-03  4.90742024e-02  4.90732237e-02  8.70563651e-01 
 9.81280000e-03  6.91591047e-02  6.91579347e-02  8.70563336e-01 
 9.82280000e-03  9.25229564e-02  9.25215915e-02  8.70563145e-01 
 9.83280000e-03  1.19073551e-01  1.19071986e-01  8.70563026e-01 
 9.84280000e-03  1.48706106e-01  1.48704335e-01  8.70562949e-01 
 9.85280000e-03  1.81303674e-01  1.81301689e-01  8.70562895e-01 
 9.86280000e-03  2.16737609e-01  2.16735398e-01  8.70562857e-01 
 9.87280000e-03  2.54868068e-01  2.54865617e-01  8.70562829e-01 
 9.88280000e-03  2.95544568e-01  2.95541858e-01  8.70562809e-01 
 9.89280000e-03  3.38606577e-01  3.38603582e-01  8.70562794e-01 
 9.90280000e-03  3.83884150e-01  3.83880833e-01  8.70562783e-01 
 9.91280000e-03  4.31198596e-01  4.31194908e-01  8.70562775e-01 
 9.92280000e-03  4.80363188e-01  4.80359057e-01  8.70562769e-01 
 9.93280000e-03  5.31183894e-01  5.31179215e-01  8.70562764e-01 
 9.94280000e-03  5.83460148e-01  5.83454757e-01  8.70562760e-01 
 9.95280000e-03  6.36985641e-01  6.36979270e-01  8.70562757e-01 
 9.96280000e-03  6.91549132e-01  6.91541312e-01  8.70562754e-01 
 9.97280000e-03  7.46935282e-01  7.46925129e-01  8.70562751e-01 
 9.98280000e-03  8.02925510e-01  8.02911273e-01  8.70562748e-01 
 9.99280000e-03  8.59298845e-01  8.59277495e-01  8.70562745e-01 
 1.00000000e-02  9.00000000e-01  8.99972375e-01  8.70562743e-01 
