 frequency       v(Aol_dB)       v(Aol_arg)     
 1.00000000e-01  3.10694156e+01 -1.12677440e-05 
 1.02305973e-01  3.10694156e+01 -1.15275751e-05 
 1.04665121e-01  3.10694156e+01 -1.17933979e-05 
 1.07078670e-01  3.10694156e+01 -1.20653505e-05 
 1.09547876e-01  3.10694156e+01 -1.23435742e-05 
 1.12074020e-01  3.10694156e+01 -1.26282137e-05 
 1.14658417e-01  3.10694156e+01 -1.29194169e-05 
 1.17302409e-01  3.10694156e+01 -1.32173351e-05 
 1.20007371e-01  3.10694156e+01 -1.35221233e-05 
 1.22774708e-01  3.10694156e+01 -1.38339398e-05 
 1.25605860e-01  3.10694156e+01 -1.41529468e-05 
 1.28502297e-01  3.10694156e+01 -1.44793099e-05 
 1.31465525e-01  3.10694156e+01 -1.48131989e-05 
 1.34497085e-01  3.10694156e+01 -1.51547872e-05 
 1.37598551e-01  3.10694156e+01 -1.55042525e-05 
 1.40771537e-01  3.10694156e+01 -1.58617764e-05 
 1.44017690e-01  3.10694156e+01 -1.62275447e-05 
 1.47338699e-01  3.10694156e+01 -1.66017475e-05 
 1.50736290e-01  3.10694156e+01 -1.69845793e-05 
 1.54212228e-01  3.10694156e+01 -1.73762391e-05 
 1.57768320e-01  3.10694156e+01 -1.77769305e-05 
 1.61406415e-01  3.10694156e+01 -1.81868617e-05 
 1.65128404e-01  3.10694156e+01 -1.86062458e-05 
 1.68936220e-01  3.10694156e+01 -1.90353008e-05 
 1.72831844e-01  3.10694156e+01 -1.94742497e-05 
 1.76817299e-01  3.10694156e+01 -1.99233206e-05 
 1.80894658e-01  3.10694156e+01 -2.03827470e-05 
 1.85066040e-01  3.10694156e+01 -2.08527677e-05 
 1.89333613e-01  3.10694156e+01 -2.13336268e-05 
 1.93699595e-01  3.10694156e+01 -2.18255745e-05 
 1.98166255e-01  3.10694156e+01 -2.23288664e-05 
 2.02735916e-01  3.10694156e+01 -2.28437640e-05 
 2.07410951e-01  3.10694156e+01 -2.33705350e-05 
 2.12193792e-01  3.10694156e+01 -2.39094532e-05 
 2.17086923e-01  3.10694156e+01 -2.44607988e-05 
 2.22092889e-01  3.10694156e+01 -2.50248582e-05 
 2.27214291e-01  3.10694156e+01 -2.56019247e-05 
 2.32453791e-01  3.10694156e+01 -2.61922981e-05 
 2.37814113e-01  3.10694156e+01 -2.67962854e-05 
 2.43298042e-01  3.10694156e+01 -2.74142006e-05 
 2.48908429e-01  3.10694156e+01 -2.80463646e-05 
 2.54648190e-01  3.10694156e+01 -2.86931062e-05 
 2.60520309e-01  3.10694156e+01 -2.93547615e-05 
 2.66527837e-01  3.10694156e+01 -3.00316743e-05 
 2.72673897e-01  3.10694156e+01 -3.07241966e-05 
 2.78961683e-01  3.10694156e+01 -3.14326883e-05 
 2.85394464e-01  3.10694156e+01 -3.21575176e-05 
 2.91975583e-01  3.10694156e+01 -3.28990613e-05 
 2.98708461e-01  3.10694156e+01 -3.36577048e-05 
 3.05596598e-01  3.10694156e+01 -3.44338423e-05 
 3.12643573e-01  3.10694156e+01 -3.52278774e-05 
 3.19853049e-01  3.10694156e+01 -3.60402228e-05 
 3.27228774e-01  3.10694156e+01 -3.68713006e-05 
 3.34774581e-01  3.10694156e+01 -3.77215428e-05 
 3.42494392e-01  3.10694156e+01 -3.85913914e-05 
 3.50392221e-01  3.10694156e+01 -3.94812984e-05 
 3.58472171e-01  3.10694156e+01 -4.03917265e-05 
 3.66738442e-01  3.10694156e+01 -4.13231488e-05 
 3.75195331e-01  3.10694156e+01 -4.22760495e-05 
 3.83847234e-01  3.10694156e+01 -4.32509238e-05 
 3.92698648e-01  3.10694156e+01 -4.42482784e-05 
 4.01754173e-01  3.10694156e+01 -4.52686317e-05 
 4.11018515e-01  3.10694156e+01 -4.63125141e-05 
 4.20496491e-01  3.10694156e+01 -4.73804682e-05 
 4.30193027e-01  3.10694156e+01 -4.84730490e-05 
 4.40113162e-01  3.10694156e+01 -4.95908244e-05 
 4.50262052e-01  3.10694156e+01 -5.07343754e-05 
 4.60644974e-01  3.10694156e+01 -5.19042964e-05 
 4.71267322e-01  3.10694156e+01 -5.31011955e-05 
 4.82134619e-01  3.10694156e+01 -5.43256947e-05 
 4.93252513e-01  3.10694156e+01 -5.55784305e-05 
 5.04626783e-01  3.10694156e+01 -5.68600541e-05 
 5.16263340e-01  3.10694156e+01 -5.81712316e-05 
 5.28168234e-01  3.10694156e+01 -5.95126445e-05 
 5.40347650e-01  3.10694156e+01 -6.08849900e-05 
 5.52807921e-01  3.10694156e+01 -6.22889814e-05 
 5.65555523e-01  3.10694156e+01 -6.37253485e-05 
 5.78597080e-01  3.10694156e+01 -6.51948378e-05 
 5.91939372e-01  3.10694156e+01 -6.66982132e-05 
 6.05589334e-01  3.10694156e+01 -6.82362559e-05 
 6.19554061e-01  3.10694156e+01 -6.98097656e-05 
 6.33840810e-01  3.10694156e+01 -7.14195599e-05 
 6.48457008e-01  3.10694156e+01 -7.30664757e-05 
 6.63410251e-01  3.10694156e+01 -7.47513689e-05 
 6.78708313e-01  3.10694156e+01 -7.64751152e-05 
 6.94359143e-01  3.10694156e+01 -7.82386107e-05 
 7.10370877e-01  3.10694156e+01 -8.00427720e-05 
 7.26751838e-01  3.10694156e+01 -8.18885367e-05 
 7.43510539e-01  3.10694156e+01 -8.37768642e-05 
 7.60655691e-01  3.10694156e+01 -8.57087360e-05 
 7.78196206e-01  3.10694156e+01 -8.76851563e-05 
 7.96141200e-01  3.10694156e+01 -8.97071524e-05 
 8.14500001e-01  3.10694156e+01 -9.17757751e-05 
 8.33282151e-01  3.10694156e+01 -9.38920996e-05 
 8.52497412e-01  3.10694156e+01 -9.60572261e-05 
 8.72155772e-01  3.10694156e+01 -9.82722798e-05 
 8.92267449e-01  3.10694156e+01 -1.00538412e-04 
 9.12842895e-01  3.10694156e+01 -1.02856801e-04 
 9.33892805e-01  3.10694156e+01 -1.05228651e-04 
 9.55428121e-01  3.10694156e+01 -1.07655195e-04 
 9.77460036e-01  3.10694156e+01 -1.10137695e-04 
 1.00000000e+00  3.10694156e+01 -1.12677440e-04 
 1.02305973e+00  3.10694156e+01 -1.15275751e-04 
 1.04665121e+00  3.10694156e+01 -1.17933979e-04 
 1.07078670e+00  3.10694156e+01 -1.20653505e-04 
 1.09547876e+00  3.10694156e+01 -1.23435742e-04 
 1.12074020e+00  3.10694156e+01 -1.26282137e-04 
 1.14658417e+00  3.10694156e+01 -1.29194169e-04 
 1.17302409e+00  3.10694156e+01 -1.32173351e-04 
 1.20007371e+00  3.10694156e+01 -1.35221233e-04 
 1.22774708e+00  3.10694156e+01 -1.38339398e-04 
 1.25605860e+00  3.10694156e+01 -1.41529468e-04 
 1.28502297e+00  3.10694156e+01 -1.44793099e-04 
 1.31465525e+00  3.10694156e+01 -1.48131989e-04 
 1.34497085e+00  3.10694156e+01 -1.51547872e-04 
 1.37598551e+00  3.10694156e+01 -1.55042525e-04 
 1.40771537e+00  3.10694156e+01 -1.58617764e-04 
 1.44017690e+00  3.10694156e+01 -1.62275447e-04 
 1.47338699e+00  3.10694156e+01 -1.66017475e-04 
 1.50736290e+00  3.10694156e+01 -1.69845793e-04 
 1.54212228e+00  3.10694156e+01 -1.73762391e-04 
 1.57768320e+00  3.10694156e+01 -1.77769305e-04 
 1.61406415e+00  3.10694156e+01 -1.81868617e-04 
 1.65128404e+00  3.10694156e+01 -1.86062458e-04 
 1.68936220e+00  3.10694156e+01 -1.90353008e-04 
 1.72831844e+00  3.10694156e+01 -1.94742497e-04 
 1.76817299e+00  3.10694156e+01 -1.99233206e-04 
 1.80894658e+00  3.10694156e+01 -2.03827470e-04 
 1.85066040e+00  3.10694156e+01 -2.08527677e-04 
 1.89333613e+00  3.10694156e+01 -2.13336268e-04 
 1.93699595e+00  3.10694156e+01 -2.18255745e-04 
 1.98166255e+00  3.10694156e+01 -2.23288664e-04 
 2.02735916e+00  3.10694156e+01 -2.28437640e-04 
 2.07410951e+00  3.10694156e+01 -2.33705350e-04 
 2.12193792e+00  3.10694156e+01 -2.39094532e-04 
 2.17086923e+00  3.10694156e+01 -2.44607988e-04 
 2.22092889e+00  3.10694156e+01 -2.50248582e-04 
 2.27214291e+00  3.10694156e+01 -2.56019247e-04 
 2.32453791e+00  3.10694156e+01 -2.61922981e-04 
 2.37814113e+00  3.10694156e+01 -2.67962854e-04 
 2.43298042e+00  3.10694156e+01 -2.74142006e-04 
 2.48908429e+00  3.10694156e+01 -2.80463646e-04 
 2.54648190e+00  3.10694156e+01 -2.86931062e-04 
 2.60520309e+00  3.10694156e+01 -2.93547615e-04 
 2.66527837e+00  3.10694156e+01 -3.00316743e-04 
 2.72673897e+00  3.10694156e+01 -3.07241966e-04 
 2.78961683e+00  3.10694156e+01 -3.14326883e-04 
 2.85394464e+00  3.10694156e+01 -3.21575176e-04 
 2.91975583e+00  3.10694156e+01 -3.28990613e-04 
 2.98708461e+00  3.10694156e+01 -3.36577048e-04 
 3.05596598e+00  3.10694156e+01 -3.44338423e-04 
 3.12643573e+00  3.10694156e+01 -3.52278774e-04 
 3.19853049e+00  3.10694156e+01 -3.60402228e-04 
 3.27228774e+00  3.10694156e+01 -3.68713006e-04 
 3.34774581e+00  3.10694156e+01 -3.77215428e-04 
 3.42494392e+00  3.10694156e+01 -3.85913914e-04 
 3.50392221e+00  3.10694156e+01 -3.94812984e-04 
 3.58472171e+00  3.10694156e+01 -4.03917265e-04 
 3.66738442e+00  3.10694156e+01 -4.13231488e-04 
 3.75195331e+00  3.10694156e+01 -4.22760495e-04 
 3.83847234e+00  3.10694156e+01 -4.32509238e-04 
 3.92698648e+00  3.10694156e+01 -4.42482784e-04 
 4.01754173e+00  3.10694156e+01 -4.52686317e-04 
 4.11018515e+00  3.10694156e+01 -4.63125141e-04 
 4.20496491e+00  3.10694156e+01 -4.73804682e-04 
 4.30193027e+00  3.10694156e+01 -4.84730490e-04 
 4.40113162e+00  3.10694156e+01 -4.95908244e-04 
 4.50262052e+00  3.10694156e+01 -5.07343754e-04 
 4.60644974e+00  3.10694156e+01 -5.19042964e-04 
 4.71267322e+00  3.10694156e+01 -5.31011955e-04 
 4.82134619e+00  3.10694156e+01 -5.43256947e-04 
 4.93252513e+00  3.10694156e+01 -5.55784305e-04 
 5.04626783e+00  3.10694156e+01 -5.68600541e-04 
 5.16263340e+00  3.10694156e+01 -5.81712316e-04 
 5.28168234e+00  3.10694156e+01 -5.95126445e-04 
 5.40347650e+00  3.10694156e+01 -6.08849900e-04 
 5.52807921e+00  3.10694156e+01 -6.22889814e-04 
 5.65555523e+00  3.10694156e+01 -6.37253485e-04 
 5.78597080e+00  3.10694156e+01 -6.51948378e-04 
 5.91939372e+00  3.10694156e+01 -6.66982132e-04 
 6.05589334e+00  3.10694156e+01 -6.82362559e-04 
 6.19554061e+00  3.10694156e+01 -6.98097656e-04 
 6.33840810e+00  3.10694156e+01 -7.14195599e-04 
 6.48457008e+00  3.10694156e+01 -7.30664757e-04 
 6.63410251e+00  3.10694156e+01 -7.47513689e-04 
 6.78708313e+00  3.10694156e+01 -7.64751152e-04 
 6.94359143e+00  3.10694156e+01 -7.82386107e-04 
 7.10370877e+00  3.10694156e+01 -8.00427719e-04 
 7.26751838e+00  3.10694156e+01 -8.18885366e-04 
 7.43510539e+00  3.10694156e+01 -8.37768642e-04 
 7.60655691e+00  3.10694156e+01 -8.57087360e-04 
 7.78196206e+00  3.10694156e+01 -8.76851563e-04 
 7.96141200e+00  3.10694156e+01 -8.97071523e-04 
 8.14500001e+00  3.10694156e+01 -9.17757750e-04 
 8.33282151e+00  3.10694156e+01 -9.38920996e-04 
 8.52497412e+00  3.10694156e+01 -9.60572261e-04 
 8.72155772e+00  3.10694156e+01 -9.82722798e-04 
 8.92267449e+00  3.10694156e+01 -1.00538412e-03 
 9.12842895e+00  3.10694156e+01 -1.02856801e-03 
 9.33892805e+00  3.10694156e+01 -1.05228651e-03 
 9.55428121e+00  3.10694156e+01 -1.07655195e-03 
 9.77460036e+00  3.10694156e+01 -1.10137695e-03 
 1.00000000e+01  3.10694156e+01 -1.12677440e-03 
 1.02305973e+01  3.10694156e+01 -1.15275751e-03 
 1.04665121e+01  3.10694156e+01 -1.17933979e-03 
 1.07078670e+01  3.10694156e+01 -1.20653505e-03 
 1.09547876e+01  3.10694156e+01 -1.23435742e-03 
 1.12074020e+01  3.10694156e+01 -1.26282137e-03 
 1.14658417e+01  3.10694156e+01 -1.29194169e-03 
 1.17302409e+01  3.10694156e+01 -1.32173351e-03 
 1.20007371e+01  3.10694156e+01 -1.35221233e-03 
 1.22774708e+01  3.10694156e+01 -1.38339398e-03 
 1.25605860e+01  3.10694156e+01 -1.41529467e-03 
 1.28502297e+01  3.10694156e+01 -1.44793099e-03 
 1.31465525e+01  3.10694156e+01 -1.48131989e-03 
 1.34497085e+01  3.10694156e+01 -1.51547872e-03 
 1.37598551e+01  3.10694156e+01 -1.55042525e-03 
 1.40771537e+01  3.10694156e+01 -1.58617764e-03 
 1.44017690e+01  3.10694156e+01 -1.62275447e-03 
 1.47338699e+01  3.10694156e+01 -1.66017475e-03 
 1.50736290e+01  3.10694156e+01 -1.69845793e-03 
 1.54212228e+01  3.10694156e+01 -1.73762391e-03 
 1.57768320e+01  3.10694156e+01 -1.77769305e-03 
 1.61406415e+01  3.10694156e+01 -1.81868617e-03 
 1.65128404e+01  3.10694156e+01 -1.86062458e-03 
 1.68936220e+01  3.10694156e+01 -1.90353008e-03 
 1.72831844e+01  3.10694156e+01 -1.94742497e-03 
 1.76817299e+01  3.10694156e+01 -1.99233206e-03 
 1.80894658e+01  3.10694156e+01 -2.03827470e-03 
 1.85066040e+01  3.10694156e+01 -2.08527677e-03 
 1.89333613e+01  3.10694156e+01 -2.13336268e-03 
 1.93699595e+01  3.10694156e+01 -2.18255745e-03 
 1.98166255e+01  3.10694156e+01 -2.23288664e-03 
 2.02735916e+01  3.10694156e+01 -2.28437640e-03 
 2.07410951e+01  3.10694156e+01 -2.33705350e-03 
 2.12193792e+01  3.10694156e+01 -2.39094532e-03 
 2.17086923e+01  3.10694156e+01 -2.44607988e-03 
 2.22092889e+01  3.10694156e+01 -2.50248582e-03 
 2.27214291e+01  3.10694156e+01 -2.56019246e-03 
 2.32453791e+01  3.10694156e+01 -2.61922981e-03 
 2.37814113e+01  3.10694156e+01 -2.67962854e-03 
 2.43298042e+01  3.10694156e+01 -2.74142005e-03 
 2.48908429e+01  3.10694156e+01 -2.80463646e-03 
 2.54648190e+01  3.10694156e+01 -2.86931062e-03 
 2.60520309e+01  3.10694156e+01 -2.93547615e-03 
 2.66527837e+01  3.10694156e+01 -3.00316743e-03 
 2.72673897e+01  3.10694155e+01 -3.07241966e-03 
 2.78961683e+01  3.10694155e+01 -3.14326883e-03 
 2.85394464e+01  3.10694155e+01 -3.21575176e-03 
 2.91975583e+01  3.10694155e+01 -3.28990613e-03 
 2.98708461e+01  3.10694155e+01 -3.36577047e-03 
 3.05596598e+01  3.10694155e+01 -3.44338423e-03 
 3.12643573e+01  3.10694155e+01 -3.52278774e-03 
 3.19853049e+01  3.10694155e+01 -3.60402227e-03 
 3.27228774e+01  3.10694155e+01 -3.68713005e-03 
 3.34774581e+01  3.10694155e+01 -3.77215427e-03 
 3.42494392e+01  3.10694155e+01 -3.85913913e-03 
 3.50392221e+01  3.10694155e+01 -3.94812984e-03 
 3.58472171e+01  3.10694155e+01 -4.03917265e-03 
 3.66738442e+01  3.10694155e+01 -4.13231488e-03 
 3.75195331e+01  3.10694155e+01 -4.22760494e-03 
 3.83847234e+01  3.10694155e+01 -4.32509237e-03 
 3.92698648e+01  3.10694155e+01 -4.42482783e-03 
 4.01754173e+01  3.10694155e+01 -4.52686316e-03 
 4.11018515e+01  3.10694155e+01 -4.63125140e-03 
 4.20496491e+01  3.10694155e+01 -4.73804681e-03 
 4.30193027e+01  3.10694155e+01 -4.84730489e-03 
 4.40113162e+01  3.10694155e+01 -4.95908243e-03 
 4.50262052e+01  3.10694155e+01 -5.07343753e-03 
 4.60644974e+01  3.10694155e+01 -5.19042963e-03 
 4.71267322e+01  3.10694155e+01 -5.31011953e-03 
 4.82134619e+01  3.10694155e+01 -5.43256945e-03 
 4.93252513e+01  3.10694155e+01 -5.55784304e-03 
 5.04626783e+01  3.10694155e+01 -5.68600539e-03 
 5.16263340e+01  3.10694155e+01 -5.81712314e-03 
 5.28168234e+01  3.10694155e+01 -5.95126443e-03 
 5.40347650e+01  3.10694155e+01 -6.08849898e-03 
 5.52807921e+01  3.10694155e+01 -6.22889812e-03 
 5.65555523e+01  3.10694155e+01 -6.37253482e-03 
 5.78597080e+01  3.10694155e+01 -6.51948375e-03 
 5.91939372e+01  3.10694155e+01 -6.66982129e-03 
 6.05589334e+01  3.10694155e+01 -6.82362556e-03 
 6.19554061e+01  3.10694155e+01 -6.98097652e-03 
 6.33840810e+01  3.10694155e+01 -7.14195595e-03 
 6.48457008e+01  3.10694155e+01 -7.30664753e-03 
 6.63410251e+01  3.10694155e+01 -7.47513684e-03 
 6.78708313e+01  3.10694155e+01 -7.64751148e-03 
 6.94359143e+01  3.10694155e+01 -7.82386102e-03 
 7.10370877e+01  3.10694155e+01 -8.00427714e-03 
 7.26751838e+01  3.10694155e+01 -8.18885361e-03 
 7.43510539e+01  3.10694155e+01 -8.37768636e-03 
 7.60655691e+01  3.10694155e+01 -8.57087354e-03 
 7.78196206e+01  3.10694155e+01 -8.76851557e-03 
 7.96141200e+01  3.10694155e+01 -8.97071516e-03 
 8.14500001e+01  3.10694155e+01 -9.17757743e-03 
 8.33282151e+01  3.10694154e+01 -9.38920988e-03 
 8.52497412e+01  3.10694154e+01 -9.60572252e-03 
 8.72155772e+01  3.10694154e+01 -9.82722788e-03 
 8.92267449e+01  3.10694154e+01 -1.00538411e-02 
 9.12842895e+01  3.10694154e+01 -1.02856800e-02 
 9.33892805e+01  3.10694154e+01 -1.05228649e-02 
 9.55428121e+01  3.10694154e+01 -1.07655194e-02 
 9.77460036e+01  3.10694154e+01 -1.10137693e-02 
 1.00000000e+02  3.10694154e+01 -1.12677439e-02 
 1.02305973e+02  3.10694154e+01 -1.15275750e-02 
 1.04665121e+02  3.10694154e+01 -1.17933977e-02 
 1.07078670e+02  3.10694154e+01 -1.20653503e-02 
 1.09547876e+02  3.10694154e+01 -1.23435740e-02 
 1.12074020e+02  3.10694154e+01 -1.26282135e-02 
 1.14658417e+02  3.10694153e+01 -1.29194167e-02 
 1.17302409e+02  3.10694153e+01 -1.32173349e-02 
 1.20007371e+02  3.10694153e+01 -1.35221231e-02 
 1.22774708e+02  3.10694153e+01 -1.38339396e-02 
 1.25605860e+02  3.10694153e+01 -1.41529465e-02 
 1.28502297e+02  3.10694153e+01 -1.44793096e-02 
 1.31465525e+02  3.10694153e+01 -1.48131985e-02 
 1.34497085e+02  3.10694153e+01 -1.51547869e-02 
 1.37598551e+02  3.10694152e+01 -1.55042521e-02 
 1.40771537e+02  3.10694152e+01 -1.58617760e-02 
 1.44017690e+02  3.10694152e+01 -1.62275442e-02 
 1.47338699e+02  3.10694152e+01 -1.66017470e-02 
 1.50736290e+02  3.10694152e+01 -1.69845788e-02 
 1.54212228e+02  3.10694152e+01 -1.73762386e-02 
 1.57768320e+02  3.10694151e+01 -1.77769299e-02 
 1.61406415e+02  3.10694151e+01 -1.81868611e-02 
 1.65128404e+02  3.10694151e+01 -1.86062451e-02 
 1.68936220e+02  3.10694151e+01 -1.90353001e-02 
 1.72831844e+02  3.10694151e+01 -1.94742489e-02 
 1.76817299e+02  3.10694150e+01 -1.99233198e-02 
 1.80894658e+02  3.10694150e+01 -2.03827462e-02 
 1.85066040e+02  3.10694150e+01 -2.08527667e-02 
 1.89333613e+02  3.10694150e+01 -2.13336259e-02 
 1.93699595e+02  3.10694149e+01 -2.18255735e-02 
 1.98166255e+02  3.10694149e+01 -2.23288652e-02 
 2.02735916e+02  3.10694149e+01 -2.28437628e-02 
 2.07410951e+02  3.10694148e+01 -2.33705337e-02 
 2.12193792e+02  3.10694148e+01 -2.39094519e-02 
 2.17086923e+02  3.10694148e+01 -2.44607973e-02 
 2.22092889e+02  3.10694147e+01 -2.50248566e-02 
 2.27214291e+02  3.10694147e+01 -2.56019230e-02 
 2.32453791e+02  3.10694147e+01 -2.61922963e-02 
 2.37814113e+02  3.10694146e+01 -2.67962835e-02 
 2.43298042e+02  3.10694146e+01 -2.74141985e-02 
 2.48908429e+02  3.10694145e+01 -2.80463624e-02 
 2.54648190e+02  3.10694145e+01 -2.86931038e-02 
 2.60520309e+02  3.10694144e+01 -2.93547589e-02 
 2.66527837e+02  3.10694144e+01 -3.00316716e-02 
 2.72673897e+02  3.10694143e+01 -3.07241937e-02 
 2.78961683e+02  3.10694143e+01 -3.14326852e-02 
 2.85394464e+02  3.10694142e+01 -3.21575142e-02 
 2.91975583e+02  3.10694141e+01 -3.28990577e-02 
 2.98708461e+02  3.10694141e+01 -3.36577009e-02 
 3.05596598e+02  3.10694140e+01 -3.44338382e-02 
 3.12643573e+02  3.10694139e+01 -3.52278730e-02 
 3.19853049e+02  3.10694138e+01 -3.60402180e-02 
 3.27228774e+02  3.10694138e+01 -3.68712955e-02 
 3.34774581e+02  3.10694137e+01 -3.77215374e-02 
 3.42494392e+02  3.10694136e+01 -3.85913856e-02 
 3.50392221e+02  3.10694135e+01 -3.94812922e-02 
 3.58472171e+02  3.10694134e+01 -4.03917198e-02 
 3.66738442e+02  3.10694133e+01 -4.13231417e-02 
 3.75195331e+02  3.10694132e+01 -4.22760418e-02 
 3.83847234e+02  3.10694131e+01 -4.32509155e-02 
 3.92698648e+02  3.10694130e+01 -4.42482696e-02 
 4.01754173e+02  3.10694129e+01 -4.52686223e-02 
 4.11018515e+02  3.10694127e+01 -4.63125041e-02 
 4.20496491e+02  3.10694126e+01 -4.73804574e-02 
 4.30193027e+02  3.10694125e+01 -4.84730374e-02 
 4.40113162e+02  3.10694123e+01 -4.95908120e-02 
 4.50262052e+02  3.10694122e+01 -5.07343622e-02 
 4.60644974e+02  3.10694120e+01 -5.19042822e-02 
 4.71267322e+02  3.10694118e+01 -5.31011803e-02 
 4.82134619e+02  3.10694117e+01 -5.43256784e-02 
 4.93252513e+02  3.10694115e+01 -5.55784131e-02 
 5.04626783e+02  3.10694113e+01 -5.68600355e-02 
 5.16263340e+02  3.10694111e+01 -5.81712116e-02 
 5.28168234e+02  3.10694109e+01 -5.95126231e-02 
 5.40347650e+02  3.10694107e+01 -6.08849671e-02 
 5.52807921e+02  3.10694104e+01 -6.22889569e-02 
 5.65555523e+02  3.10694102e+01 -6.37253222e-02 
 5.78597080e+02  3.10694099e+01 -6.51948097e-02 
 5.91939372e+02  3.10694097e+01 -6.66981831e-02 
 6.05589334e+02  3.10694094e+01 -6.82362237e-02 
 6.19554061e+02  3.10694091e+01 -6.98097311e-02 
 6.33840810e+02  3.10694088e+01 -7.14195229e-02 
 6.48457008e+02  3.10694085e+01 -7.30664361e-02 
 6.63410251e+02  3.10694082e+01 -7.47513265e-02 
 6.78708313e+02  3.10694078e+01 -7.64750698e-02 
 6.94359143e+02  3.10694075e+01 -7.82385621e-02 
 7.10370877e+02  3.10694071e+01 -8.00427199e-02 
 7.26751838e+02  3.10694067e+01 -8.18884809e-02 
 7.43510539e+02  3.10694063e+01 -8.37768045e-02 
 7.60655691e+02  3.10694058e+01 -8.57086722e-02 
 7.78196206e+02  3.10694054e+01 -8.76850879e-02 
 7.96141200e+02  3.10694049e+01 -8.97070791e-02 
 8.14500001e+02  3.10694044e+01 -9.17756966e-02 
 8.33282151e+02  3.10694039e+01 -9.38920156e-02 
 8.52497412e+02  3.10694034e+01 -9.60571362e-02 
 8.72155772e+02  3.10694028e+01 -9.82721835e-02 
 8.92267449e+02  3.10694022e+01 -1.00538309e-01 
 9.12842895e+02  3.10694016e+01 -1.02856690e-01 
 9.33892805e+02  3.10694009e+01 -1.05228532e-01 
 9.55428121e+02  3.10694002e+01 -1.07655068e-01 
 9.77460036e+02  3.10693995e+01 -1.10137559e-01 
 1.00000000e+03  3.10693988e+01 -1.12677295e-01 
 1.02305973e+03  3.10693980e+01 -1.15275596e-01 
 1.04665121e+03  3.10693972e+01 -1.17933813e-01 
 1.07078670e+03  3.10693963e+01 -1.20653327e-01 
 1.09547876e+03  3.10693954e+01 -1.23435551e-01 
 1.12074020e+03  3.10693945e+01 -1.26281933e-01 
 1.14658417e+03  3.10693935e+01 -1.29193950e-01 
 1.17302409e+03  3.10693925e+01 -1.32173117e-01 
 1.20007371e+03  3.10693914e+01 -1.35220982e-01 
 1.22774708e+03  3.10693903e+01 -1.38339130e-01 
 1.25605860e+03  3.10693891e+01 -1.41529180e-01 
 1.28502297e+03  3.10693878e+01 -1.44792791e-01 
 1.31465525e+03  3.10693865e+01 -1.48131659e-01 
 1.34497085e+03  3.10693852e+01 -1.51547519e-01 
 1.37598551e+03  3.10693838e+01 -1.55042147e-01 
 1.40771537e+03  3.10693823e+01 -1.58617359e-01 
 1.44017690e+03  3.10693807e+01 -1.62275013e-01 
 1.47338699e+03  3.10693791e+01 -1.66017010e-01 
 1.50736290e+03  3.10693774e+01 -1.69845296e-01 
 1.54212228e+03  3.10693756e+01 -1.73761859e-01 
 1.57768320e+03  3.10693738e+01 -1.77768735e-01 
 1.61406415e+03  3.10693718e+01 -1.81868006e-01 
 1.65128404e+03  3.10693698e+01 -1.86061804e-01 
 1.68936220e+03  3.10693677e+01 -1.90352308e-01 
 1.72831844e+03  3.10693654e+01 -1.94741748e-01 
 1.76817299e+03  3.10693631e+01 -1.99232404e-01 
 1.80894658e+03  3.10693606e+01 -2.03826611e-01 
 1.85066040e+03  3.10693581e+01 -2.08526757e-01 
 1.89333613e+03  3.10693554e+01 -2.13335283e-01 
 1.93699595e+03  3.10693526e+01 -2.18254690e-01 
 1.98166255e+03  3.10693496e+01 -2.23287534e-01 
 2.02735916e+03  3.10693466e+01 -2.28436430e-01 
 2.07410951e+03  3.10693433e+01 -2.33704055e-01 
 2.12193792e+03  3.10693400e+01 -2.39093146e-01 
 2.17086923e+03  3.10693364e+01 -2.44606503e-01 
 2.22092889e+03  3.10693328e+01 -2.50246992e-01 
 2.27214291e+03  3.10693289e+01 -2.56017544e-01 
 2.32453791e+03  3.10693249e+01 -2.61921158e-01 
 2.37814113e+03  3.10693206e+01 -2.67960902e-01 
 2.43298042e+03  3.10693162e+01 -2.74139915e-01 
 2.48908429e+03  3.10693116e+01 -2.80461408e-01 
 2.54648190e+03  3.10693067e+01 -2.86928665e-01 
 2.60520309e+03  3.10693016e+01 -2.93545048e-01 
 2.66527837e+03  3.10692963e+01 -3.00313995e-01 
 2.72673897e+03  3.10692907e+01 -3.07239024e-01 
 2.78961683e+03  3.10692849e+01 -3.14323732e-01 
 2.85394464e+03  3.10692788e+01 -3.21571802e-01 
 2.91975583e+03  3.10692724e+01 -3.28987000e-01 
 2.98708461e+03  3.10692658e+01 -3.36573179e-01 
 3.05596598e+03  3.10692588e+01 -3.44334281e-01 
 3.12643573e+03  3.10692515e+01 -3.52274339e-01 
 3.19853049e+03  3.10692438e+01 -3.60397478e-01 
 3.27228774e+03  3.10692358e+01 -3.68707920e-01 
 3.34774581e+03  3.10692274e+01 -3.77209982e-01 
 3.42494392e+03  3.10692186e+01 -3.85908083e-01 
 3.50392221e+03  3.10692095e+01 -3.94806740e-01 
 3.58472171e+03  3.10691998e+01 -4.03910579e-01 
 3.66738442e+03  3.10691898e+01 -4.13224329e-01 
 3.75195331e+03  3.10691792e+01 -4.22752829e-01 
 3.83847234e+03  3.10691682e+01 -4.32501029e-01 
 3.92698648e+03  3.10691567e+01 -4.42473994e-01 
 4.01754173e+03  3.10691446e+01 -4.52676905e-01 
 4.11018515e+03  3.10691320e+01 -4.63115063e-01 
 4.20496491e+03  3.10691187e+01 -4.73793890e-01 
 4.30193027e+03  3.10691049e+01 -4.84718934e-01 
 4.40113162e+03  3.10690904e+01 -4.95895871e-01 
 4.50262052e+03  3.10690752e+01 -5.07330505e-01 
 4.60644974e+03  3.10690593e+01 -5.19028777e-01 
 4.71267322e+03  3.10690427e+01 -5.30996763e-01 
 4.82134619e+03  3.10690253e+01 -5.43240680e-01 
 4.93252513e+03  3.10690071e+01 -5.55766887e-01 
 5.04626783e+03  3.10689881e+01 -5.68581890e-01 
 5.16263340e+03  3.10689681e+01 -5.81692345e-01 
 5.28168234e+03  3.10689473e+01 -5.95105060e-01 
 5.40347650e+03  3.10689254e+01 -6.08827001e-01 
 5.52807921e+03  3.10689026e+01 -6.22865295e-01 
 5.65555523e+03  3.10688786e+01 -6.37227230e-01 
 5.78597080e+03  3.10688536e+01 -6.51920265e-01 
 5.91939372e+03  3.10688274e+01 -6.66952028e-01 
 6.05589334e+03  3.10687999e+01 -6.82330325e-01 
 6.19554061e+03  3.10687712e+01 -6.98063140e-01 
 6.33840810e+03  3.10687412e+01 -7.14158640e-01 
 6.48457008e+03  3.10687097e+01 -7.30625182e-01 
 6.63410251e+03  3.10686768e+01 -7.47471312e-01 
 6.78708313e+03  3.10686423e+01 -7.64705777e-01 
 6.94359143e+03  3.10686062e+01 -7.82337520e-01 
 7.10370877e+03  3.10685685e+01 -8.00375693e-01 
 7.26751838e+03  3.10685290e+01 -8.18829657e-01 
 7.43510539e+03  3.10684876e+01 -8.37708990e-01 
 7.60655691e+03  3.10684443e+01 -8.57023486e-01 
 7.78196206e+03  3.10683990e+01 -8.76783168e-01 
 7.96141200e+03  3.10683516e+01 -8.96998287e-01 
 8.14500001e+03  3.10683020e+01 -9.17679330e-01 
 8.33282151e+03  3.10682500e+01 -9.38837026e-01 
 8.52497412e+03  3.10681957e+01 -9.60482347e-01 
 8.72155772e+03  3.10681388e+01 -9.82626520e-01 
 8.92267449e+03  3.10680792e+01 -1.00528103e+00 
 9.12842895e+03  3.10680169e+01 -1.02845762e+00 
 9.33892805e+03  3.10679516e+01 -1.05216830e+00 
 9.55428121e+03  3.10678834e+01 -1.07642538e+00 
 9.77460036e+03  3.10678119e+01 -1.10124142e+00 
 1.00000000e+04  3.10677371e+01 -1.12662928e+00 
 1.02305973e+04  3.10676588e+01 -1.15260213e+00 
 1.04665121e+04  3.10675769e+01 -1.17917341e+00 
 1.07078670e+04  3.10674911e+01 -1.20635689e+00 
 1.09547876e+04  3.10674014e+01 -1.23416665e+00 
 1.12074020e+04  3.10673074e+01 -1.26261710e+00 
 1.14658417e+04  3.10672091e+01 -1.29172296e+00 
 1.17302409e+04  3.10671062e+01 -1.32149931e+00 
 1.20007371e+04  3.10669985e+01 -1.35196155e+00 
 1.22774708e+04  3.10668857e+01 -1.38312545e+00 
 1.25605860e+04  3.10667678e+01 -1.41500714e+00 
 1.28502297e+04  3.10666443e+01 -1.44762310e+00 
 1.31465525e+04  3.10665150e+01 -1.48099021e+00 
 1.34497085e+04  3.10663798e+01 -1.51512572e+00 
 1.37598551e+04  3.10662382e+01 -1.55004727e+00 
 1.40771537e+04  3.10660900e+01 -1.58577291e+00 
 1.44017690e+04  3.10659350e+01 -1.62232110e+00 
 1.47338699e+04  3.10657727e+01 -1.65971071e+00 
 1.50736290e+04  3.10656028e+01 -1.69796105e+00 
 1.54212228e+04  3.10654250e+01 -1.73709188e+00 
 1.57768320e+04  3.10652389e+01 -1.77712337e+00 
 1.61406415e+04  3.10650442e+01 -1.81807618e+00 
 1.65128404e+04  3.10648403e+01 -1.85997143e+00 
 1.68936220e+04  3.10646270e+01 -1.90283072e+00 
 1.72831844e+04  3.10644038e+01 -1.94667613e+00 
 1.76817299e+04  3.10641701e+01 -1.99153024e+00 
 1.80894658e+04  3.10639255e+01 -2.03741615e+00 
 1.85066040e+04  3.10636696e+01 -2.08435747e+00 
 1.89333613e+04  3.10634017e+01 -2.13237835e+00 
 1.93699595e+04  3.10631214e+01 -2.18150348e+00 
 1.98166255e+04  3.10628280e+01 -2.23175810e+00 
 2.02735916e+04  3.10625209e+01 -2.28316803e+00 
 2.07410951e+04  3.10621995e+01 -2.33575966e+00 
 2.12193792e+04  3.10618632e+01 -2.38955996e+00 
 2.17086923e+04  3.10615112e+01 -2.44459652e+00 
 2.22092889e+04  3.10611428e+01 -2.50089754e+00 
 2.27214291e+04  3.10607572e+01 -2.55849184e+00 
 2.32453791e+04  3.10603537e+01 -2.61740891e+00 
 2.37814113e+04  3.10599314e+01 -2.67767886e+00 
 2.43298042e+04  3.10594895e+01 -2.73933249e+00 
 2.48908429e+04  3.10590270e+01 -2.80240126e+00 
 2.54648190e+04  3.10585429e+01 -2.86691736e+00 
 2.60520309e+04  3.10580364e+01 -2.93291366e+00 
 2.66527837e+04  3.10575063e+01 -3.00042375e+00 
 2.72673897e+04  3.10569515e+01 -3.06948199e+00 
 2.78961683e+04  3.10563709e+01 -3.14012346e+00 
 2.85394464e+04  3.10557633e+01 -3.21238403e+00 
 2.91975583e+04  3.10551274e+01 -3.28630032e+00 
 2.98708461e+04  3.10544620e+01 -3.36190978e+00 
 3.05596598e+04  3.10537657e+01 -3.43925065e+00 
 3.12643573e+04  3.10530370e+01 -3.51836200e+00 
 3.19853049e+04  3.10522744e+01 -3.59928375e+00 
 3.27228774e+04  3.10514764e+01 -3.68205667e+00 
 3.34774581e+04  3.10506413e+01 -3.76672239e+00 
 3.42494392e+04  3.10497674e+01 -3.85332344e+00 
 3.50392221e+04  3.10488530e+01 -3.94190326e+00 
 3.58472171e+04  3.10478961e+01 -4.03250619e+00 
 3.66738442e+04  3.10468948e+01 -4.12517752e+00 
 3.75195331e+04  3.10458470e+01 -4.21996346e+00 
 3.83847234e+04  3.10447506e+01 -4.31691121e+00 
 3.92698648e+04  3.10436034e+01 -4.41606894e+00 
 4.01754173e+04  3.10424030e+01 -4.51748582e+00 
 4.11018515e+04  3.10411469e+01 -4.62121202e+00 
 4.20496491e+04  3.10398326e+01 -4.72729872e+00 
 4.30193027e+04  3.10384574e+01 -4.83579817e+00 
 4.40113162e+04  3.10370186e+01 -4.94676364e+00 
 4.50262052e+04  3.10355131e+01 -5.06024948e+00 
 4.60644974e+04  3.10339379e+01 -5.17631111e+00 
 4.71267322e+04  3.10322899e+01 -5.29500506e+00 
 4.82134619e+04  3.10305657e+01 -5.41638894e+00 
 4.93252513e+04  3.10287617e+01 -5.54052148e+00 
 5.04626783e+04  3.10268744e+01 -5.66746255e+00 
 5.16263340e+04  3.10249000e+01 -5.79727313e+00 
 5.28168234e+04  3.10228344e+01 -5.93001538e+00 
 5.40347650e+04  3.10206735e+01 -6.06575258e+00 
 5.52807921e+04  3.10184129e+01 -6.20454920e+00 
 5.65555523e+04  3.10160481e+01 -6.34647086e+00 
 5.78597080e+04  3.10135744e+01 -6.49158437e+00 
 5.91939372e+04  3.10109868e+01 -6.63995770e+00 
 6.05589334e+04  3.10082801e+01 -6.79166001e+00 
 6.19554061e+04  3.10054490e+01 -6.94676165e+00 
 6.33840810e+04  3.10024877e+01 -7.10533415e+00 
 6.48457008e+04  3.09993905e+01 -7.26745021e+00 
 6.63410251e+04  3.09961511e+01 -7.43318371e+00 
 6.78708313e+04  3.09927633e+01 -7.60260970e+00 
 6.94359143e+04  3.09892202e+01 -7.77580440e+00 
 7.10370877e+04  3.09855149e+01 -7.95284517e+00 
 7.26751838e+04  3.09816401e+01 -8.13381051e+00 
 7.43510539e+04  3.09775882e+01 -8.31878004e+00 
 7.60655691e+04  3.09733514e+01 -8.50783449e+00 
 7.78196206e+04  3.09689214e+01 -8.70105564e+00 
 7.96141200e+04  3.09642895e+01 -8.89852637e+00 
 8.14500001e+04  3.09594468e+01 -9.10033055e+00 
 8.33282151e+04  3.09543840e+01 -9.30655304e+00 
 8.52497412e+04  3.09490913e+01 -9.51727967e+00 
 8.72155772e+04  3.09435586e+01 -9.73259717e+00 
 8.92267449e+04  3.09377754e+01 -9.95259313e+00 
 9.12842895e+04  3.09317305e+01 -1.01773560e+01 
 9.33892805e+04  3.09254127e+01 -1.04069748e+01 
 9.55428121e+04  3.09188100e+01 -1.06415396e+01 
 9.77460036e+04  3.09119100e+01 -1.08811407e+01 
 1.00000000e+05  3.09046998e+01 -1.11258691e+01 
 1.02305973e+05  3.08971660e+01 -1.13758165e+01 
 1.04665121e+05  3.08892948e+01 -1.16310746e+01 
 1.07078670e+05  3.08810716e+01 -1.18917356e+01 
 1.09547876e+05  3.08724814e+01 -1.21578919e+01 
 1.12074020e+05  3.08635086e+01 -1.24296358e+01 
 1.14658417e+05  3.08541371e+01 -1.27070598e+01 
 1.17302409e+05  3.08443500e+01 -1.29902559e+01 
 1.20007371e+05  3.08341299e+01 -1.32793161e+01 
 1.22774708e+05  3.08234587e+01 -1.35743317e+01 
 1.25605860e+05  3.08123176e+01 -1.38753936e+01 
 1.28502297e+05  3.08006874e+01 -1.41825918e+01 
 1.31465525e+05  3.07885479e+01 -1.44960152e+01 
 1.34497085e+05  3.07758783e+01 -1.48157519e+01 
 1.37598551e+05  3.07626571e+01 -1.51418883e+01 
 1.40771537e+05  3.07488621e+01 -1.54745096e+01 
 1.44017690e+05  3.07344703e+01 -1.58136988e+01 
 1.47338699e+05  3.07194580e+01 -1.61595374e+01 
 1.50736290e+05  3.07038008e+01 -1.65121042e+01 
 1.54212228e+05  3.06874734e+01 -1.68714757e+01 
 1.57768320e+05  3.06704497e+01 -1.72377258e+01 
 1.61406415e+05  3.06527031e+01 -1.76109250e+01 
 1.65128404e+05  3.06342060e+01 -1.79911409e+01 
 1.68936220e+05  3.06149299e+01 -1.83784370e+01 
 1.72831844e+05  3.05948458e+01 -1.87728732e+01 
 1.76817299e+05  3.05739238e+01 -1.91745051e+01 
 1.80894658e+05  3.05521331e+01 -1.95833836e+01 
 1.85066040e+05  3.05294424e+01 -1.99995547e+01 
 1.89333613e+05  3.05058194e+01 -2.04230592e+01 
 1.93699595e+05  3.04812313e+01 -2.08539322e+01 
 1.98166255e+05  3.04556443e+01 -2.12922028e+01 
 2.02735916e+05  3.04290241e+01 -2.17378939e+01 
 2.07410951e+05  3.04013358e+01 -2.21910213e+01 
 2.12193792e+05  3.03725436e+01 -2.26515942e+01 
 2.17086923e+05  3.03426112e+01 -2.31196138e+01 
 2.22092889e+05  3.03115019e+01 -2.35950739e+01 
 2.27214291e+05  3.02791782e+01 -2.40779597e+01 
 2.32453791e+05  3.02456023e+01 -2.45682482e+01 
 2.37814113e+05  3.02107359e+01 -2.50659070e+01 
 2.43298042e+05  3.01745403e+01 -2.55708947e+01 
 2.48908429e+05  3.01369764e+01 -2.60831602e+01 
 2.54648190e+05  3.00980051e+01 -2.66026425e+01 
 2.60520309e+05  3.00575868e+01 -2.71292701e+01 
 2.66527837e+05  3.00156820e+01 -2.76629611e+01 
 2.72673897e+05  2.99722512e+01 -2.82036228e+01 
 2.78961683e+05  2.99272547e+01 -2.87511515e+01 
 2.85394464e+05  2.98806531e+01 -2.93054319e+01 
 2.91975583e+05  2.98324072e+01 -2.98663376e+01 
 2.98708461e+05  2.97824781e+01 -3.04337306e+01 
 3.05596598e+05  2.97308274e+01 -3.10074609e+01 
 3.12643573e+05  2.96774171e+01 -3.15873669e+01 
 3.19853049e+05  2.96222099e+01 -3.21732754e+01 
 3.27228774e+05  2.95651691e+01 -3.27650011e+01 
 3.34774581e+05  2.95062591e+01 -3.33623473e+01 
 3.42494392e+05  2.94454449e+01 -3.39651055e+01 
 3.50392221e+05  2.93826927e+01 -3.45730560e+01 
 3.58472171e+05  2.93179700e+01 -3.51859677e+01 
 3.66738442e+05  2.92512455e+01 -3.58035987e+01 
 3.75195331e+05  2.91824890e+01 -3.64256966e+01 
 3.83847234e+05  2.91116722e+01 -3.70519987e+01 
 3.92698648e+05  2.90387680e+01 -3.76822325e+01 
 4.01754173e+05  2.89637513e+01 -3.83161164e+01 
 4.11018515e+05  2.88865987e+01 -3.89533598e+01 
 4.20496491e+05  2.88072884e+01 -3.95936642e+01 
 4.30193027e+05  2.87258008e+01 -4.02367236e+01 
 4.40113162e+05  2.86421184e+01 -4.08822249e+01 
 4.50262052e+05  2.85562255e+01 -4.15298491e+01 
 4.60644974e+05  2.84681087e+01 -4.21792719e+01 
 4.71267322e+05  2.83777570e+01 -4.28301642e+01 
 4.82134619e+05  2.82851613e+01 -4.34821934e+01 
 4.93252513e+05  2.81903150e+01 -4.41350238e+01 
 5.04626783e+05  2.80932138e+01 -4.47883178e+01 
 5.16263340e+05  2.79938558e+01 -4.54417364e+01 
 5.28168234e+05  2.78922412e+01 -4.60949405e+01 
 5.40347650e+05  2.77883728e+01 -4.67475916e+01 
 5.52807921e+05  2.76822557e+01 -4.73993525e+01 
 5.65555523e+05  2.75738971e+01 -4.80498884e+01 
 5.78597080e+05  2.74633067e+01 -4.86988678e+01 
 5.91939372e+05  2.73504964e+01 -4.93459629e+01 
 6.05589334e+05  2.72354802e+01 -4.99908510e+01 
 6.19554061e+05  2.71182743e+01 -5.06332150e+01 
 6.33840810e+05  2.69988970e+01 -5.12727440e+01 
 6.48457008e+05  2.68773685e+01 -5.19091342e+01 
 6.63410251e+05  2.67537111e+01 -5.25420896e+01 
 6.78708313e+05  2.66279488e+01 -5.31713224e+01 
 6.94359143e+05  2.65001073e+01 -5.37965538e+01 
 7.10370877e+05  2.63702140e+01 -5.44175145e+01 
 7.26751838e+05  2.62382979e+01 -5.50339450e+01 
 7.43510539e+05  2.61043895e+01 -5.56455961e+01 
 7.60655691e+05  2.59685205e+01 -5.62522294e+01 
 7.78196206e+05  2.58307238e+01 -5.68536176e+01 
 7.96141200e+05  2.56910337e+01 -5.74495443e+01 
 8.14500001e+05  2.55494851e+01 -5.80398049e+01 
 8.33282151e+05  2.54061143e+01 -5.86242064e+01 
 8.52497412e+05  2.52609579e+01 -5.92025674e+01 
 8.72155772e+05  2.51140537e+01 -5.97747183e+01 
 8.92267449e+05  2.49654396e+01 -6.03405014e+01 
 9.12842895e+05  2.48151542e+01 -6.08997707e+01 
 9.33892805e+05  2.46632367e+01 -6.14523918e+01 
 9.55428121e+05  2.45097262e+01 -6.19982420e+01 
 9.77460036e+05  2.43546623e+01 -6.25372100e+01 
 1.00000000e+06  2.41980844e+01 -6.30691956e+01 
 1.02305973e+06  2.40400323e+01 -6.35941096e+01 
 1.04665121e+06  2.38805455e+01 -6.41118737e+01 
 1.07078670e+06  2.37196632e+01 -6.46224200e+01 
 1.09547876e+06  2.35574249e+01 -6.51256909e+01 
 1.12074020e+06  2.33938693e+01 -6.56216383e+01 
 1.14658417e+06  2.32290350e+01 -6.61102242e+01 
 1.17302409e+06  2.30629603e+01 -6.65914193e+01 
 1.20007371e+06  2.28956827e+01 -6.70652035e+01 
 1.22774708e+06  2.27272397e+01 -6.75315651e+01 
 1.25605860e+06  2.25576677e+01 -6.79905005e+01 
 1.28502297e+06  2.23870030e+01 -6.84420137e+01 
 1.31465525e+06  2.22152809e+01 -6.88861163e+01 
 1.34497085e+06  2.20425363e+01 -6.93228269e+01 
 1.37598551e+06  2.18688034e+01 -6.97521705e+01 
 1.40771537e+06  2.16941155e+01 -7.01741786e+01 
 1.44017690e+06  2.15185053e+01 -7.05888884e+01 
 1.47338699e+06  2.13420049e+01 -7.09963429e+01 
 1.50736290e+06  2.11646454e+01 -7.13965900e+01 
 1.54212228e+06  2.09864573e+01 -7.17896825e+01 
 1.57768320e+06  2.08074702e+01 -7.21756778e+01 
 1.61406415e+06  2.06277130e+01 -7.25546374e+01 
 1.65128404e+06  2.04472139e+01 -7.29266267e+01 
 1.68936220e+06  2.02660002e+01 -7.32917146e+01 
 1.72831844e+06  2.00840983e+01 -7.36499732e+01 
 1.76817299e+06  1.99015341e+01 -7.40014777e+01 
 1.80894658e+06  1.97183326e+01 -7.43463059e+01 
 1.85066040e+06  1.95345180e+01 -7.46845382e+01 
 1.89333613e+06  1.93501138e+01 -7.50162568e+01 
 1.93699595e+06  1.91651427e+01 -7.53415462e+01 
 1.98166255e+06  1.89796267e+01 -7.56604926e+01 
 2.02735916e+06  1.87935872e+01 -7.59731834e+01 
 2.07410951e+06  1.86070446e+01 -7.62797077e+01 
 2.12193792e+06  1.84200188e+01 -7.65801554e+01 
 2.17086923e+06  1.82325291e+01 -7.68746174e+01 
 2.22092889e+06  1.80445940e+01 -7.71631855e+01 
 2.27214291e+06  1.78562313e+01 -7.74459518e+01 
 2.32453791e+06  1.76674582e+01 -7.77230091e+01 
 2.37814113e+06  1.74782915e+01 -7.79944503e+01 
 2.43298042e+06  1.72887470e+01 -7.82603685e+01 
 2.48908429e+06  1.70988403e+01 -7.85208569e+01 
 2.54648190e+06  1.69085861e+01 -7.87760087e+01 
 2.60520309e+06  1.67179988e+01 -7.90259166e+01 
 2.66527837e+06  1.65270921e+01 -7.92706733e+01 
 2.72673897e+06  1.63358793e+01 -7.95103709e+01 
 2.78961683e+06  1.61443730e+01 -7.97451012e+01 
 2.85394464e+06  1.59525856e+01 -7.99749553e+01 
 2.91975583e+06  1.57605288e+01 -8.02000239e+01 
 2.98708461e+06  1.55682138e+01 -8.04203968e+01 
 3.05596598e+06  1.53756516e+01 -8.06361630e+01 
 3.12643573e+06  1.51828525e+01 -8.08474109e+01 
 3.19853049e+06  1.49898266e+01 -8.10542280e+01 
 3.27228774e+06  1.47965835e+01 -8.12567008e+01 
 3.34774581e+06  1.46031324e+01 -8.14549149e+01 
 3.42494392e+06  1.44094822e+01 -8.16489549e+01 
 3.50392221e+06  1.42156413e+01 -8.18389046e+01 
 3.58472171e+06  1.40216179e+01 -8.20248464e+01 
 3.66738442e+06  1.38274198e+01 -8.22068619e+01 
 3.75195331e+06  1.36330546e+01 -8.23850316e+01 
 3.83847234e+06  1.34385293e+01 -8.25594349e+01 
 3.92698648e+06  1.32438509e+01 -8.27301499e+01 
 4.01754173e+06  1.30490260e+01 -8.28972538e+01 
 4.11018515e+06  1.28540608e+01 -8.30608226e+01 
 4.20496491e+06  1.26589616e+01 -8.32209312e+01 
 4.30193027e+06  1.24637340e+01 -8.33776531e+01 
 4.40113162e+06  1.22683836e+01 -8.35310611e+01 
 4.50262052e+06  1.20729158e+01 -8.36812265e+01 
 4.60644974e+06  1.18773356e+01 -8.38282195e+01 
 4.71267322e+06  1.16816480e+01 -8.39721092e+01 
 4.82134619e+06  1.14858576e+01 -8.41129637e+01 
 4.93252513e+06  1.12899689e+01 -8.42508498e+01 
 5.04626783e+06  1.10939862e+01 -8.43858330e+01 
 5.16263340e+06  1.08979136e+01 -8.45179782e+01 
 5.28168234e+06  1.07017551e+01 -8.46473486e+01 
 5.40347650e+06  1.05055143e+01 -8.47740066e+01 
 5.52807921e+06  1.03091949e+01 -8.48980136e+01 
 5.65555523e+06  1.01128004e+01 -8.50194297e+01 
 5.78597080e+06  9.91633398e+00 -8.51383140e+01 
 5.91939372e+06  9.71979886e+00 -8.52547245e+01 
 6.05589334e+06  9.52319806e+00 -8.53687184e+01 
 6.19554061e+06  9.32653444e+00 -8.54803516e+01 
 6.33840810e+06  9.12981078e+00 -8.55896791e+01 
 6.48457008e+06  8.93302972e+00 -8.56967548e+01 
 6.63410251e+06  8.73619379e+00 -8.58016317e+01 
 6.78708313e+06  8.53930539e+00 -8.59043619e+01 
 6.94359143e+06  8.34236686e+00 -8.60049964e+01 
 7.10370877e+06  8.14538039e+00 -8.61035853e+01 
 7.26751838e+06  7.94834811e+00 -8.62001779e+01 
 7.43510539e+06  7.75127203e+00 -8.62948225e+01 
 7.60655691e+06  7.55415409e+00 -8.63875665e+01 
 7.78196206e+06  7.35699614e+00 -8.64784565e+01 
 7.96141200e+06  7.15979994e+00 -8.65675380e+01 
 8.14500001e+06  6.96256720e+00 -8.66548561e+01 
 8.33282151e+06  6.76529952e+00 -8.67404546e+01 
 8.52497412e+06  6.56799846e+00 -8.68243769e+01 
 8.72155772e+06  6.37066549e+00 -8.69066654e+01 
 8.92267449e+06  6.17330202e+00 -8.69873617e+01 
 9.12842895e+06  5.97590941e+00 -8.70665068e+01 
 9.33892805e+06  5.77848894e+00 -8.71441408e+01 
 9.55428121e+06  5.58104186e+00 -8.72203031e+01 
 9.77460036e+06  5.38356934e+00 -8.72950326e+01 
 1.00000000e+07  5.18607251e+00 -8.73683673e+01 
 1.02305973e+07  4.98855245e+00 -8.74403446e+01 
 1.04665121e+07  4.79101019e+00 -8.75110011e+01 
 1.07078670e+07  4.59344671e+00 -8.75803730e+01 
 1.09547876e+07  4.39586297e+00 -8.76484957e+01 
 1.12074020e+07  4.19825986e+00 -8.77154041e+01 
 1.14658417e+07  4.00063824e+00 -8.77811325e+01 
 1.17302409e+07  3.80299893e+00 -8.78457144e+01 
 1.20007371e+07  3.60534273e+00 -8.79091830e+01 
 1.22774708e+07  3.40767037e+00 -8.79715709e+01 
 1.25605860e+07  3.20998259e+00 -8.80329102e+01 
 1.28502297e+07  3.01228007e+00 -8.80932322e+01 
 1.31465525e+07  2.81456346e+00 -8.81525680e+01 
 1.34497085e+07  2.61683339e+00 -8.82109482e+01 
 1.37598551e+07  2.41909047e+00 -8.82684028e+01 
 1.40771537e+07  2.22133526e+00 -8.83249613e+01 
 1.44017690e+07  2.02356831e+00 -8.83806528e+01 
 1.47338699e+07  1.82579015e+00 -8.84355062e+01 
 1.50736290e+07  1.62800128e+00 -8.84895496e+01 
 1.54212228e+07  1.43020218e+00 -8.85428109e+01 
 1.57768320e+07  1.23239330e+00 -8.85953177e+01 
 1.61406415e+07  1.03457508e+00 -8.86470969e+01 
 1.65128404e+07  8.36747938e-01 -8.86981754e+01 
 1.68936220e+07  6.38912276e-01 -8.87485795e+01 
 1.72831844e+07  4.41068474e-01 -8.87983353e+01 
 1.76817299e+07  2.43216896e-01 -8.88474684e+01 
 1.80894658e+07  4.53578929e-02 -8.88960043e+01 
 1.85066040e+07 -1.52508203e-01 -8.89439681e+01 
 1.89333613e+07 -3.50381072e-01 -8.89913846e+01 
 1.93699595e+07 -5.48260410e-01 -8.90382783e+01 
 1.98166255e+07 -7.46145925e-01 -8.90846735e+01 
 2.02735916e+07 -9.44037339e-01 -8.91305942e+01 
 2.07410951e+07 -1.14193438e+00 -8.91760641e+01 
 2.12193792e+07 -1.33983681e+00 -8.92211069e+01 
 2.17086923e+07 -1.53774436e+00 -8.92657458e+01 
 2.22092889e+07 -1.73565682e+00 -8.93100040e+01 
 2.27214291e+07 -1.93357396e+00 -8.93539043e+01 
 2.32453791e+07 -2.13149556e+00 -8.93974696e+01 
 2.37814113e+07 -2.32942142e+00 -8.94407224e+01 
 2.43298042e+07 -2.52735134e+00 -8.94836852e+01 
 2.48908429e+07 -2.72528515e+00 -8.95263801e+01 
 2.54648190e+07 -2.92322265e+00 -8.95688294e+01 
 2.60520309e+07 -3.12116369e+00 -8.96110550e+01 
 2.66527837e+07 -3.31910809e+00 -8.96530788e+01 
 2.72673897e+07 -3.51705570e+00 -8.96949226e+01 
 2.78961683e+07 -3.71500637e+00 -8.97366082e+01 
 2.85394464e+07 -3.91295995e+00 -8.97781571e+01 
 2.91975583e+07 -4.11091631e+00 -8.98195908e+01 
 2.98708461e+07 -4.30887532e+00 -8.98609309e+01 
 3.05596598e+07 -4.50683685e+00 -8.99021988e+01 
 3.12643573e+07 -4.70480077e+00 -8.99434160e+01 
 3.19853049e+07 -4.90276698e+00 -8.99846037e+01 
 3.27228774e+07 -5.10073536e+00 -9.00257833e+01 
 3.34774581e+07 -5.29870580e+00 -9.00669762e+01 
 3.42494392e+07 -5.49667821e+00 -9.01082038e+01 
 3.50392221e+07 -5.69465247e+00 -9.01494874e+01 
 3.58472171e+07 -5.89262851e+00 -9.01908485e+01 
 3.66738442e+07 -6.09060622e+00 -9.02323085e+01 
 3.75195331e+07 -6.28858552e+00 -9.02738888e+01 
 3.83847234e+07 -6.48656633e+00 -9.03156111e+01 
 3.92698648e+07 -6.68454856e+00 -9.03574970e+01 
 4.01754173e+07 -6.88253214e+00 -9.03995682e+01 
 4.11018515e+07 -7.08051698e+00 -9.04418464e+01 
 4.20496491e+07 -7.27850303e+00 -9.04843537e+01 
 4.30193027e+07 -7.47649020e+00 -9.05271120e+01 
 4.40113162e+07 -7.67447843e+00 -9.05701435e+01 
 4.50262052e+07 -7.87246765e+00 -9.06134704e+01 
 4.60644974e+07 -8.07045780e+00 -9.06571153e+01 
 4.71267322e+07 -8.26844882e+00 -9.07011007e+01 
 4.82134619e+07 -8.46644065e+00 -9.07454495e+01 
 4.93252513e+07 -8.66443322e+00 -9.07901844e+01 
 5.04626783e+07 -8.86242649e+00 -9.08353288e+01 
 5.16263340e+07 -9.06042039e+00 -9.08809060e+01 
 5.28168234e+07 -9.25841487e+00 -9.09269395e+01 
 5.40347650e+07 -9.45640988e+00 -9.09734532e+01 
 5.52807921e+07 -9.65440537e+00 -9.10204711e+01 
 5.65555523e+07 -9.85240128e+00 -9.10680175e+01 
 5.78597080e+07 -1.00503976e+01 -9.11161170e+01 
 5.91939372e+07 -1.02483942e+01 -9.11647945e+01 
 6.05589334e+07 -1.04463911e+01 -9.12140750e+01 
 6.19554061e+07 -1.06443882e+01 -9.12639841e+01 
 6.33840810e+07 -1.08423855e+01 -9.13145474e+01 
 6.48457008e+07 -1.10403829e+01 -9.13657911e+01 
 6.63410251e+07 -1.12383804e+01 -9.14177416e+01 
 6.78708313e+07 -1.14363780e+01 -9.14704257e+01 
 6.94359143e+07 -1.16343755e+01 -9.15238705e+01 
 7.10370877e+07 -1.18323730e+01 -9.15781035e+01 
 7.26751838e+07 -1.20303704e+01 -9.16331526e+01 
 7.43510539e+07 -1.22283676e+01 -9.16890462e+01 
 7.60655691e+07 -1.24263646e+01 -9.17458131e+01 
 7.78196206e+07 -1.26243613e+01 -9.18034823e+01 
 7.96141200e+07 -1.28223578e+01 -9.18620835e+01 
 8.14500001e+07 -1.30203539e+01 -9.19216467e+01 
 8.33282151e+07 -1.32183496e+01 -9.19822026e+01 
 8.52497412e+07 -1.34163448e+01 -9.20437822e+01 
 8.72155772e+07 -1.36143395e+01 -9.21064169e+01 
 8.92267449e+07 -1.38123336e+01 -9.21701388e+01 
 9.12842895e+07 -1.40103271e+01 -9.22349806e+01 
 9.33892805e+07 -1.42083200e+01 -9.23009753e+01 
 9.55428121e+07 -1.44063120e+01 -9.23681567e+01 
 9.77460036e+07 -1.46043033e+01 -9.24365590e+01 
 1.00000000e+08 -1.48022936e+01 -9.25062170e+01 
 1.02305973e+08 -1.50002831e+01 -9.25771662e+01 
 1.04665121e+08 -1.51982715e+01 -9.26494426e+01 
 1.07078670e+08 -1.53962588e+01 -9.27230830e+01 
 1.09547876e+08 -1.55942449e+01 -9.27981248e+01 
 1.12074020e+08 -1.57922298e+01 -9.28746058e+01 
 1.14658417e+08 -1.59902134e+01 -9.29525649e+01 
 1.17302409e+08 -1.61881956e+01 -9.30320414e+01 
 1.20007371e+08 -1.63861762e+01 -9.31130754e+01 
 1.22774708e+08 -1.65841553e+01 -9.31957077e+01 
 1.25605860e+08 -1.67821326e+01 -9.32799799e+01 
 1.28502297e+08 -1.69801082e+01 -9.33659344e+01 
 1.31465525e+08 -1.71780818e+01 -9.34536141e+01 
 1.34497085e+08 -1.73760534e+01 -9.35430630e+01 
 1.37598551e+08 -1.75740228e+01 -9.36343257e+01 
 1.40771537e+08 -1.77719900e+01 -9.37274478e+01 
 1.44017690e+08 -1.79699547e+01 -9.38224755e+01 
 1.47338699e+08 -1.81679169e+01 -9.39194560e+01 
 1.50736290e+08 -1.83658763e+01 -9.40184374e+01 
 1.54212228e+08 -1.85638329e+01 -9.41194685e+01 
 1.57768320e+08 -1.87617865e+01 -9.42225992e+01 
 1.61406415e+08 -1.89597368e+01 -9.43278802e+01 
 1.65128404e+08 -1.91576838e+01 -9.44353629e+01 
 1.68936220e+08 -1.93556271e+01 -9.45451001e+01 
 1.72831844e+08 -1.95535666e+01 -9.46571452e+01 
 1.76817299e+08 -1.97515021e+01 -9.47715525e+01 
 1.80894658e+08 -1.99494333e+01 -9.48883776e+01 
 1.85066040e+08 -2.01473600e+01 -9.50076767e+01 
 1.89333613e+08 -2.03452819e+01 -9.51295073e+01 
 1.93699595e+08 -2.05431986e+01 -9.52539277e+01 
 1.98166255e+08 -2.07411100e+01 -9.53809972e+01 
 2.02735916e+08 -2.09390157e+01 -9.55107764e+01 
 2.07410951e+08 -2.11369154e+01 -9.56433264e+01 
 2.12193792e+08 -2.13348086e+01 -9.57787099e+01 
 2.17086923e+08 -2.15326950e+01 -9.59169902e+01 
 2.22092889e+08 -2.17305741e+01 -9.60582318e+01 
 2.27214291e+08 -2.19284456e+01 -9.62025003e+01 
 2.32453791e+08 -2.21263090e+01 -9.63498622e+01 
 2.37814113e+08 -2.23241637e+01 -9.65003851e+01 
 2.43298042e+08 -2.25220092e+01 -9.66541377e+01 
 2.48908429e+08 -2.27198449e+01 -9.68111897e+01 
 2.54648190e+08 -2.29176702e+01 -9.69716117e+01 
 2.60520309e+08 -2.31154845e+01 -9.71354754e+01 
 2.66527837e+08 -2.33132871e+01 -9.73028537e+01 
 2.72673897e+08 -2.35110771e+01 -9.74738201e+01 
 2.78961683e+08 -2.37088538e+01 -9.76484494e+01 
 2.85394464e+08 -2.39066163e+01 -9.78268173e+01 
 2.91975583e+08 -2.41043637e+01 -9.80090003e+01 
 2.98708461e+08 -2.43020950e+01 -9.81950760e+01 
 3.05596598e+08 -2.44998091e+01 -9.83851228e+01 
 3.12643573e+08 -2.46975049e+01 -9.85792200e+01 
 3.19853049e+08 -2.48951812e+01 -9.87774476e+01 
 3.27228774e+08 -2.50928366e+01 -9.89798867e+01 
 3.34774581e+08 -2.52904697e+01 -9.91866187e+01 
 3.42494392e+08 -2.54880791e+01 -9.93977261e+01 
 3.50392221e+08 -2.56856630e+01 -9.96132920e+01 
 3.58472171e+08 -2.58832198e+01 -9.98333998e+01 
 3.66738442e+08 -2.60807476e+01 -1.00058134e+02 
 3.75195331e+08 -2.62782444e+01 -1.00287579e+02 
 3.83847234e+08 -2.64757080e+01 -1.00521820e+02 
 3.92698648e+08 -2.66731361e+01 -1.00760942e+02 
 4.01754173e+08 -2.68705262e+01 -1.01005031e+02 
 4.11018515e+08 -2.70678757e+01 -1.01254173e+02 
 4.20496491e+08 -2.72651817e+01 -1.01508454e+02 
 4.30193027e+08 -2.74624411e+01 -1.01767959e+02 
 4.40113162e+08 -2.76596506e+01 -1.02032775e+02 
 4.50262052e+08 -2.78568067e+01 -1.02302988e+02 
 4.60644974e+08 -2.80539056e+01 -1.02578681e+02 
 4.71267322e+08 -2.82509431e+01 -1.02859942e+02 
 4.82134619e+08 -2.84479150e+01 -1.03146852e+02 
 4.93252513e+08 -2.86448165e+01 -1.03439497e+02 
 5.04626783e+08 -2.88416426e+01 -1.03737959e+02 
 5.16263340e+08 -2.90383879e+01 -1.04042320e+02 
 5.28168234e+08 -2.92350465e+01 -1.04352660e+02 
 5.40347650e+08 -2.94316124e+01 -1.04669058e+02 
 5.52807921e+08 -2.96280788e+01 -1.04991593e+02 
 5.65555523e+08 -2.98244387e+01 -1.05320340e+02 
 5.78597080e+08 -3.00206845e+01 -1.05655374e+02 
 5.91939372e+08 -3.02168080e+01 -1.05996767e+02 
 6.05589334e+08 -3.04128006e+01 -1.06344590e+02 
 6.19554061e+08 -3.06086529e+01 -1.06698910e+02 
 6.33840810e+08 -3.08043550e+01 -1.07059793e+02 
 6.48457008e+08 -3.09998965e+01 -1.07427301e+02 
 6.63410251e+08 -3.11952659e+01 -1.07801494e+02 
 6.78708313e+08 -3.13904513e+01 -1.08182428e+02 
 6.94359143e+08 -3.15854400e+01 -1.08570156e+02 
 7.10370877e+08 -3.17802182e+01 -1.08964728e+02 
 7.26751838e+08 -3.19747715e+01 -1.09366190e+02 
 7.43510539e+08 -3.21690847e+01 -1.09774582e+02 
 7.60655691e+08 -3.23631413e+01 -1.10189944e+02 
 7.78196206e+08 -3.25569241e+01 -1.10612307e+02 
 7.96141200e+08 -3.27504148e+01 -1.11041701e+02 
 8.14500001e+08 -3.29435941e+01 -1.11478150e+02 
 8.33282151e+08 -3.31364415e+01 -1.11921671e+02 
 8.52497412e+08 -3.33289355e+01 -1.12372280e+02 
 8.72155772e+08 -3.35210532e+01 -1.12829983e+02 
 8.92267449e+08 -3.37127708e+01 -1.13294785e+02 
 9.12842895e+08 -3.39040631e+01 -1.13766682e+02 
 9.33892805e+08 -3.40949036e+01 -1.14245666e+02 
 9.55428121e+08 -3.42852645e+01 -1.14731721e+02 
 9.77460036e+08 -3.44751169e+01 -1.15224827e+02 
 1.00000000e+09 -3.46644304e+01 -1.15724957e+02 
 1.02305973e+09 -3.48531733e+01 -1.16232078e+02 
 1.04665121e+09 -3.50413125e+01 -1.16746149e+02 
 1.07078670e+09 -3.52288136e+01 -1.17267124e+02 
 1.09547876e+09 -3.54156410e+01 -1.17794950e+02 
 1.12074020e+09 -3.56017575e+01 -1.18329566e+02 
 1.14658417e+09 -3.57871249e+01 -1.18870906e+02 
 1.17302409e+09 -3.59717035e+01 -1.19418895e+02 
 1.20007371e+09 -3.61554524e+01 -1.19973454e+02 
 1.22774708e+09 -3.63383296e+01 -1.20534492e+02 
 1.25605860e+09 -3.65202918e+01 -1.21101917e+02 
 1.28502297e+09 -3.67012948e+01 -1.21675624e+02 
 1.31465525e+09 -3.68812933e+01 -1.22255506e+02 
 1.34497085e+09 -3.70602411e+01 -1.22841444e+02 
 1.37598551e+09 -3.72380911e+01 -1.23433315e+02 
 1.40771537e+09 -3.74147954e+01 -1.24030988e+02 
 1.44017690e+09 -3.75903058e+01 -1.24634323e+02 
 1.47338699e+09 -3.77645731e+01 -1.25243175e+02 
 1.50736290e+09 -3.79375480e+01 -1.25857390e+02 
 1.54212228e+09 -3.81091810e+01 -1.26476807e+02 
 1.57768320e+09 -3.82794221e+01 -1.27101257e+02 
 1.61406415e+09 -3.84482218e+01 -1.27730565e+02 
 1.65128404e+09 -3.86155305e+01 -1.28364547e+02 
 1.68936220e+09 -3.87812987e+01 -1.29003011e+02 
 1.72831844e+09 -3.89454779e+01 -1.29645760e+02 
 1.76817299e+09 -3.91080197e+01 -1.30292588e+02 
 1.80894658e+09 -3.92688768e+01 -1.30943280e+02 
 1.85066040e+09 -3.94280028e+01 -1.31597616e+02 
 1.89333613e+09 -3.95853524e+01 -1.32255367e+02 
 1.93699595e+09 -3.97408814e+01 -1.32916298e+02 
 1.98166255e+09 -3.98945473e+01 -1.33580165e+02 
 2.02735916e+09 -4.00463089e+01 -1.34246719e+02 
 2.07410951e+09 -4.01961269e+01 -1.34915702e+02 
 2.12193792e+09 -4.03439636e+01 -1.35586850e+02 
 2.17086923e+09 -4.04897837e+01 -1.36259893e+02 
 2.22092889e+09 -4.06335535e+01 -1.36934554e+02 
 2.27214291e+09 -4.07752417e+01 -1.37610549e+02 
 2.32453791e+09 -4.09148193e+01 -1.38287590e+02 
 2.37814113e+09 -4.10522598e+01 -1.38965383e+02 
 2.43298042e+09 -4.11875388e+01 -1.39643629e+02 
 2.48908429e+09 -4.13206346e+01 -1.40322024e+02 
 2.54648190e+09 -4.14515282e+01 -1.41000260e+02 
 2.60520309e+09 -4.15802029e+01 -1.41678026e+02 
 2.66527837e+09 -4.17066448e+01 -1.42355008e+02 
 2.72673897e+09 -4.18308424e+01 -1.43030890e+02 
 2.78961683e+09 -4.19527871e+01 -1.43705354e+02 
 2.85394464e+09 -4.20724726e+01 -1.44378081e+02 
 2.91975583e+09 -4.21898952e+01 -1.45048752e+02 
 2.98708461e+09 -4.23050538e+01 -1.45717048e+02 
 3.05596598e+09 -4.24179496e+01 -1.46382652e+02 
 3.12643573e+09 -4.25285863e+01 -1.47045250e+02 
 3.19853049e+09 -4.26369698e+01 -1.47704529e+02 
 3.27228774e+09 -4.27431083e+01 -1.48360181e+02 
 3.34774581e+09 -4.28470120e+01 -1.49011902e+02 
 3.42494392e+09 -4.29486931e+01 -1.49659396e+02 
 3.50392221e+09 -4.30481659e+01 -1.50302369e+02 
 3.58472171e+09 -4.31454463e+01 -1.50940539e+02 
 3.66738442e+09 -4.32405519e+01 -1.51573627e+02 
 3.75195331e+09 -4.33335020e+01 -1.52201366e+02 
 3.83847234e+09 -4.34243172e+01 -1.52823499e+02 
 3.92698648e+09 -4.35130195e+01 -1.53439778e+02 
 4.01754173e+09 -4.35996322e+01 -1.54049964e+02 
 4.11018515e+09 -4.36841795e+01 -1.54653833e+02 
 4.20496491e+09 -4.37666869e+01 -1.55251172e+02 
 4.30193027e+09 -4.38471805e+01 -1.55841779e+02 
 4.40113162e+09 -4.39256872e+01 -1.56425469e+02 
 4.50262052e+09 -4.40022350e+01 -1.57002067e+02 
 4.60644974e+09 -4.40768519e+01 -1.57571413e+02 
 4.71267322e+09 -4.41495670e+01 -1.58133362e+02 
 4.82134619e+09 -4.42204093e+01 -1.58687785e+02 
 4.93252513e+09 -4.42894086e+01 -1.59234564e+02 
 5.04626783e+09 -4.43565949e+01 -1.59773600e+02 
 5.16263340e+09 -4.44219982e+01 -1.60304806e+02 
 5.28168234e+09 -4.44856490e+01 -1.60828111e+02 
 5.40347650e+09 -4.45475777e+01 -1.61343460e+02 
 5.52807921e+09 -4.46078151e+01 -1.61850812e+02 
 5.65555523e+09 -4.46663917e+01 -1.62350140e+02 
 5.78597080e+09 -4.47233384e+01 -1.62841431e+02 
 5.91939372e+09 -4.47786858e+01 -1.63324688e+02 
 6.05589334e+09 -4.48324646e+01 -1.63799926e+02 
 6.19554061e+09 -4.48847056e+01 -1.64267173e+02 
 6.33840810e+09 -4.49354393e+01 -1.64726473e+02 
 6.48457008e+09 -4.49846964e+01 -1.65177878e+02 
 6.63410251e+09 -4.50325074e+01 -1.65621455e+02 
 6.78708313e+09 -4.50789027e+01 -1.66057281e+02 
 6.94359143e+09 -4.51239127e+01 -1.66485444e+02 
 7.10370877e+09 -4.51675675e+01 -1.66906041e+02 
 7.26751838e+09 -4.52098975e+01 -1.67319182e+02 
 7.43510539e+09 -4.52509325e+01 -1.67724982e+02 
 7.60655691e+09 -4.52907027e+01 -1.68123565e+02 
 7.78196206e+09 -4.53292378e+01 -1.68515066e+02 
 7.96141200e+09 -4.53665676e+01 -1.68899624e+02 
 8.14500001e+09 -4.54027216e+01 -1.69277383e+02 
 8.33282151e+09 -4.54377293e+01 -1.69648498e+02 
 8.52497412e+09 -4.54716202e+01 -1.70013124e+02 
 8.72155772e+09 -4.55044232e+01 -1.70371424e+02 
 8.92267449e+09 -4.55361675e+01 -1.70723564e+02 
 9.12842895e+09 -4.55668820e+01 -1.71069712e+02 
 9.33892805e+09 -4.55965953e+01 -1.71410042e+02 
 9.55428121e+09 -4.56253359e+01 -1.71744729e+02 
 9.77460036e+09 -4.56531322e+01 -1.72073951e+02 
 1.00000000e+10 -4.56800123e+01 -1.72397884e+02 
