 frequency       v(PSRR_dB)     
 1.00000000e-02  4.67987918e+01 
 1.02305973e-02  4.67987918e+01 
 1.04665121e-02  4.67987918e+01 
 1.07078670e-02  4.67987918e+01 
 1.09547876e-02  4.67987918e+01 
 1.12074020e-02  4.67987918e+01 
 1.14658417e-02  4.67987918e+01 
 1.17302409e-02  4.67987918e+01 
 1.20007371e-02  4.67987918e+01 
 1.22774708e-02  4.67987918e+01 
 1.25605860e-02  4.67987918e+01 
 1.28502297e-02  4.67987918e+01 
 1.31465525e-02  4.67987918e+01 
 1.34497085e-02  4.67987918e+01 
 1.37598551e-02  4.67987918e+01 
 1.40771537e-02  4.67987918e+01 
 1.44017690e-02  4.67987918e+01 
 1.47338699e-02  4.67987918e+01 
 1.50736290e-02  4.67987918e+01 
 1.54212228e-02  4.67987918e+01 
 1.57768320e-02  4.67987918e+01 
 1.61406415e-02  4.67987918e+01 
 1.65128404e-02  4.67987918e+01 
 1.68936220e-02  4.67987918e+01 
 1.72831844e-02  4.67987918e+01 
 1.76817299e-02  4.67987918e+01 
 1.80894658e-02  4.67987918e+01 
 1.85066040e-02  4.67987918e+01 
 1.89333613e-02  4.67987918e+01 
 1.93699595e-02  4.67987918e+01 
 1.98166255e-02  4.67987918e+01 
 2.02735916e-02  4.67987918e+01 
 2.07410951e-02  4.67987918e+01 
 2.12193792e-02  4.67987918e+01 
 2.17086923e-02  4.67987918e+01 
 2.22092889e-02  4.67987918e+01 
 2.27214291e-02  4.67987918e+01 
 2.32453791e-02  4.67987918e+01 
 2.37814113e-02  4.67987918e+01 
 2.43298042e-02  4.67987918e+01 
 2.48908429e-02  4.67987918e+01 
 2.54648190e-02  4.67987918e+01 
 2.60520309e-02  4.67987918e+01 
 2.66527837e-02  4.67987918e+01 
 2.72673897e-02  4.67987918e+01 
 2.78961683e-02  4.67987918e+01 
 2.85394464e-02  4.67987918e+01 
 2.91975583e-02  4.67987918e+01 
 2.98708461e-02  4.67987918e+01 
 3.05596598e-02  4.67987918e+01 
 3.12643573e-02  4.67987918e+01 
 3.19853049e-02  4.67987918e+01 
 3.27228774e-02  4.67987918e+01 
 3.34774581e-02  4.67987918e+01 
 3.42494392e-02  4.67987918e+01 
 3.50392221e-02  4.67987918e+01 
 3.58472171e-02  4.67987918e+01 
 3.66738442e-02  4.67987918e+01 
 3.75195331e-02  4.67987918e+01 
 3.83847234e-02  4.67987918e+01 
 3.92698648e-02  4.67987918e+01 
 4.01754173e-02  4.67987918e+01 
 4.11018515e-02  4.67987918e+01 
 4.20496491e-02  4.67987918e+01 
 4.30193027e-02  4.67987918e+01 
 4.40113162e-02  4.67987918e+01 
 4.50262052e-02  4.67987918e+01 
 4.60644974e-02  4.67987918e+01 
 4.71267322e-02  4.67987918e+01 
 4.82134619e-02  4.67987918e+01 
 4.93252513e-02  4.67987918e+01 
 5.04626783e-02  4.67987918e+01 
 5.16263340e-02  4.67987918e+01 
 5.28168234e-02  4.67987918e+01 
 5.40347650e-02  4.67987918e+01 
 5.52807921e-02  4.67987918e+01 
 5.65555523e-02  4.67987918e+01 
 5.78597080e-02  4.67987918e+01 
 5.91939372e-02  4.67987918e+01 
 6.05589334e-02  4.67987918e+01 
 6.19554061e-02  4.67987918e+01 
 6.33840810e-02  4.67987918e+01 
 6.48457008e-02  4.67987918e+01 
 6.63410251e-02  4.67987918e+01 
 6.78708313e-02  4.67987918e+01 
 6.94359143e-02  4.67987918e+01 
 7.10370877e-02  4.67987918e+01 
 7.26751838e-02  4.67987918e+01 
 7.43510539e-02  4.67987918e+01 
 7.60655691e-02  4.67987918e+01 
 7.78196206e-02  4.67987918e+01 
 7.96141200e-02  4.67987918e+01 
 8.14500001e-02  4.67987918e+01 
 8.33282151e-02  4.67987918e+01 
 8.52497412e-02  4.67987918e+01 
 8.72155772e-02  4.67987918e+01 
 8.92267449e-02  4.67987918e+01 
 9.12842895e-02  4.67987918e+01 
 9.33892805e-02  4.67987918e+01 
 9.55428121e-02  4.67987918e+01 
 9.77460036e-02  4.67987918e+01 
 1.00000000e-01  4.67987918e+01 
 1.02305973e-01  4.67987918e+01 
 1.04665121e-01  4.67987918e+01 
 1.07078670e-01  4.67987918e+01 
 1.09547876e-01  4.67987918e+01 
 1.12074020e-01  4.67987918e+01 
 1.14658417e-01  4.67987918e+01 
 1.17302409e-01  4.67987918e+01 
 1.20007371e-01  4.67987918e+01 
 1.22774708e-01  4.67987918e+01 
 1.25605860e-01  4.67987918e+01 
 1.28502297e-01  4.67987918e+01 
 1.31465525e-01  4.67987918e+01 
 1.34497085e-01  4.67987918e+01 
 1.37598551e-01  4.67987918e+01 
 1.40771537e-01  4.67987918e+01 
 1.44017690e-01  4.67987918e+01 
 1.47338699e-01  4.67987918e+01 
 1.50736290e-01  4.67987918e+01 
 1.54212228e-01  4.67987918e+01 
 1.57768320e-01  4.67987918e+01 
 1.61406415e-01  4.67987918e+01 
 1.65128404e-01  4.67987918e+01 
 1.68936220e-01  4.67987918e+01 
 1.72831844e-01  4.67987918e+01 
 1.76817299e-01  4.67987918e+01 
 1.80894658e-01  4.67987918e+01 
 1.85066040e-01  4.67987918e+01 
 1.89333613e-01  4.67987918e+01 
 1.93699595e-01  4.67987918e+01 
 1.98166255e-01  4.67987918e+01 
 2.02735916e-01  4.67987918e+01 
 2.07410951e-01  4.67987918e+01 
 2.12193792e-01  4.67987918e+01 
 2.17086923e-01  4.67987918e+01 
 2.22092889e-01  4.67987918e+01 
 2.27214291e-01  4.67987918e+01 
 2.32453791e-01  4.67987918e+01 
 2.37814113e-01  4.67987918e+01 
 2.43298042e-01  4.67987918e+01 
 2.48908429e-01  4.67987918e+01 
 2.54648190e-01  4.67987918e+01 
 2.60520309e-01  4.67987918e+01 
 2.66527837e-01  4.67987918e+01 
 2.72673897e-01  4.67987918e+01 
 2.78961683e-01  4.67987918e+01 
 2.85394464e-01  4.67987918e+01 
 2.91975583e-01  4.67987918e+01 
 2.98708461e-01  4.67987918e+01 
 3.05596598e-01  4.67987918e+01 
 3.12643573e-01  4.67987918e+01 
 3.19853049e-01  4.67987918e+01 
 3.27228774e-01  4.67987918e+01 
 3.34774581e-01  4.67987918e+01 
 3.42494392e-01  4.67987918e+01 
 3.50392221e-01  4.67987918e+01 
 3.58472171e-01  4.67987918e+01 
 3.66738442e-01  4.67987918e+01 
 3.75195331e-01  4.67987918e+01 
 3.83847234e-01  4.67987918e+01 
 3.92698648e-01  4.67987918e+01 
 4.01754173e-01  4.67987918e+01 
 4.11018515e-01  4.67987918e+01 
 4.20496491e-01  4.67987918e+01 
 4.30193027e-01  4.67987918e+01 
 4.40113162e-01  4.67987918e+01 
 4.50262052e-01  4.67987918e+01 
 4.60644974e-01  4.67987918e+01 
 4.71267322e-01  4.67987918e+01 
 4.82134619e-01  4.67987918e+01 
 4.93252513e-01  4.67987918e+01 
 5.04626783e-01  4.67987918e+01 
 5.16263340e-01  4.67987918e+01 
 5.28168234e-01  4.67987918e+01 
 5.40347650e-01  4.67987918e+01 
 5.52807921e-01  4.67987918e+01 
 5.65555523e-01  4.67987918e+01 
 5.78597080e-01  4.67987918e+01 
 5.91939372e-01  4.67987918e+01 
 6.05589334e-01  4.67987918e+01 
 6.19554061e-01  4.67987918e+01 
 6.33840810e-01  4.67987918e+01 
 6.48457008e-01  4.67987918e+01 
 6.63410251e-01  4.67987918e+01 
 6.78708313e-01  4.67987918e+01 
 6.94359143e-01  4.67987918e+01 
 7.10370877e-01  4.67987918e+01 
 7.26751838e-01  4.67987918e+01 
 7.43510539e-01  4.67987918e+01 
 7.60655691e-01  4.67987918e+01 
 7.78196206e-01  4.67987918e+01 
 7.96141200e-01  4.67987918e+01 
 8.14500001e-01  4.67987918e+01 
 8.33282151e-01  4.67987918e+01 
 8.52497412e-01  4.67987918e+01 
 8.72155772e-01  4.67987918e+01 
 8.92267449e-01  4.67987918e+01 
 9.12842895e-01  4.67987918e+01 
 9.33892805e-01  4.67987918e+01 
 9.55428121e-01  4.67987918e+01 
 9.77460036e-01  4.67987918e+01 
 1.00000000e+00  4.67987918e+01 
 1.02305973e+00  4.67987918e+01 
 1.04665121e+00  4.67987918e+01 
 1.07078670e+00  4.67987918e+01 
 1.09547876e+00  4.67987918e+01 
 1.12074020e+00  4.67987918e+01 
 1.14658417e+00  4.67987918e+01 
 1.17302409e+00  4.67987918e+01 
 1.20007371e+00  4.67987918e+01 
 1.22774708e+00  4.67987918e+01 
 1.25605860e+00  4.67987918e+01 
 1.28502297e+00  4.67987918e+01 
 1.31465525e+00  4.67987918e+01 
 1.34497085e+00  4.67987918e+01 
 1.37598551e+00  4.67987918e+01 
 1.40771537e+00  4.67987918e+01 
 1.44017690e+00  4.67987918e+01 
 1.47338699e+00  4.67987918e+01 
 1.50736290e+00  4.67987918e+01 
 1.54212228e+00  4.67987918e+01 
 1.57768320e+00  4.67987918e+01 
 1.61406415e+00  4.67987918e+01 
 1.65128404e+00  4.67987918e+01 
 1.68936220e+00  4.67987918e+01 
 1.72831844e+00  4.67987918e+01 
 1.76817299e+00  4.67987918e+01 
 1.80894658e+00  4.67987918e+01 
 1.85066040e+00  4.67987918e+01 
 1.89333613e+00  4.67987918e+01 
 1.93699595e+00  4.67987918e+01 
 1.98166255e+00  4.67987918e+01 
 2.02735916e+00  4.67987918e+01 
 2.07410951e+00  4.67987918e+01 
 2.12193792e+00  4.67987918e+01 
 2.17086923e+00  4.67987918e+01 
 2.22092889e+00  4.67987918e+01 
 2.27214291e+00  4.67987918e+01 
 2.32453791e+00  4.67987918e+01 
 2.37814113e+00  4.67987918e+01 
 2.43298042e+00  4.67987918e+01 
 2.48908429e+00  4.67987918e+01 
 2.54648190e+00  4.67987918e+01 
 2.60520309e+00  4.67987918e+01 
 2.66527837e+00  4.67987918e+01 
 2.72673897e+00  4.67987918e+01 
 2.78961683e+00  4.67987918e+01 
 2.85394464e+00  4.67987918e+01 
 2.91975583e+00  4.67987918e+01 
 2.98708461e+00  4.67987918e+01 
 3.05596598e+00  4.67987918e+01 
 3.12643573e+00  4.67987918e+01 
 3.19853049e+00  4.67987918e+01 
 3.27228774e+00  4.67987918e+01 
 3.34774581e+00  4.67987918e+01 
 3.42494392e+00  4.67987918e+01 
 3.50392221e+00  4.67987918e+01 
 3.58472171e+00  4.67987918e+01 
 3.66738442e+00  4.67987918e+01 
 3.75195331e+00  4.67987918e+01 
 3.83847234e+00  4.67987918e+01 
 3.92698648e+00  4.67987918e+01 
 4.01754173e+00  4.67987918e+01 
 4.11018515e+00  4.67987918e+01 
 4.20496491e+00  4.67987918e+01 
 4.30193027e+00  4.67987918e+01 
 4.40113162e+00  4.67987918e+01 
 4.50262052e+00  4.67987918e+01 
 4.60644974e+00  4.67987918e+01 
 4.71267322e+00  4.67987918e+01 
 4.82134619e+00  4.67987918e+01 
 4.93252513e+00  4.67987918e+01 
 5.04626783e+00  4.67987918e+01 
 5.16263340e+00  4.67987918e+01 
 5.28168234e+00  4.67987918e+01 
 5.40347650e+00  4.67987918e+01 
 5.52807921e+00  4.67987918e+01 
 5.65555523e+00  4.67987918e+01 
 5.78597080e+00  4.67987918e+01 
 5.91939372e+00  4.67987918e+01 
 6.05589334e+00  4.67987918e+01 
 6.19554061e+00  4.67987918e+01 
 6.33840810e+00  4.67987918e+01 
 6.48457008e+00  4.67987918e+01 
 6.63410251e+00  4.67987918e+01 
 6.78708313e+00  4.67987918e+01 
 6.94359143e+00  4.67987918e+01 
 7.10370877e+00  4.67987918e+01 
 7.26751838e+00  4.67987918e+01 
 7.43510539e+00  4.67987918e+01 
 7.60655691e+00  4.67987918e+01 
 7.78196206e+00  4.67987918e+01 
 7.96141200e+00  4.67987918e+01 
 8.14500001e+00  4.67987918e+01 
 8.33282151e+00  4.67987918e+01 
 8.52497412e+00  4.67987918e+01 
 8.72155772e+00  4.67987918e+01 
 8.92267449e+00  4.67987918e+01 
 9.12842895e+00  4.67987917e+01 
 9.33892805e+00  4.67987917e+01 
 9.55428121e+00  4.67987917e+01 
 9.77460036e+00  4.67987917e+01 
 1.00000000e+01  4.67987917e+01 
 1.02305973e+01  4.67987917e+01 
 1.04665121e+01  4.67987917e+01 
 1.07078670e+01  4.67987917e+01 
 1.09547876e+01  4.67987917e+01 
 1.12074020e+01  4.67987917e+01 
 1.14658417e+01  4.67987917e+01 
 1.17302409e+01  4.67987917e+01 
 1.20007371e+01  4.67987917e+01 
 1.22774708e+01  4.67987917e+01 
 1.25605860e+01  4.67987917e+01 
 1.28502297e+01  4.67987917e+01 
 1.31465525e+01  4.67987917e+01 
 1.34497085e+01  4.67987917e+01 
 1.37598551e+01  4.67987917e+01 
 1.40771537e+01  4.67987917e+01 
 1.44017690e+01  4.67987916e+01 
 1.47338699e+01  4.67987916e+01 
 1.50736290e+01  4.67987916e+01 
 1.54212228e+01  4.67987916e+01 
 1.57768320e+01  4.67987916e+01 
 1.61406415e+01  4.67987916e+01 
 1.65128404e+01  4.67987916e+01 
 1.68936220e+01  4.67987916e+01 
 1.72831844e+01  4.67987916e+01 
 1.76817299e+01  4.67987916e+01 
 1.80894658e+01  4.67987915e+01 
 1.85066040e+01  4.67987915e+01 
 1.89333613e+01  4.67987915e+01 
 1.93699595e+01  4.67987915e+01 
 1.98166255e+01  4.67987915e+01 
 2.02735916e+01  4.67987915e+01 
 2.07410951e+01  4.67987915e+01 
 2.12193792e+01  4.67987914e+01 
 2.17086923e+01  4.67987914e+01 
 2.22092889e+01  4.67987914e+01 
 2.27214291e+01  4.67987914e+01 
 2.32453791e+01  4.67987914e+01 
 2.37814113e+01  4.67987913e+01 
 2.43298042e+01  4.67987913e+01 
 2.48908429e+01  4.67987913e+01 
 2.54648190e+01  4.67987913e+01 
 2.60520309e+01  4.67987912e+01 
 2.66527837e+01  4.67987912e+01 
 2.72673897e+01  4.67987912e+01 
 2.78961683e+01  4.67987912e+01 
 2.85394464e+01  4.67987911e+01 
 2.91975583e+01  4.67987911e+01 
 2.98708461e+01  4.67987911e+01 
 3.05596598e+01  4.67987910e+01 
 3.12643573e+01  4.67987910e+01 
 3.19853049e+01  4.67987910e+01 
 3.27228774e+01  4.67987909e+01 
 3.34774581e+01  4.67987909e+01 
 3.42494392e+01  4.67987908e+01 
 3.50392221e+01  4.67987908e+01 
 3.58472171e+01  4.67987907e+01 
 3.66738442e+01  4.67987907e+01 
 3.75195331e+01  4.67987906e+01 
 3.83847234e+01  4.67987906e+01 
 3.92698648e+01  4.67987905e+01 
 4.01754173e+01  4.67987905e+01 
 4.11018515e+01  4.67987904e+01 
 4.20496491e+01  4.67987903e+01 
 4.30193027e+01  4.67987903e+01 
 4.40113162e+01  4.67987902e+01 
 4.50262052e+01  4.67987901e+01 
 4.60644974e+01  4.67987900e+01 
 4.71267322e+01  4.67987900e+01 
 4.82134619e+01  4.67987899e+01 
 4.93252513e+01  4.67987898e+01 
 5.04626783e+01  4.67987897e+01 
 5.16263340e+01  4.67987896e+01 
 5.28168234e+01  4.67987895e+01 
 5.40347650e+01  4.67987894e+01 
 5.52807921e+01  4.67987893e+01 
 5.65555523e+01  4.67987891e+01 
 5.78597080e+01  4.67987890e+01 
 5.91939372e+01  4.67987889e+01 
 6.05589334e+01  4.67987887e+01 
 6.19554061e+01  4.67987886e+01 
 6.33840810e+01  4.67987885e+01 
 6.48457008e+01  4.67987883e+01 
 6.63410251e+01  4.67987881e+01 
 6.78708313e+01  4.67987880e+01 
 6.94359143e+01  4.67987878e+01 
 7.10370877e+01  4.67987876e+01 
 7.26751838e+01  4.67987874e+01 
 7.43510539e+01  4.67987872e+01 
 7.60655691e+01  4.67987870e+01 
 7.78196206e+01  4.67987867e+01 
 7.96141200e+01  4.67987865e+01 
 8.14500001e+01  4.67987863e+01 
 8.33282151e+01  4.67987860e+01 
 8.52497412e+01  4.67987857e+01 
 8.72155772e+01  4.67987854e+01 
 8.92267449e+01  4.67987851e+01 
 9.12842895e+01  4.67987848e+01 
 9.33892805e+01  4.67987845e+01 
 9.55428121e+01  4.67987842e+01 
 9.77460036e+01  4.67987838e+01 
 1.00000000e+02  4.67987834e+01 
 1.02305973e+02  4.67987830e+01 
 1.04665121e+02  4.67987826e+01 
 1.07078670e+02  4.67987822e+01 
 1.09547876e+02  4.67987818e+01 
 1.12074020e+02  4.67987813e+01 
 1.14658417e+02  4.67987808e+01 
 1.17302409e+02  4.67987803e+01 
 1.20007371e+02  4.67987798e+01 
 1.22774708e+02  4.67987792e+01 
 1.25605860e+02  4.67987786e+01 
 1.28502297e+02  4.67987780e+01 
 1.31465525e+02  4.67987773e+01 
 1.34497085e+02  4.67987767e+01 
 1.37598551e+02  4.67987760e+01 
 1.40771537e+02  4.67987752e+01 
 1.44017690e+02  4.67987744e+01 
 1.47338699e+02  4.67987736e+01 
 1.50736290e+02  4.67987728e+01 
 1.54212228e+02  4.67987719e+01 
 1.57768320e+02  4.67987710e+01 
 1.61406415e+02  4.67987700e+01 
 1.65128404e+02  4.67987690e+01 
 1.68936220e+02  4.67987679e+01 
 1.72831844e+02  4.67987668e+01 
 1.76817299e+02  4.67987656e+01 
 1.80894658e+02  4.67987644e+01 
 1.85066040e+02  4.67987631e+01 
 1.89333613e+02  4.67987618e+01 
 1.93699595e+02  4.67987604e+01 
 1.98166255e+02  4.67987589e+01 
 2.02735916e+02  4.67987574e+01 
 2.07410951e+02  4.67987558e+01 
 2.12193792e+02  4.67987541e+01 
 2.17086923e+02  4.67987523e+01 
 2.22092889e+02  4.67987505e+01 
 2.27214291e+02  4.67987486e+01 
 2.32453791e+02  4.67987465e+01 
 2.37814113e+02  4.67987444e+01 
 2.43298042e+02  4.67987422e+01 
 2.48908429e+02  4.67987399e+01 
 2.54648190e+02  4.67987375e+01 
 2.60520309e+02  4.67987350e+01 
 2.66527837e+02  4.67987323e+01 
 2.72673897e+02  4.67987295e+01 
 2.78961683e+02  4.67987266e+01 
 2.85394464e+02  4.67987236e+01 
 2.91975583e+02  4.67987204e+01 
 2.98708461e+02  4.67987171e+01 
 3.05596598e+02  4.67987136e+01 
 3.12643573e+02  4.67987099e+01 
 3.19853049e+02  4.67987061e+01 
 3.27228774e+02  4.67987021e+01 
 3.34774581e+02  4.67986979e+01 
 3.42494392e+02  4.67986935e+01 
 3.50392221e+02  4.67986890e+01 
 3.58472171e+02  4.67986842e+01 
 3.66738442e+02  4.67986791e+01 
 3.75195331e+02  4.67986739e+01 
 3.83847234e+02  4.67986684e+01 
 3.92698648e+02  4.67986626e+01 
 4.01754173e+02  4.67986566e+01 
 4.11018515e+02  4.67986503e+01 
 4.20496491e+02  4.67986437e+01 
 4.30193027e+02  4.67986368e+01 
 4.40113162e+02  4.67986295e+01 
 4.50262052e+02  4.67986220e+01 
 4.60644974e+02  4.67986140e+01 
 4.71267322e+02  4.67986057e+01 
 4.82134619e+02  4.67985971e+01 
 4.93252513e+02  4.67985880e+01 
 5.04626783e+02  4.67985785e+01 
 5.16263340e+02  4.67985685e+01 
 5.28168234e+02  4.67985581e+01 
 5.40347650e+02  4.67985472e+01 
 5.52807921e+02  4.67985358e+01 
 5.65555523e+02  4.67985238e+01 
 5.78597080e+02  4.67985113e+01 
 5.91939372e+02  4.67984983e+01 
 6.05589334e+02  4.67984846e+01 
 6.19554061e+02  4.67984702e+01 
 6.33840810e+02  4.67984552e+01 
 6.48457008e+02  4.67984395e+01 
 6.63410251e+02  4.67984231e+01 
 6.78708313e+02  4.67984059e+01 
 6.94359143e+02  4.67983879e+01 
 7.10370877e+02  4.67983690e+01 
 7.26751838e+02  4.67983493e+01 
 7.43510539e+02  4.67983287e+01 
 7.60655691e+02  4.67983071e+01 
 7.78196206e+02  4.67982845e+01 
 7.96141200e+02  4.67982608e+01 
 8.14500001e+02  4.67982360e+01 
 8.33282151e+02  4.67982101e+01 
 8.52497412e+02  4.67981830e+01 
 8.72155772e+02  4.67981546e+01 
 8.92267449e+02  4.67981248e+01 
 9.12842895e+02  4.67980937e+01 
 9.33892805e+02  4.67980611e+01 
 9.55428121e+02  4.67980271e+01 
 9.77460036e+02  4.67979914e+01 
 1.00000000e+03  4.67979541e+01 
 1.02305973e+03  4.67979150e+01 
 1.04665121e+03  4.67978741e+01 
 1.07078670e+03  4.67978313e+01 
 1.09547876e+03  4.67977865e+01 
 1.12074020e+03  4.67977396e+01 
 1.14658417e+03  4.67976905e+01 
 1.17302409e+03  4.67976391e+01 
 1.20007371e+03  4.67975853e+01 
 1.22774708e+03  4.67975291e+01 
 1.25605860e+03  4.67974702e+01 
 1.28502297e+03  4.67974085e+01 
 1.31465525e+03  4.67973440e+01 
 1.34497085e+03  4.67972765e+01 
 1.37598551e+03  4.67972058e+01 
 1.40771537e+03  4.67971318e+01 
 1.44017690e+03  4.67970544e+01 
 1.47338699e+03  4.67969734e+01 
 1.50736290e+03  4.67968886e+01 
 1.54212228e+03  4.67967998e+01 
 1.57768320e+03  4.67967069e+01 
 1.61406415e+03  4.67966096e+01 
 1.65128404e+03  4.67965079e+01 
 1.68936220e+03  4.67964014e+01 
 1.72831844e+03  4.67962899e+01 
 1.76817299e+03  4.67961732e+01 
 1.80894658e+03  4.67960511e+01 
 1.85066040e+03  4.67959233e+01 
 1.89333613e+03  4.67957895e+01 
 1.93699595e+03  4.67956495e+01 
 1.98166255e+03  4.67955029e+01 
 2.02735916e+03  4.67953496e+01 
 2.07410951e+03  4.67951891e+01 
 2.12193792e+03  4.67950211e+01 
 2.17086923e+03  4.67948453e+01 
 2.22092889e+03  4.67946612e+01 
 2.27214291e+03  4.67944686e+01 
 2.32453791e+03  4.67942671e+01 
 2.37814113e+03  4.67940561e+01 
 2.43298042e+03  4.67938353e+01 
 2.48908429e+03  4.67936043e+01 
 2.54648190e+03  4.67933624e+01 
 2.60520309e+03  4.67931093e+01 
 2.66527837e+03  4.67928444e+01 
 2.72673897e+03  4.67925672e+01 
 2.78961683e+03  4.67922770e+01 
 2.85394464e+03  4.67919734e+01 
 2.91975583e+03  4.67916556e+01 
 2.98708461e+03  4.67913229e+01 
 3.05596598e+03  4.67909749e+01 
 3.12643573e+03  4.67906106e+01 
 3.19853049e+03  4.67902293e+01 
 3.27228774e+03  4.67898303e+01 
 3.34774581e+03  4.67894127e+01 
 3.42494392e+03  4.67889757e+01 
 3.50392221e+03  4.67885184e+01 
 3.58472171e+03  4.67880398e+01 
 3.66738442e+03  4.67875389e+01 
 3.75195331e+03  4.67870147e+01 
 3.83847234e+03  4.67864661e+01 
 3.92698648e+03  4.67858920e+01 
 4.01754173e+03  4.67852913e+01 
 4.11018515e+03  4.67846626e+01 
 4.20496491e+03  4.67840046e+01 
 4.30193027e+03  4.67833161e+01 
 4.40113162e+03  4.67825957e+01 
 4.50262052e+03  4.67818417e+01 
 4.60644974e+03  4.67810527e+01 
 4.71267322e+03  4.67802271e+01 
 4.82134619e+03  4.67793631e+01 
 4.93252513e+03  4.67784591e+01 
 5.04626783e+03  4.67775131e+01 
 5.16263340e+03  4.67765231e+01 
 5.28168234e+03  4.67754873e+01 
 5.40347650e+03  4.67744035e+01 
 5.52807921e+03  4.67732694e+01 
 5.65555523e+03  4.67720827e+01 
 5.78597080e+03  4.67708410e+01 
 5.91939372e+03  4.67695419e+01 
 6.05589334e+03  4.67681826e+01 
 6.19554061e+03  4.67667604e+01 
 6.33840810e+03  4.67652723e+01 
 6.48457008e+03  4.67637155e+01 
 6.63410251e+03  4.67620867e+01 
 6.78708313e+03  4.67603826e+01 
 6.94359143e+03  4.67585997e+01 
 7.10370877e+03  4.67567346e+01 
 7.26751838e+03  4.67547834e+01 
 7.43510539e+03  4.67527422e+01 
 7.60655691e+03  4.67506069e+01 
 7.78196206e+03  4.67483732e+01 
 7.96141200e+03  4.67460366e+01 
 8.14500001e+03  4.67435925e+01 
 8.33282151e+03  4.67410360e+01 
 8.52497412e+03  4.67383620e+01 
 8.72155772e+03  4.67355652e+01 
 8.92267449e+03  4.67326400e+01 
 9.12842895e+03  4.67295806e+01 
 9.33892805e+03  4.67263810e+01 
 9.55428121e+03  4.67230349e+01 
 9.77460036e+03  4.67195358e+01 
 1.00000000e+04  4.67158767e+01 
 1.02305973e+04  4.67120505e+01 
 1.04665121e+04  4.67080497e+01 
 1.07078670e+04  4.67038666e+01 
 1.09547876e+04  4.66994931e+01 
 1.12074020e+04  4.66949206e+01 
 1.14658417e+04  4.66901405e+01 
 1.17302409e+04  4.66851436e+01 
 1.20007371e+04  4.66799203e+01 
 1.22774708e+04  4.66744606e+01 
 1.25605860e+04  4.66687542e+01 
 1.28502297e+04  4.66627905e+01 
 1.31465525e+04  4.66565580e+01 
 1.34497085e+04  4.66500453e+01 
 1.37598551e+04  4.66432401e+01 
 1.40771537e+04  4.66361300e+01 
 1.44017690e+04  4.66287018e+01 
 1.47338699e+04  4.66209419e+01 
 1.50736290e+04  4.66128361e+01 
 1.54212228e+04  4.66043700e+01 
 1.57768320e+04  4.65955281e+01 
 1.61406415e+04  4.65862948e+01 
 1.65128404e+04  4.65766538e+01 
 1.68936220e+04  4.65665880e+01 
 1.72831844e+04  4.65560798e+01 
 1.76817299e+04  4.65451112e+01 
 1.80894658e+04  4.65336633e+01 
 1.85066040e+04  4.65217166e+01 
 1.89333613e+04  4.65092509e+01 
 1.93699595e+04  4.64962456e+01 
 1.98166255e+04  4.64826791e+01 
 2.02735916e+04  4.64685293e+01 
 2.07410951e+04  4.64537732e+01 
 2.12193792e+04  4.64383874e+01 
 2.17086923e+04  4.64223475e+01 
 2.22092889e+04  4.64056287e+01 
 2.27214291e+04  4.63882051e+01 
 2.32453791e+04  4.63700505e+01 
 2.37814113e+04  4.63511376e+01 
 2.43298042e+04  4.63314388e+01 
 2.48908429e+04  4.63109255e+01 
 2.54648190e+04  4.62895685e+01 
 2.60520309e+04  4.62673380e+01 
 2.66527837e+04  4.62442036e+01 
 2.72673897e+04  4.62201340e+01 
 2.78961683e+04  4.61950976e+01 
 2.85394464e+04  4.61690620e+01 
 2.91975583e+04  4.61419945e+01 
 2.98708461e+04  4.61138615e+01 
 3.05596598e+04  4.60846293e+01 
 3.12643573e+04  4.60542637e+01 
 3.19853049e+04  4.60227298e+01 
 3.27228774e+04  4.59899928e+01 
 3.34774581e+04  4.59560173e+01 
 3.42494392e+04  4.59207678e+01 
 3.50392221e+04  4.58842088e+01 
 3.58472171e+04  4.58463045e+01 
 3.66738442e+04  4.58070192e+01 
 3.75195331e+04  4.57663172e+01 
 3.83847234e+04  4.57241630e+01 
 3.92698648e+04  4.56805213e+01 
 4.01754173e+04  4.56353573e+01 
 4.11018515e+04  4.55886364e+01 
 4.20496491e+04  4.55403246e+01 
 4.30193027e+04  4.54903886e+01 
 4.40113162e+04  4.54387957e+01 
 4.50262052e+04  4.53855141e+01 
 4.60644974e+04  4.53305129e+01 
 4.71267322e+04  4.52737622e+01 
 4.82134619e+04  4.52152334e+01 
 4.93252513e+04  4.51548988e+01 
 5.04626783e+04  4.50927325e+01 
 5.16263340e+04  4.50287096e+01 
 5.28168234e+04  4.49628071e+01 
 5.40347650e+04  4.48950033e+01 
 5.52807921e+04  4.48252784e+01 
 5.65555523e+04  4.47536144e+01 
 5.78597080e+04  4.46799952e+01 
 5.91939372e+04  4.46044066e+01 
 6.05589334e+04  4.45268363e+01 
 6.19554061e+04  4.44472742e+01 
 6.33840810e+04  4.43657123e+01 
 6.48457008e+04  4.42821447e+01 
 6.63410251e+04  4.41965677e+01 
 6.78708313e+04  4.41089798e+01 
 6.94359143e+04  4.40193815e+01 
 7.10370877e+04  4.39277758e+01 
 7.26751838e+04  4.38341675e+01 
 7.43510539e+04  4.37385639e+01 
 7.60655691e+04  4.36409742e+01 
 7.78196206e+04  4.35414097e+01 
 7.96141200e+04  4.34398836e+01 
 8.14500001e+04  4.33364112e+01 
 8.33282151e+04  4.32310095e+01 
 8.52497412e+04  4.31236974e+01 
 8.72155772e+04  4.30144954e+01 
 8.92267449e+04  4.29034256e+01 
 9.12842895e+04  4.27905116e+01 
 9.33892805e+04  4.26757783e+01 
 9.55428121e+04  4.25592521e+01 
 9.77460036e+04  4.24409603e+01 
 1.00000000e+05  4.23209313e+01 
 1.02305973e+05  4.21991947e+01 
 1.04665121e+05  4.20757808e+01 
 1.07078670e+05  4.19507206e+01 
 1.09547876e+05  4.18240459e+01 
 1.12074020e+05  4.16957890e+01 
 1.14658417e+05  4.15659830e+01 
 1.17302409e+05  4.14346614e+01 
 1.20007371e+05  4.13018582e+01 
 1.22774708e+05  4.11676079e+01 
 1.25605860e+05  4.10319456e+01 
 1.28502297e+05  4.08949069e+01 
 1.31465525e+05  4.07565282e+01 
 1.34497085e+05  4.06168466e+01 
 1.37598551e+05  4.04759004e+01 
 1.40771537e+05  4.03337288e+01 
 1.44017690e+05  4.01903725e+01 
 1.47338699e+05  4.00458741e+01 
 1.50736290e+05  3.99002782e+01 
 1.54212228e+05  3.97536320e+01 
 1.57768320e+05  3.96059857e+01 
 1.61406415e+05  3.94573932e+01 
 1.65128404e+05  3.93079128e+01 
 1.68936220e+05  3.91576077e+01 
 1.72831844e+05  3.90065472e+01 
 1.76817299e+05  3.88548078e+01 
 1.80894658e+05  3.87024737e+01 
 1.85066040e+05  3.85496387e+01 
 1.89333613e+05  3.83964073e+01 
 1.93699595e+05  3.82428964e+01 
 1.98166255e+05  3.80892368e+01 
 2.02735916e+05  3.79355756e+01 
 2.07410951e+05  3.77820778e+01 
 2.12193792e+05  3.76289288e+01 
 2.17086923e+05  3.74763371e+01 
 2.22092889e+05  3.73245369e+01 
 2.27214291e+05  3.71737910e+01 
 2.32453791e+05  3.70243939e+01 
 2.37814113e+05  3.68766751e+01 
 2.43298042e+05  3.67310026e+01 
 2.48908429e+05  3.65877859e+01 
 2.54648190e+05  3.64474797e+01 
 2.60520309e+05  3.63105873e+01 
 2.66527837e+05  3.61776629e+01 
 2.72673897e+05  3.60493144e+01 
 2.78961683e+05  3.59262052e+01 
 2.85394464e+05  3.58090545e+01 
 2.91975583e+05  3.56986373e+01 
 2.98708461e+05  3.55957819e+01 
 3.05596598e+05  3.55013663e+01 
 3.12643573e+05  3.54163115e+01 
 3.19853049e+05  3.53415735e+01 
 3.27228774e+05  3.52781313e+01 
 3.34774581e+05  3.52269732e+01 
 3.42494392e+05  3.51890800e+01 
 3.50392221e+05  3.51654058e+01 
 3.58472171e+05  3.51568570e+01 
 3.66738442e+05  3.51642703e+01 
 3.75195331e+05  3.51883902e+01 
 3.83847234e+05  3.52298482e+01 
 3.92698648e+05  3.52891432e+01 
 4.01754173e+05  3.53666258e+01 
 4.11018515e+05  3.54624874e+01 
 4.20496491e+05  3.55767533e+01 
 4.30193027e+05  3.57092824e+01 
 4.40113162e+05  3.58597720e+01 
 4.50262052e+05  3.60277676e+01 
 4.60644974e+05  3.62126773e+01 
 4.71267322e+05  3.64137898e+01 
 4.82134619e+05  3.66302944e+01 
 4.93252513e+05  3.68613017e+01 
 5.04626783e+05  3.71058646e+01 
 5.16263340e+05  3.73629983e+01 
 5.28168234e+05  3.76316980e+01 
 5.40347650e+05  3.79109546e+01 
 5.52807921e+05  3.81997673e+01 
 5.65555523e+05  3.84971538e+01 
 5.78597080e+05  3.88021578e+01 
 5.91939372e+05  3.91138536e+01 
 6.05589334e+05  3.94313487e+01 
 6.19554061e+05  3.97537847e+01 
 6.33840810e+05  4.00803362e+01 
 6.48457008e+05  4.04102091e+01 
 6.63410251e+05  4.07426371e+01 
 6.78708313e+05  4.10768785e+01 
 6.94359143e+05  4.14122119e+01 
 7.10370877e+05  4.17479329e+01 
 7.26751838e+05  4.20833496e+01 
 7.43510539e+05  4.24177792e+01 
 7.60655691e+05  4.27505452e+01 
 7.78196206e+05  4.30809748e+01 
 7.96141200e+05  4.34083972e+01 
 8.14500001e+05  4.37321433e+01 
 8.33282151e+05  4.40515453e+01 
 8.52497412e+05  4.43659387e+01 
 8.72155772e+05  4.46746645e+01 
 8.92267449e+05  4.49770729e+01 
 9.12842895e+05  4.52725278e+01 
 9.33892805e+05  4.55604129e+01 
 9.55428121e+05  4.58401384e+01 
 9.77460036e+05  4.61111480e+01 
 1.00000000e+06  4.63729271e+01 
 1.02305973e+06  4.66250108e+01 
 1.04665121e+06  4.68669916e+01 
 1.07078670e+06  4.70985271e+01 
 1.09547876e+06  4.73193459e+01 
 1.12074020e+06  4.75292537e+01 
 1.14658417e+06  4.77281364e+01 
 1.17302409e+06  4.79159626e+01 
 1.20007371e+06  4.80927837e+01 
 1.22774708e+06  4.82587320e+01 
 1.25605860e+06  4.84140178e+01 
 1.28502297e+06  4.85589238e+01 
 1.31465525e+06  4.86937985e+01 
 1.34497085e+06  4.88190488e+01 
 1.37598551e+06  4.89351312e+01 
 1.40771537e+06  4.90425430e+01 
 1.44017690e+06  4.91418128e+01 
 1.47338699e+06  4.92334922e+01 
 1.50736290e+06  4.93181465e+01 
 1.54212228e+06  4.93963475e+01 
 1.57768320e+06  4.94686660e+01 
 1.61406415e+06  4.95356658e+01 
 1.65128404e+06  4.95978981e+01 
 1.68936220e+06  4.96558978e+01 
 1.72831844e+06  4.97101793e+01 
 1.76817299e+06  4.97612346e+01 
 1.80894658e+06  4.98095310e+01 
 1.85066040e+06  4.98555100e+01 
 1.89333613e+06  4.98995871e+01 
 1.93699595e+06  4.99421510e+01 
 1.98166255e+06  4.99835649e+01 
 2.02735916e+06  5.00241659e+01 
 2.07410951e+06  5.00642671e+01 
 2.12193792e+06  5.01041578e+01 
 2.17086923e+06  5.01441049e+01 
 2.22092889e+06  5.01843543e+01 
 2.27214291e+06  5.02251320e+01 
 2.32453791e+06  5.02666454e+01 
 2.37814113e+06  5.03090846e+01 
 2.43298042e+06  5.03526237e+01 
 2.48908429e+06  5.03974217e+01 
 2.54648190e+06  5.04436241e+01 
 2.60520309e+06  5.04913635e+01 
 2.66527837e+06  5.05407606e+01 
 2.72673897e+06  5.05919253e+01 
 2.78961683e+06  5.06449577e+01 
 2.85394464e+06  5.06999481e+01 
 2.91975583e+06  5.07569788e+01 
 2.98708461e+06  5.08161236e+01 
 3.05596598e+06  5.08774493e+01 
 3.12643573e+06  5.09410157e+01 
 3.19853049e+06  5.10068760e+01 
 3.27228774e+06  5.10750776e+01 
 3.34774581e+06  5.11456623e+01 
 3.42494392e+06  5.12186666e+01 
 3.50392221e+06  5.12941219e+01 
 3.58472171e+06  5.13720551e+01 
 3.66738442e+06  5.14524884e+01 
 3.75195331e+06  5.15354401e+01 
 3.83847234e+06  5.16209243e+01 
 3.92698648e+06  5.17089512e+01 
 4.01754173e+06  5.17995277e+01 
 4.11018515e+06  5.18926568e+01 
 4.20496491e+06  5.19883385e+01 
 4.30193027e+06  5.20865697e+01 
 4.40113162e+06  5.21873440e+01 
 4.50262052e+06  5.22906524e+01 
 4.60644974e+06  5.23964831e+01 
 4.71267322e+06  5.25048216e+01 
 4.82134619e+06  5.26156512e+01 
 4.93252513e+06  5.27289527e+01 
 5.04626783e+06  5.28447048e+01 
 5.16263340e+06  5.29628840e+01 
 5.28168234e+06  5.30834653e+01 
 5.40347650e+06  5.32064214e+01 
 5.52807921e+06  5.33317239e+01 
 5.65555523e+06  5.34593425e+01 
 5.78597080e+06  5.35892458e+01 
 5.91939372e+06  5.37214011e+01 
 6.05589334e+06  5.38557745e+01 
 6.19554061e+06  5.39923313e+01 
 6.33840810e+06  5.41310361e+01 
 6.48457008e+06  5.42718525e+01 
 6.63410251e+06  5.44147438e+01 
 6.78708313e+06  5.45596728e+01 
 6.94359143e+06  5.47066021e+01 
 7.10370877e+06  5.48554938e+01 
 7.26751838e+06  5.50063104e+01 
 7.43510539e+06  5.51590142e+01 
 7.60655691e+06  5.53135677e+01 
 7.78196206e+06  5.54699336e+01 
 7.96141200e+06  5.56280751e+01 
 8.14500001e+06  5.57879560e+01 
 8.33282151e+06  5.59495404e+01 
 8.52497412e+06  5.61127932e+01 
 8.72155772e+06  5.62776802e+01 
 8.92267449e+06  5.64441677e+01 
 9.12842895e+06  5.66122232e+01 
 9.33892805e+06  5.67818151e+01 
 9.55428121e+06  5.69529130e+01 
 9.77460036e+06  5.71254873e+01 
 1.00000000e+07  5.72995098e+01 
 1.02305973e+07  5.74749537e+01 
 1.04665121e+07  5.76517932e+01 
 1.07078670e+07  5.78300041e+01 
 1.09547876e+07  5.80095635e+01 
 1.12074020e+07  5.81904499e+01 
 1.14658417e+07  5.83726435e+01 
 1.17302409e+07  5.85561260e+01 
 1.20007371e+07  5.87408804e+01 
 1.22774708e+07  5.89268918e+01 
 1.25605860e+07  5.91141466e+01 
 1.28502297e+07  5.93026332e+01 
 1.31465525e+07  5.94923415e+01 
 1.34497085e+07  5.96832634e+01 
 1.37598551e+07  5.98753925e+01 
 1.40771537e+07  6.00687244e+01 
 1.44017690e+07  6.02632563e+01 
 1.47338699e+07  6.04589878e+01 
 1.50736290e+07  6.06559202e+01 
 1.54212228e+07  6.08540568e+01 
 1.57768320e+07  6.10534031e+01 
 1.61406415e+07  6.12539668e+01 
 1.65128404e+07  6.14557576e+01 
 1.68936220e+07  6.16587875e+01 
 1.72831844e+07  6.18630707e+01 
 1.76817299e+07  6.20686239e+01 
 1.80894658e+07  6.22754659e+01 
 1.85066040e+07  6.24836182e+01 
 1.89333613e+07  6.26931048e+01 
 1.93699595e+07  6.29039521e+01 
 1.98166255e+07  6.31161893e+01 
 2.02735916e+07  6.33298484e+01 
 2.07410951e+07  6.35449640e+01 
 2.12193792e+07  6.37615737e+01 
 2.17086923e+07  6.39797181e+01 
 2.22092889e+07  6.41994410e+01 
 2.27214291e+07  6.44207891e+01 
 2.32453791e+07  6.46438127e+01 
 2.37814113e+07  6.48685652e+01 
 2.43298042e+07  6.50951039e+01 
 2.48908429e+07  6.53234894e+01 
 2.54648190e+07  6.55537862e+01 
 2.60520309e+07  6.57860627e+01 
 2.66527837e+07  6.60203915e+01 
 2.72673897e+07  6.62568491e+01 
 2.78961683e+07  6.64955168e+01 
 2.85394464e+07  6.67364800e+01 
 2.91975583e+07  6.69798291e+01 
 2.98708461e+07  6.72256593e+01 
 3.05596598e+07  6.74740707e+01 
 3.12643573e+07  6.77251691e+01 
 3.19853049e+07  6.79790654e+01 
 3.27228774e+07  6.82358763e+01 
 3.34774581e+07  6.84957245e+01 
 3.42494392e+07  6.87587388e+01 
 3.50392221e+07  6.90250546e+01 
 3.58472171e+07  6.92948135e+01 
 3.66738442e+07  6.95681645e+01 
 3.75195331e+07  6.98452635e+01 
 3.83847234e+07  7.01262740e+01 
 3.92698648e+07  7.04113672e+01 
 4.01754173e+07  7.07007224e+01 
 4.11018515e+07  7.09945273e+01 
 4.20496491e+07  7.12929783e+01 
 4.30193027e+07  7.15962806e+01 
 4.40113162e+07  7.19046492e+01 
 4.50262052e+07  7.22183083e+01 
 4.60644974e+07  7.25374925e+01 
 4.71267322e+07  7.28624467e+01 
 4.82134619e+07  7.31934264e+01 
 4.93252513e+07  7.35306983e+01 
 5.04626783e+07  7.38745403e+01 
 5.16263340e+07  7.42252421e+01 
 5.28168234e+07  7.45831053e+01 
 5.40347650e+07  7.49484435e+01 
 5.52807921e+07  7.53215824e+01 
 5.65555523e+07  7.57028599e+01 
 5.78597080e+07  7.60926260e+01 
 5.91939372e+07  7.64912418e+01 
 6.05589334e+07  7.68990797e+01 
 6.19554061e+07  7.73165211e+01 
 6.33840810e+07  7.77439558e+01 
 6.48457008e+07  7.81817787e+01 
 6.63410251e+07  7.86303864e+01 
 6.78708313e+07  7.90901728e+01 
 6.94359143e+07  7.95615217e+01 
 7.10370877e+07  8.00447982e+01 
 7.26751838e+07  8.05403359e+01 
 7.43510539e+07  8.10484207e+01 
 7.60655691e+07  8.15692682e+01 
 7.78196206e+07  8.21029941e+01 
 7.96141200e+07  8.26495750e+01 
 8.14500001e+07  8.32087961e+01 
 8.33282151e+07  8.37801841e+01 
 8.52497412e+07  8.43629191e+01 
 8.72155772e+07  8.49557231e+01 
 8.92267449e+07  8.55567209e+01 
 9.12842895e+07  8.61632712e+01 
 9.33892805e+07  8.67717722e+01 
 9.55428121e+07  8.73774526e+01 
 9.77460036e+07  8.79741738e+01 
 1.00000000e+08  8.85542933e+01 
 1.02305973e+08  8.91086614e+01 
 1.04665121e+08  8.96268458e+01 
 1.07078670e+08  9.00976806e+01 
 1.09547876e+08  9.05101844e+01 
 1.12074020e+08  9.08547891e+01 
 1.14658417e+08  9.11246635e+01 
 1.17302409e+08  9.13167981e+01 
 1.20007371e+08  9.14325125e+01 
 1.22774708e+08  9.14772112e+01 
 1.25605860e+08  9.14594733e+01 
 1.28502297e+08  9.13897733e+01 
 1.31465525e+08  9.12791865e+01 
 1.34497085e+08  9.11383459e+01 
 1.37598551e+08  9.09767627e+01 
 1.40771537e+08  9.08024953e+01 
 1.44017690e+08  9.06220834e+01 
 1.47338699e+08  9.04406473e+01 
 1.50736290e+08  9.02620709e+01 
 1.54212228e+08  9.00892107e+01 
 1.57768320e+08  8.99240985e+01 
 1.61406415e+08  8.97681202e+01 
 1.65128404e+08  8.96221653e+01 
 1.68936220e+08  8.94867487e+01 
 1.72831844e+08  8.93621062e+01 
 1.76817299e+08  8.92482692e+01 
 1.80894658e+08  8.91451210e+01 
 1.85066040e+08  8.90524410e+01 
 1.89333613e+08  8.89699366e+01 
 1.93699595e+08  8.88972679e+01 
 1.98166255e+08  8.88340658e+01 
 2.02735916e+08  8.87799454e+01 
 2.07410951e+08  8.87345156e+01 
 2.12193792e+08  8.86973864e+01 
 2.17086923e+08  8.86681736e+01 
 2.22092889e+08  8.86465024e+01 
 2.27214291e+08  8.86320099e+01 
 2.32453791e+08  8.86243461e+01 
 2.37814113e+08  8.86231752e+01 
 2.43298042e+08  8.86281756e+01 
 2.48908429e+08  8.86390403e+01 
 2.54648190e+08  8.86554761e+01 
 2.60520309e+08  8.86772038e+01 
 2.66527837e+08  8.87039572e+01 
 2.72673897e+08  8.87354830e+01 
 2.78961683e+08  8.87715397e+01 
 2.85394464e+08  8.88118970e+01 
 2.91975583e+08  8.88563356e+01 
 2.98708461e+08  8.89046459e+01 
 3.05596598e+08  8.89566279e+01 
 3.12643573e+08  8.90120902e+01 
 3.19853049e+08  8.90708497e+01 
 3.27228774e+08  8.91327310e+01 
 3.34774581e+08  8.91975655e+01 
 3.42494392e+08  8.92651918e+01 
 3.50392221e+08  8.93354543e+01 
 3.58472171e+08  8.94082034e+01 
 3.66738442e+08  8.94832950e+01 
 3.75195331e+08  8.95605901e+01 
 3.83847234e+08  8.96399547e+01 
 3.92698648e+08  8.97212591e+01 
 4.01754173e+08  8.98043783e+01 
 4.11018515e+08  8.98891914e+01 
 4.20496491e+08  8.99755814e+01 
 4.30193027e+08  9.00634352e+01 
 4.40113162e+08  9.01526437e+01 
 4.50262052e+08  9.02431010e+01 
 4.60644974e+08  9.03347052e+01 
 4.71267322e+08  9.04273575e+01 
 4.82134619e+08  9.05209630e+01 
 4.93252513e+08  9.06154298e+01 
 5.04626783e+08  9.07106697e+01 
 5.16263340e+08  9.08065975e+01 
 5.28168234e+08  9.09031318e+01 
 5.40347650e+08  9.10001941e+01 
 5.52807921e+08  9.10977097e+01 
 5.65555523e+08  9.11956068e+01 
 5.78597080e+08  9.12938171e+01 
 5.91939372e+08  9.13922758e+01 
 6.05589334e+08  9.14909211e+01 
 6.19554061e+08  9.15896945e+01 
 6.33840810e+08  9.16885411e+01 
 6.48457008e+08  9.17874088e+01 
 6.63410251e+08  9.18862489e+01 
 6.78708313e+08  9.19850158e+01 
 6.94359143e+08  9.20836668e+01 
 7.10370877e+08  9.21821624e+01 
 7.26751838e+08  9.22804659e+01 
 7.43510539e+08  9.23785431e+01 
 7.60655691e+08  9.24763629e+01 
 7.78196206e+08  9.25738965e+01 
 7.96141200e+08  9.26711175e+01 
 8.14500001e+08  9.27680018e+01 
 8.33282151e+08  9.28645272e+01 
 8.52497412e+08  9.29606738e+01 
 8.72155772e+08  9.30564229e+01 
 8.92267449e+08  9.31517579e+01 
 9.12842895e+08  9.32466631e+01 
 9.33892805e+08  9.33411241e+01 
 9.55428121e+08  9.34351277e+01 
 9.77460036e+08  9.35286612e+01 
 1.00000000e+09  9.36217124e+01 
