 frequency       v(Amag_dB)      v(Aarg)        
 1.00000000e+00 -3.54315084e+00 -4.22297861e-04 
 1.02305973e+00 -3.54315084e+00 -4.32035935e-04 
 1.04665121e+00 -3.54315084e+00 -4.41998567e-04 
 1.07078670e+00 -3.54315084e+00 -4.52190935e-04 
 1.09547876e+00 -3.54315084e+00 -4.62618336e-04 
 1.12074020e+00 -3.54315084e+00 -4.73286189e-04 
 1.14658417e+00 -3.54315084e+00 -4.84200041e-04 
 1.17302409e+00 -3.54315084e+00 -4.95365563e-04 
 1.20007371e+00 -3.54315084e+00 -5.06788559e-04 
 1.22774708e+00 -3.54315084e+00 -5.18474967e-04 
 1.25605860e+00 -3.54315084e+00 -5.30430859e-04 
 1.28502297e+00 -3.54315084e+00 -5.42662452e-04 
 1.31465525e+00 -3.54315084e+00 -5.55176101e-04 
 1.34497085e+00 -3.54315084e+00 -5.67978312e-04 
 1.37598551e+00 -3.54315084e+00 -5.81075738e-04 
 1.40771537e+00 -3.54315084e+00 -5.94475188e-04 
 1.44017690e+00 -3.54315084e+00 -6.08183625e-04 
 1.47338699e+00 -3.54315084e+00 -6.22208175e-04 
 1.50736290e+00 -3.54315084e+00 -6.36556128e-04 
 1.54212228e+00 -3.54315084e+00 -6.51234940e-04 
 1.57768320e+00 -3.54315084e+00 -6.66252242e-04 
 1.61406415e+00 -3.54315084e+00 -6.81615839e-04 
 1.65128404e+00 -3.54315084e+00 -6.97333716e-04 
 1.68936220e+00 -3.54315084e+00 -7.13414043e-04 
 1.72831844e+00 -3.54315084e+00 -7.29865178e-04 
 1.76817299e+00 -3.54315084e+00 -7.46695672e-04 
 1.80894658e+00 -3.54315084e+00 -7.63914272e-04 
 1.85066040e+00 -3.54315084e+00 -7.81529929e-04 
 1.89333613e+00 -3.54315084e+00 -7.99551798e-04 
 1.93699595e+00 -3.54315084e+00 -8.17989246e-04 
 1.98166255e+00 -3.54315084e+00 -8.36851857e-04 
 2.02735916e+00 -3.54315084e+00 -8.56149435e-04 
 2.07410951e+00 -3.54315084e+00 -8.75892010e-04 
 2.12193792e+00 -3.54315084e+00 -8.96089843e-04 
 2.17086923e+00 -3.54315084e+00 -9.16753433e-04 
 2.22092889e+00 -3.54315084e+00 -9.37893519e-04 
 2.27214291e+00 -3.54315084e+00 -9.59521090e-04 
 2.32453791e+00 -3.54315084e+00 -9.81647387e-04 
 2.37814113e+00 -3.54315084e+00 -1.00428391e-03 
 2.43298042e+00 -3.54315084e+00 -1.02744243e-03 
 2.48908429e+00 -3.54315084e+00 -1.05113497e-03 
 2.54648190e+00 -3.54315084e+00 -1.07537386e-03 
 2.60520309e+00 -3.54315084e+00 -1.10017169e-03 
 2.66527837e+00 -3.54315084e+00 -1.12554135e-03 
 2.72673897e+00 -3.54315084e+00 -1.15149603e-03 
 2.78961683e+00 -3.54315084e+00 -1.17804922e-03 
 2.85394464e+00 -3.54315084e+00 -1.20521472e-03 
 2.91975583e+00 -3.54315085e+00 -1.23300664e-03 
 2.98708461e+00 -3.54315085e+00 -1.26143944e-03 
 3.05596598e+00 -3.54315085e+00 -1.29052789e-03 
 3.12643573e+00 -3.54315085e+00 -1.32028712e-03 
 3.19853049e+00 -3.54315085e+00 -1.35073258e-03 
 3.27228774e+00 -3.54315085e+00 -1.38188011e-03 
 3.34774581e+00 -3.54315085e+00 -1.41374589e-03 
 3.42494392e+00 -3.54315085e+00 -1.44634649e-03 
 3.50392221e+00 -3.54315085e+00 -1.47969885e-03 
 3.58472171e+00 -3.54315085e+00 -1.51382031e-03 
 3.66738442e+00 -3.54315085e+00 -1.54872860e-03 
 3.75195331e+00 -3.54315085e+00 -1.58444186e-03 
 3.83847234e+00 -3.54315085e+00 -1.62097866e-03 
 3.92698648e+00 -3.54315085e+00 -1.65835799e-03 
 4.01754173e+00 -3.54315085e+00 -1.69659928e-03 
 4.11018515e+00 -3.54315085e+00 -1.73572240e-03 
 4.20496491e+00 -3.54315085e+00 -1.77574769e-03 
 4.30193027e+00 -3.54315085e+00 -1.81669595e-03 
 4.40113162e+00 -3.54315085e+00 -1.85858847e-03 
 4.50262052e+00 -3.54315085e+00 -1.90144701e-03 
 4.60644974e+00 -3.54315085e+00 -1.94529387e-03 
 4.71267322e+00 -3.54315085e+00 -1.99015182e-03 
 4.82134619e+00 -3.54315085e+00 -2.03604418e-03 
 4.93252513e+00 -3.54315085e+00 -2.08299481e-03 
 5.04626783e+00 -3.54315085e+00 -2.13102811e-03 
 5.16263340e+00 -3.54315085e+00 -2.18016904e-03 
 5.28168234e+00 -3.54315085e+00 -2.23044315e-03 
 5.40347650e+00 -3.54315085e+00 -2.28187657e-03 
 5.52807921e+00 -3.54315085e+00 -2.33449603e-03 
 5.65555523e+00 -3.54315085e+00 -2.38832887e-03 
 5.78597080e+00 -3.54315085e+00 -2.44340309e-03 
 5.91939372e+00 -3.54315085e+00 -2.49974731e-03 
 6.05589334e+00 -3.54315084e+00 -2.55739080e-03 
 6.19554061e+00 -3.54315085e+00 -2.61636354e-03 
 6.33840810e+00 -3.54315085e+00 -2.67669618e-03 
 6.48457008e+00 -3.54315085e+00 -2.73842007e-03 
 6.63410251e+00 -3.54315085e+00 -2.80156730e-03 
 6.78708313e+00 -3.54315085e+00 -2.86617068e-03 
 6.94359143e+00 -3.54315085e+00 -2.93226381e-03 
 7.10370877e+00 -3.54315085e+00 -2.99988102e-03 
 7.26751838e+00 -3.54315085e+00 -3.06905746e-03 
 7.43510539e+00 -3.54315085e+00 -3.13982910e-03 
 7.60655691e+00 -3.54315085e+00 -3.21223271e-03 
 7.78196206e+00 -3.54315085e+00 -3.28630593e-03 
 7.96141200e+00 -3.54315085e+00 -3.36208726e-03 
 8.14500001e+00 -3.54315085e+00 -3.43961608e-03 
 8.33282151e+00 -3.54315085e+00 -3.51893270e-03 
 8.52497412e+00 -3.54315085e+00 -3.60007833e-03 
 8.72155772e+00 -3.54315085e+00 -3.68309517e-03 
 8.92267449e+00 -3.54315086e+00 -3.76802635e-03 
 9.12842895e+00 -3.54315086e+00 -3.85491602e-03 
 9.33892805e+00 -3.54315085e+00 -3.94380934e-03 
 9.55428121e+00 -3.54315085e+00 -4.03475252e-03 
 9.77460036e+00 -3.54315085e+00 -4.12779282e-03 
 1.00000000e+01 -3.54315085e+00 -4.22297861e-03 
 1.02305973e+01 -3.54315085e+00 -4.32035935e-03 
 1.04665121e+01 -3.54315086e+00 -4.41998567e-03 
 1.07078670e+01 -3.54315086e+00 -4.52190935e-03 
 1.09547876e+01 -3.54315085e+00 -4.62618336e-03 
 1.12074020e+01 -3.54315085e+00 -4.73286189e-03 
 1.14658417e+01 -3.54315085e+00 -4.84200041e-03 
 1.17302409e+01 -3.54315086e+00 -4.95365563e-03 
 1.20007371e+01 -3.54315085e+00 -5.06788559e-03 
 1.22774708e+01 -3.54315086e+00 -5.18474966e-03 
 1.25605860e+01 -3.54315086e+00 -5.30430859e-03 
 1.28502297e+01 -3.54315086e+00 -5.42662452e-03 
 1.31465525e+01 -3.54315086e+00 -5.55176101e-03 
 1.34497085e+01 -3.54315086e+00 -5.67978312e-03 
 1.37598551e+01 -3.54315086e+00 -5.81075738e-03 
 1.40771537e+01 -3.54315086e+00 -5.94475188e-03 
 1.44017690e+01 -3.54315086e+00 -6.08183625e-03 
 1.47338699e+01 -3.54315086e+00 -6.22208175e-03 
 1.50736290e+01 -3.54315087e+00 -6.36556128e-03 
 1.54212228e+01 -3.54315086e+00 -6.51234940e-03 
 1.57768320e+01 -3.54315087e+00 -6.66252242e-03 
 1.61406415e+01 -3.54315086e+00 -6.81615838e-03 
 1.65128404e+01 -3.54315086e+00 -6.97333715e-03 
 1.68936220e+01 -3.54315087e+00 -7.13414042e-03 
 1.72831844e+01 -3.54315087e+00 -7.29865177e-03 
 1.76817299e+01 -3.54315087e+00 -7.46695671e-03 
 1.80894658e+01 -3.54315087e+00 -7.63914272e-03 
 1.85066040e+01 -3.54315087e+00 -7.81529928e-03 
 1.89333613e+01 -3.54315087e+00 -7.99551797e-03 
 1.93699595e+01 -3.54315087e+00 -8.17989246e-03 
 1.98166255e+01 -3.54315088e+00 -8.36851857e-03 
 2.02735916e+01 -3.54315087e+00 -8.56149434e-03 
 2.07410951e+01 -3.54315088e+00 -8.75892009e-03 
 2.12193792e+01 -3.54315088e+00 -8.96089842e-03 
 2.17086923e+01 -3.54315088e+00 -9.16753432e-03 
 2.22092889e+01 -3.54315088e+00 -9.37893518e-03 
 2.27214291e+01 -3.54315089e+00 -9.59521090e-03 
 2.32453791e+01 -3.54315089e+00 -9.81647387e-03 
 2.37814113e+01 -3.54315089e+00 -1.00428391e-02 
 2.43298042e+01 -3.54315089e+00 -1.02744243e-02 
 2.48908429e+01 -3.54315089e+00 -1.05113497e-02 
 2.54648190e+01 -3.54315089e+00 -1.07537386e-02 
 2.60520309e+01 -3.54315090e+00 -1.10017169e-02 
 2.66527837e+01 -3.54315090e+00 -1.12554135e-02 
 2.72673897e+01 -3.54315091e+00 -1.15149603e-02 
 2.78961683e+01 -3.54315090e+00 -1.17804922e-02 
 2.85394464e+01 -3.54315091e+00 -1.20521471e-02 
 2.91975583e+01 -3.54315091e+00 -1.23300664e-02 
 2.98708461e+01 -3.54315092e+00 -1.26143944e-02 
 3.05596598e+01 -3.54315091e+00 -1.29052789e-02 
 3.12643573e+01 -3.54315092e+00 -1.32028712e-02 
 3.19853049e+01 -3.54315092e+00 -1.35073258e-02 
 3.27228774e+01 -3.54315093e+00 -1.38188011e-02 
 3.34774581e+01 -3.54315093e+00 -1.41374589e-02 
 3.42494392e+01 -3.54315094e+00 -1.44634649e-02 
 3.50392221e+01 -3.54315094e+00 -1.47969885e-02 
 3.58472171e+01 -3.54315094e+00 -1.51382030e-02 
 3.66738442e+01 -3.54315095e+00 -1.54872859e-02 
 3.75195331e+01 -3.54315096e+00 -1.58444185e-02 
 3.83847234e+01 -3.54315096e+00 -1.62097866e-02 
 3.92698648e+01 -3.54315096e+00 -1.65835798e-02 
 4.01754173e+01 -3.54315097e+00 -1.69659927e-02 
 4.11018515e+01 -3.54315097e+00 -1.73572239e-02 
 4.20496491e+01 -3.54315098e+00 -1.77574768e-02 
 4.30193027e+01 -3.54315099e+00 -1.81669594e-02 
 4.40113162e+01 -3.54315099e+00 -1.85858846e-02 
 4.50262052e+01 -3.54315100e+00 -1.90144701e-02 
 4.60644974e+01 -3.54315101e+00 -1.94529386e-02 
 4.71267322e+01 -3.54315101e+00 -1.99015181e-02 
 4.82134619e+01 -3.54315102e+00 -2.03604418e-02 
 4.93252513e+01 -3.54315103e+00 -2.08299480e-02 
 5.04626783e+01 -3.54315104e+00 -2.13102810e-02 
 5.16263340e+01 -3.54315104e+00 -2.18016903e-02 
 5.28168234e+01 -3.54315106e+00 -2.23044314e-02 
 5.40347650e+01 -3.54315107e+00 -2.28187656e-02 
 5.52807921e+01 -3.54315109e+00 -2.33449601e-02 
 5.65555523e+01 -3.54315110e+00 -2.38832886e-02 
 5.78597080e+01 -3.54315111e+00 -2.44340308e-02 
 5.91939372e+01 -3.54315112e+00 -2.49974729e-02 
 6.05589334e+01 -3.54315113e+00 -2.55739079e-02 
 6.19554061e+01 -3.54315115e+00 -2.61636353e-02 
 6.33840810e+01 -3.54315115e+00 -2.67669616e-02 
 6.48457008e+01 -3.54315118e+00 -2.73842005e-02 
 6.63410251e+01 -3.54315119e+00 -2.80156728e-02 
 6.78708313e+01 -3.54315120e+00 -2.86617066e-02 
 6.94359143e+01 -3.54315122e+00 -2.93226378e-02 
 7.10370877e+01 -3.54315124e+00 -2.99988099e-02 
 7.26751838e+01 -3.54315126e+00 -3.06905744e-02 
 7.43510539e+01 -3.54315128e+00 -3.13982907e-02 
 7.60655691e+01 -3.54315131e+00 -3.21223268e-02 
 7.78196206e+01 -3.54315133e+00 -3.28630590e-02 
 7.96141200e+01 -3.54315135e+00 -3.36208722e-02 
 8.14500001e+01 -3.54315137e+00 -3.43961604e-02 
 8.33282151e+01 -3.54315139e+00 -3.51893266e-02 
 8.52497412e+01 -3.54315141e+00 -3.60007829e-02 
 8.72155772e+01 -3.54315144e+00 -3.68309512e-02 
 8.92267449e+01 -3.54315147e+00 -3.76802630e-02 
 9.12842895e+01 -3.54315151e+00 -3.85491596e-02 
 9.33892805e+01 -3.54315153e+00 -3.94380928e-02 
 9.55428121e+01 -3.54315156e+00 -4.03475246e-02 
 9.77460036e+01 -3.54315159e+00 -4.12779275e-02 
 1.00000000e+02 -3.54315163e+00 -4.22297854e-02 
 1.02305973e+02 -3.54315168e+00 -4.32035928e-02 
 1.04665121e+02 -3.54315172e+00 -4.41998559e-02 
 1.07078670e+02 -3.54315176e+00 -4.52190926e-02 
 1.09547876e+02 -3.54315179e+00 -4.62618326e-02 
 1.12074020e+02 -3.54315184e+00 -4.73286180e-02 
 1.14658417e+02 -3.54315189e+00 -4.84200031e-02 
 1.17302409e+02 -3.54315194e+00 -4.95365552e-02 
 1.20007371e+02 -3.54315198e+00 -5.06788547e-02 
 1.22774708e+02 -3.54315204e+00 -5.18474954e-02 
 1.25605860e+02 -3.54315209e+00 -5.30430845e-02 
 1.28502297e+02 -3.54315215e+00 -5.42662437e-02 
 1.31465525e+02 -3.54315221e+00 -5.55176085e-02 
 1.34497085e+02 -3.54315227e+00 -5.67978295e-02 
 1.37598551e+02 -3.54315234e+00 -5.81075720e-02 
 1.40771537e+02 -3.54315241e+00 -5.94475169e-02 
 1.44017690e+02 -3.54315248e+00 -6.08183604e-02 
 1.47338699e+02 -3.54315257e+00 -6.22208153e-02 
 1.50736290e+02 -3.54315265e+00 -6.36556104e-02 
 1.54212228e+02 -3.54315273e+00 -6.51234915e-02 
 1.57768320e+02 -3.54315282e+00 -6.66252215e-02 
 1.61406415e+02 -3.54315290e+00 -6.81615809e-02 
 1.65128404e+02 -3.54315300e+00 -6.97333684e-02 
 1.68936220e+02 -3.54315311e+00 -7.13414009e-02 
 1.72831844e+02 -3.54315321e+00 -7.29865142e-02 
 1.76817299e+02 -3.54315332e+00 -7.46695633e-02 
 1.80894658e+02 -3.54315344e+00 -7.63914231e-02 
 1.85066040e+02 -3.54315356e+00 -7.81529885e-02 
 1.89333613e+02 -3.54315368e+00 -7.99551751e-02 
 1.93699595e+02 -3.54315382e+00 -8.17989196e-02 
 1.98166255e+02 -3.54315396e+00 -8.36851804e-02 
 2.02735916e+02 -3.54315410e+00 -8.56149377e-02 
 2.07410951e+02 -3.54315426e+00 -8.75891948e-02 
 2.12193792e+02 -3.54315441e+00 -8.96089777e-02 
 2.17086923e+02 -3.54315458e+00 -9.16753362e-02 
 2.22092889e+02 -3.54315476e+00 -9.37893443e-02 
 2.27214291e+02 -3.54315493e+00 -9.59521009e-02 
 2.32453791e+02 -3.54315513e+00 -9.81647301e-02 
 2.37814113e+02 -3.54315532e+00 -1.00428382e-01 
 2.43298042e+02 -3.54315554e+00 -1.02744233e-01 
 2.48908429e+02 -3.54315576e+00 -1.05113486e-01 
 2.54648190e+02 -3.54315599e+00 -1.07537375e-01 
 2.60520309e+02 -3.54315622e+00 -1.10017157e-01 
 2.66527837e+02 -3.54315648e+00 -1.12554122e-01 
 2.72673897e+02 -3.54315674e+00 -1.15149589e-01 
 2.78961683e+02 -3.54315702e+00 -1.17804907e-01 
 2.85394464e+02 -3.54315730e+00 -1.20521456e-01 
 2.91975583e+02 -3.54315761e+00 -1.23300647e-01 
 2.98708461e+02 -3.54315792e+00 -1.26143926e-01 
 3.05596598e+02 -3.54315825e+00 -1.29052770e-01 
 3.12643573e+02 -3.54315860e+00 -1.32028691e-01 
 3.19853049e+02 -3.54315896e+00 -1.35073236e-01 
 3.27228774e+02 -3.54315934e+00 -1.38187987e-01 
 3.34774581e+02 -3.54315974e+00 -1.41374563e-01 
 3.42494392e+02 -3.54316015e+00 -1.44634621e-01 
 3.50392221e+02 -3.54316058e+00 -1.47969855e-01 
 3.58472171e+02 -3.54316103e+00 -1.51381999e-01 
 3.66738442e+02 -3.54316151e+00 -1.54872825e-01 
 3.75195331e+02 -3.54316202e+00 -1.58444149e-01 
 3.83847234e+02 -3.54316253e+00 -1.62097827e-01 
 3.92698648e+02 -3.54316308e+00 -1.65835757e-01 
 4.01754173e+02 -3.54316365e+00 -1.69659883e-01 
 4.11018515e+02 -3.54316425e+00 -1.73572192e-01 
 4.20496491e+02 -3.54316488e+00 -1.77574717e-01 
 4.30193027e+02 -3.54316553e+00 -1.81669540e-01 
 4.40113162e+02 -3.54316621e+00 -1.85858788e-01 
 4.50262052e+02 -3.54316693e+00 -1.90144638e-01 
 4.60644974e+02 -3.54316768e+00 -1.94529319e-01 
 4.71267322e+02 -3.54316847e+00 -1.99015110e-01 
 4.82134619e+02 -3.54316928e+00 -2.03604341e-01 
 4.93252513e+02 -3.54317015e+00 -2.08299398e-01 
 5.04626783e+02 -3.54317105e+00 -2.13102722e-01 
 5.16263340e+02 -3.54317199e+00 -2.18016809e-01 
 5.28168234e+02 -3.54317298e+00 -2.23044213e-01 
 5.40347650e+02 -3.54317400e+00 -2.28187548e-01 
 5.52807921e+02 -3.54317510e+00 -2.33449486e-01 
 5.65555523e+02 -3.54317622e+00 -2.38832762e-01 
 5.78597080e+02 -3.54317741e+00 -2.44340175e-01 
 5.91939372e+02 -3.54317865e+00 -2.49974587e-01 
 6.05589334e+02 -3.54317995e+00 -2.55738927e-01 
 6.19554061e+02 -3.54318130e+00 -2.61636190e-01 
 6.33840810e+02 -3.54318272e+00 -2.67669442e-01 
 6.48457008e+02 -3.54318420e+00 -2.73841819e-01 
 6.63410251e+02 -3.54318577e+00 -2.80156528e-01 
 6.78708313e+02 -3.54318740e+00 -2.86616852e-01 
 6.94359143e+02 -3.54318911e+00 -2.93226149e-01 
 7.10370877e+02 -3.54319089e+00 -2.99987854e-01 
 7.26751838e+02 -3.54319275e+00 -3.06905481e-01 
 7.43510539e+02 -3.54319472e+00 -3.13982626e-01 
 7.60655691e+02 -3.54319675e+00 -3.21222967e-01 
 7.78196206e+02 -3.54319890e+00 -3.28630267e-01 
 7.96141200e+02 -3.54320114e+00 -3.36208377e-01 
 8.14500001e+02 -3.54320349e+00 -3.43961235e-01 
 8.33282151e+02 -3.54320595e+00 -3.51892870e-01 
 8.52497412e+02 -3.54320852e+00 -3.60007405e-01 
 8.72155772e+02 -3.54321120e+00 -3.68309058e-01 
 8.92267449e+02 -3.54321402e+00 -3.76802144e-01 
 9.12842895e+02 -3.54321696e+00 -3.85491076e-01 
 9.33892805e+02 -3.54322005e+00 -3.94380371e-01 
 9.55428121e+02 -3.54322329e+00 -4.03474649e-01 
 9.77460036e+02 -3.54322667e+00 -4.12778637e-01 
 1.00000000e+03 -3.54323020e+00 -4.22297170e-01 
 1.02305973e+03 -3.54323390e+00 -4.32035196e-01 
 1.04665121e+03 -3.54323778e+00 -4.41997775e-01 
 1.07078670e+03 -3.54324183e+00 -4.52190087e-01 
 1.09547876e+03 -3.54324607e+00 -4.62617427e-01 
 1.12074020e+03 -3.54325052e+00 -4.73285217e-01 
 1.14658417e+03 -3.54325517e+00 -4.84199000e-01 
 1.17302409e+03 -3.54326004e+00 -4.95364448e-01 
 1.20007371e+03 -3.54326513e+00 -5.06787365e-01 
 1.22774708e+03 -3.54327047e+00 -5.18473688e-01 
 1.25605860e+03 -3.54327604e+00 -5.30429490e-01 
 1.28502297e+03 -3.54328188e+00 -5.42660986e-01 
 1.31465525e+03 -3.54328800e+00 -5.55174531e-01 
 1.34497085e+03 -3.54329440e+00 -5.67976631e-01 
 1.37598551e+03 -3.54330109e+00 -5.81073939e-01 
 1.40771537e+03 -3.54330810e+00 -5.94473261e-01 
 1.44017690e+03 -3.54331544e+00 -6.08181562e-01 
 1.47338699e+03 -3.54332313e+00 -6.22205966e-01 
 1.50736290e+03 -3.54333115e+00 -6.36553762e-01 
 1.54212228e+03 -3.54333957e+00 -6.51232407e-01 
 1.57768320e+03 -3.54334837e+00 -6.66249529e-01 
 1.61406415e+03 -3.54335759e+00 -6.81612934e-01 
 1.65128404e+03 -3.54336723e+00 -6.97330605e-01 
 1.68936220e+03 -3.54337733e+00 -7.13410712e-01 
 1.72831844e+03 -3.54338789e+00 -7.29861611e-01 
 1.76817299e+03 -3.54339895e+00 -7.46691853e-01 
 1.80894658e+03 -3.54341052e+00 -7.63910183e-01 
 1.85066040e+03 -3.54342264e+00 -7.81525550e-01 
 1.89333613e+03 -3.54343532e+00 -7.99547109e-01 
 1.93699595e+03 -3.54344860e+00 -8.17984226e-01 
 1.98166255e+03 -3.54346249e+00 -8.36846482e-01 
 2.02735916e+03 -3.54347702e+00 -8.56143679e-01 
 2.07410951e+03 -3.54349224e+00 -8.75885846e-01 
 2.12193792e+03 -3.54350817e+00 -8.96083243e-01 
 2.17086923e+03 -3.54352484e+00 -9.16746366e-01 
 2.22092889e+03 -3.54354229e+00 -9.37885952e-01 
 2.27214291e+03 -3.54356055e+00 -9.59512987e-01 
 2.32453791e+03 -3.54357967e+00 -9.81638710e-01 
 2.37814113e+03 -3.54359968e+00 -1.00427462e+00 
 2.43298042e+03 -3.54362061e+00 -1.02743248e+00 
 2.48908429e+03 -3.54364253e+00 -1.05112432e+00 
 2.54648190e+03 -3.54366546e+00 -1.07536245e+00 
 2.60520309e+03 -3.54368947e+00 -1.10015948e+00 
 2.66527837e+03 -3.54371460e+00 -1.12552827e+00 
 2.72673897e+03 -3.54374090e+00 -1.15148203e+00 
 2.78961683e+03 -3.54376843e+00 -1.17803422e+00 
 2.85394464e+03 -3.54379724e+00 -1.20519866e+00 
 2.91975583e+03 -3.54382739e+00 -1.23298945e+00 
 2.98708461e+03 -3.54385895e+00 -1.26142103e+00 
 3.05596598e+03 -3.54389198e+00 -1.29050818e+00 
 3.12643573e+03 -3.54392656e+00 -1.32026601e+00 
 3.19853049e+03 -3.54396274e+00 -1.35070998e+00 
 3.27228774e+03 -3.54400062e+00 -1.38185591e+00 
 3.34774581e+03 -3.54404027e+00 -1.41371998e+00 
 3.42494392e+03 -3.54408175e+00 -1.44631874e+00 
 3.50392221e+03 -3.54412518e+00 -1.47966913e+00 
 3.58472171e+03 -3.54417063e+00 -1.51378849e+00 
 3.66738442e+03 -3.54421822e+00 -1.54869452e+00 
 3.75195331e+03 -3.54426800e+00 -1.58440537e+00 
 3.83847234e+03 -3.54432012e+00 -1.62093959e+00 
 3.92698648e+03 -3.54437466e+00 -1.65831615e+00 
 4.01754173e+03 -3.54443176e+00 -1.69655448e+00 
 4.11018515e+03 -3.54449151e+00 -1.73567443e+00 
 4.20496491e+03 -3.54455406e+00 -1.77569632e+00 
 4.30193027e+03 -3.54461952e+00 -1.81664095e+00 
 4.40113162e+03 -3.54468804e+00 -1.85852957e+00 
 4.50262052e+03 -3.54475975e+00 -1.90138395e+00 
 4.60644974e+03 -3.54483480e+00 -1.94522634e+00 
 4.71267322e+03 -3.54491336e+00 -1.99007951e+00 
 4.82134619e+03 -3.54499559e+00 -2.03596676e+00 
 4.93252513e+03 -3.54508164e+00 -2.08291191e+00 
 5.04626783e+03 -3.54517171e+00 -2.13093933e+00 
 5.16263340e+03 -3.54526598e+00 -2.18007398e+00 
 5.28168234e+03 -3.54536466e+00 -2.23034136e+00 
 5.40347650e+03 -3.54546793e+00 -2.28176757e+00 
 5.52807921e+03 -3.54557604e+00 -2.33437932e+00 
 5.65555523e+03 -3.54568916e+00 -2.38820390e+00 
 5.78597080e+03 -3.54580758e+00 -2.44326927e+00 
 5.91939372e+03 -3.54593151e+00 -2.49960401e+00 
 6.05589334e+03 -3.54606124e+00 -2.55723737e+00 
 6.19554061e+03 -3.54619701e+00 -2.61619924e+00 
 6.33840810e+03 -3.54633911e+00 -2.67652025e+00 
 6.48457008e+03 -3.54648785e+00 -2.73823168e+00 
 6.63410251e+03 -3.54664351e+00 -2.80136557e+00 
 6.78708313e+03 -3.54680645e+00 -2.86595468e+00 
 6.94359143e+03 -3.54697698e+00 -2.93203250e+00 
 7.10370877e+03 -3.54715547e+00 -2.99963334e+00 
 7.26751838e+03 -3.54734228e+00 -3.06879225e+00 
 7.43510539e+03 -3.54753781e+00 -3.13954511e+00 
 7.60655691e+03 -3.54774247e+00 -3.21192862e+00 
 7.78196206e+03 -3.54795668e+00 -3.28598031e+00 
 7.96141200e+03 -3.54818086e+00 -3.36173858e+00 
 8.14500001e+03 -3.54841552e+00 -3.43924272e+00 
 8.33282151e+03 -3.54866110e+00 -3.51853290e+00 
 8.52497412e+03 -3.54891816e+00 -3.59965023e+00 
 8.72155772e+03 -3.54918720e+00 -3.68263675e+00 
 8.92267449e+03 -3.54946879e+00 -3.76753547e+00 
 9.12842895e+03 -3.54976351e+00 -3.85439038e+00 
 9.33892805e+03 -3.55007198e+00 -3.94324649e+00 
 9.55428121e+03 -3.55039485e+00 -4.03414981e+00 
 9.77460036e+03 -3.55073277e+00 -4.12714744e+00 
 1.00000000e+04 -3.55108645e+00 -4.22228753e+00 
 1.02305973e+04 -3.55145664e+00 -4.31961934e+00 
 1.04665121e+04 -3.55184407e+00 -4.41919325e+00 
 1.07078670e+04 -3.55224960e+00 -4.52106081e+00 
 1.09547876e+04 -3.55267404e+00 -4.62527473e+00 
 1.12074020e+04 -3.55311827e+00 -4.73188893e+00 
 1.14658417e+04 -3.55358322e+00 -4.84095855e+00 
 1.17302409e+04 -3.55406986e+00 -4.95253998e+00 
 1.20007371e+04 -3.55457924e+00 -5.06669093e+00 
 1.22774708e+04 -3.55511232e+00 -5.18347040e+00 
 1.25605860e+04 -3.55567030e+00 -5.30293872e+00 
 1.28502297e+04 -3.55625430e+00 -5.42515763e+00 
 1.31465525e+04 -3.55686554e+00 -5.55019022e+00 
 1.34497085e+04 -3.55750526e+00 -5.67810108e+00 
 1.37598551e+04 -3.55817485e+00 -5.80895620e+00 
 1.40771537e+04 -3.55887566e+00 -5.94282312e+00 
 1.44017690e+04 -3.55960916e+00 -6.07977087e+00 
 1.47338699e+04 -3.56037685e+00 -6.21987006e+00 
 1.50736290e+04 -3.56118037e+00 -6.36319292e+00 
 1.54212228e+04 -3.56202136e+00 -6.50981327e+00 
 1.57768320e+04 -3.56290156e+00 -6.65980662e+00 
 1.61406415e+04 -3.56382281e+00 -6.81325018e+00 
 1.65128404e+04 -3.56478703e+00 -6.97022290e+00 
 1.68936220e+04 -3.56579621e+00 -7.13080552e+00 
 1.72831844e+04 -3.56685248e+00 -7.29508058e+00 
 1.76817299e+04 -3.56795798e+00 -7.46313248e+00 
 1.80894658e+04 -3.56911503e+00 -7.63504749e+00 
 1.85066040e+04 -3.57032603e+00 -7.81091385e+00 
 1.89333613e+04 -3.57159351e+00 -7.99082176e+00 
 1.93699595e+04 -3.57292009e+00 -8.17486341e+00 
 1.98166255e+04 -3.57430855e+00 -8.36313310e+00 
 2.02735916e+04 -3.57576172e+00 -8.55572714e+00 
 2.07410951e+04 -3.57728269e+00 -8.75274409e+00 
 2.12193792e+04 -3.57887454e+00 -8.95428462e+00 
 2.17086923e+04 -3.58054062e+00 -9.16045163e+00 
 2.22092889e+04 -3.58228438e+00 -9.37135036e+00 
 2.27214291e+04 -3.58410943e+00 -9.58708828e+00 
 2.32453791e+04 -3.58601958e+00 -9.80777530e+00 
 2.37814113e+04 -3.58801877e+00 -1.00335237e+01 
 2.43298042e+04 -3.59011116e+00 -1.02644482e+01 
 2.48908429e+04 -3.59230106e+00 -1.05006661e+01 
 2.54648190e+04 -3.59459306e+00 -1.07422972e+01 
 2.60520309e+04 -3.59699193e+00 -1.09894639e+01 
 2.66527837e+04 -3.59950256e+00 -1.12422912e+01 
 2.72673897e+04 -3.60213024e+00 -1.15009069e+01 
 2.78961683e+04 -3.60488034e+00 -1.17654416e+01 
 2.85394464e+04 -3.60775863e+00 -1.20360285e+01 
 2.91975583e+04 -3.61077105e+00 -1.23128037e+01 
 2.98708461e+04 -3.61392385e+00 -1.25959063e+01 
 3.05596598e+04 -3.61722353e+00 -1.28854784e+01 
 3.12643573e+04 -3.62067695e+00 -1.31816647e+01 
 3.19853049e+04 -3.62429127e+00 -1.34846135e+01 
 3.27228774e+04 -3.62807394e+00 -1.37944757e+01 
 3.34774581e+04 -3.63203284e+00 -1.41114057e+01 
 3.42494392e+04 -3.63617611e+00 -1.44355608e+01 
 3.50392221e+04 -3.64051235e+00 -1.47671018e+01 
 3.58472171e+04 -3.64505053e+00 -1.51061924e+01 
 3.66738442e+04 -3.64980002e+00 -1.54530001e+01 
 3.75195331e+04 -3.65477064e+00 -1.58076954e+01 
 3.83847234e+04 -3.65997266e+00 -1.61704524e+01 
 3.92698648e+04 -3.66541683e+00 -1.65414484e+01 
 4.01754173e+04 -3.67111440e+00 -1.69208646e+01 
 4.11018515e+04 -3.67707707e+00 -1.73088852e+01 
 4.20496491e+04 -3.68331723e+00 -1.77056983e+01 
 4.30193027e+04 -3.68984767e+00 -1.81114957e+01 
 4.40113162e+04 -3.69668185e+00 -1.85264723e+01 
 4.50262052e+04 -3.70383392e+00 -1.89508273e+01 
 4.60644974e+04 -3.71131853e+00 -1.93847629e+01 
 4.71267322e+04 -3.71915106e+00 -1.98284854e+01 
 4.82134619e+04 -3.72734769e+00 -2.02822046e+01 
 4.93252513e+04 -3.73592519e+00 -2.07461342e+01 
 5.04626783e+04 -3.74490120e+00 -2.12204912e+01 
 5.16263340e+04 -3.75429407e+00 -2.17054967e+01 
 5.28168234e+04 -3.76412312e+00 -2.22013752e+01 
 5.40347650e+04 -3.77440842e+00 -2.27083550e+01 
 5.52807921e+04 -3.78517104e+00 -2.32266678e+01 
 5.65555523e+04 -3.79643291e+00 -2.37565491e+01 
 5.78597080e+04 -3.80821704e+00 -2.42982381e+01 
 5.91939372e+04 -3.82054744e+00 -2.48519769e+01 
 6.05589334e+04 -3.83344920e+00 -2.54180116e+01 
 6.19554061e+04 -3.84694856e+00 -2.59965913e+01 
 6.33840810e+04 -3.86107283e+00 -2.65879685e+01 
 6.48457008e+04 -3.87585072e+00 -2.71923987e+01 
 6.63410251e+04 -3.89131203e+00 -2.78101404e+01 
 6.78708313e+04 -3.90748798e+00 -2.84414551e+01 
 6.94359143e+04 -3.92441112e+00 -2.90866069e+01 
 7.10370877e+04 -3.94211550e+00 -2.97458623e+01 
 7.26751838e+04 -3.96063659e+00 -3.04194903e+01 
 7.43510539e+04 -3.98001138e+00 -3.11077619e+01 
 7.60655691e+04 -4.00027854e+00 -3.18109500e+01 
 7.78196206e+04 -4.02147841e+00 -3.25293288e+01 
 7.96141200e+04 -4.04365294e+00 -3.32631741e+01 
 8.14500001e+04 -4.06684590e+00 -3.40127625e+01 
 8.33282151e+04 -4.09110298e+00 -3.47783709e+01 
 8.52497412e+04 -4.11647171e+00 -3.55602768e+01 
 8.72155772e+04 -4.14300157e+00 -3.63587570e+01 
 8.92267449e+04 -4.17074417e+00 -3.71740878e+01 
 9.12842895e+04 -4.19975312e+00 -3.80065442e+01 
 9.33892805e+04 -4.23008424e+00 -3.88563991e+01 
 9.55428121e+04 -4.26179550e+00 -3.97239233e+01 
 9.77460036e+04 -4.29494725e+00 -4.06093845e+01 
 1.00000000e+05 -4.32960206e+00 -4.15130463e+01 
 1.02305973e+05 -4.36582492e+00 -4.24351679e+01 
 1.04665121e+05 -4.40368339e+00 -4.33760033e+01 
 1.07078670e+05 -4.44324734e+00 -4.43358004e+01 
 1.09547876e+05 -4.48458923e+00 -4.53147998e+01 
 1.12074020e+05 -4.52778411e+00 -4.63132341e+01 
 1.14658417e+05 -4.57290954e+00 -4.73313267e+01 
 1.17302409e+05 -4.62004585e+00 -4.83692911e+01 
 1.20007371e+05 -4.66927584e+00 -4.94273294e+01 
 1.22774708e+05 -4.72068508e+00 -5.05056313e+01 
 1.25605860e+05 -4.77436164e+00 -5.16043726e+01 
 1.28502297e+05 -4.83039637e+00 -5.27237142e+01 
 1.31465525e+05 -4.88888261e+00 -5.38638007e+01 
 1.34497085e+05 -4.94991619e+00 -5.50247591e+01 
 1.37598551e+05 -5.01359553e+00 -5.62066969e+01 
 1.40771537e+05 -5.08002144e+00 -5.74097012e+01 
 1.44017690e+05 -5.14929706e+00 -5.86338369e+01 
 1.47338699e+05 -5.22152759e+00 -5.98791454e+01 
 1.50736290e+05 -5.29682057e+00 -6.11456431e+01 
 1.54212228e+05 -5.37528522e+00 -6.24333192e+01 
 1.57768320e+05 -5.45703262e+00 -6.37421355e+01 
 1.61406415e+05 -5.54217542e+00 -6.50720237e+01 
 1.65128404e+05 -5.63082750e+00 -6.64228850e+01 
 1.68936220e+05 -5.72310393e+00 -6.77945877e+01 
 1.72831844e+05 -5.81912048e+00 -6.91869670e+01 
 1.76817299e+05 -5.91899357e+00 -7.05998229e+01 
 1.80894658e+05 -6.02283970e+00 -7.20329196e+01 
 1.85066040e+05 -6.13077528e+00 -7.34859848e+01 
 1.89333613e+05 -6.24291620e+00 -7.49587083e+01 
 1.93699595e+05 -6.35937751e+00 -7.64507420e+01 
 1.98166255e+05 -6.48027293e+00 -7.79616990e+01 
 2.02735916e+05 -6.60571458e+00 -7.94911539e+01 
 2.07410951e+05 -6.73581240e+00 -8.10386421e+01 
 2.12193792e+05 -6.87067366e+00 -8.26036614e+01 
 2.17086923e+05 -7.01040281e+00 -8.41856712e+01 
 2.22092889e+05 -7.15510080e+00 -8.57840938e+01 
 2.27214291e+05 -7.30486471e+00 -8.73983157e+01 
 2.32453791e+05 -7.45978736e+00 -8.90276886e+01 
 2.37814113e+05 -7.61995675e+00 -9.06715315e+01 
 2.43298042e+05 -7.78545579e+00 -9.23291322e+01 
 2.48908429e+05 -7.95636200e+00 -9.39997495e+01 
 2.54648190e+05 -8.13274692e+00 -9.56826164e+01 
 2.60520309e+05 -8.31467592e+00 -9.73769417e+01 
 2.66527837e+05 -8.50220800e+00 -9.90819133e+01 
 2.72673897e+05 -8.69539545e+00 -1.00796702e+02 
 2.78961683e+05 -8.89428373e+00 -1.02520462e+02 
 2.85394464e+05 -9.09891105e+00 -1.04252341e+02 
 2.91975583e+05 -9.30930875e+00 -1.05991473e+02 
 2.98708461e+05 -9.52550076e+00 -1.07736993e+02 
 3.05596598e+05 -9.74750394e+00 -1.09488033e+02 
 3.12643573e+05 -9.97532807e+00 -1.11243727e+02 
 3.19853049e+05 -1.02089758e+01 -1.13003217e+02 
 3.27228774e+05 -1.04484428e+01 -1.14765655e+02 
 3.34774581e+05 -1.06937183e+01 -1.16530205e+02 
 3.42494392e+05 -1.09447849e+01 -1.18296045e+02 
 3.50392221e+05 -1.12016191e+01 -1.20062377e+02 
 3.58472171e+05 -1.14641918e+01 -1.21828418e+02 
 3.66738442e+05 -1.17324679e+01 -1.23593414e+02 
 3.75195331e+05 -1.20064076e+01 -1.25356635e+02 
 3.83847234e+05 -1.22859665e+01 -1.27117377e+02 
 3.92698648e+05 -1.25710954e+01 -1.28874968e+02 
 4.01754173e+05 -1.28617418e+01 -1.30628765e+02 
 4.11018515e+05 -1.31578494e+01 -1.32378156e+02 
 4.20496491e+05 -1.34593593e+01 -1.34122562e+02 
 4.30193027e+05 -1.37662096e+01 -1.35861436e+02 
 4.40113162e+05 -1.40783365e+01 -1.37594264e+02 
 4.50262052e+05 -1.43956746e+01 -1.39320564e+02 
 4.60644974e+05 -1.47181572e+01 -1.41039885e+02 
 4.71267322e+05 -1.50457164e+01 -1.42751810e+02 
 4.82134619e+05 -1.53782840e+01 -1.44455949e+02 
 4.93252513e+05 -1.57157916e+01 -1.46151944e+02 
 5.04626783e+05 -1.60581706e+01 -1.47839465e+02 
 5.16263340e+05 -1.64053531e+01 -1.49518208e+02 
 5.28168234e+05 -1.67572717e+01 -1.51187896e+02 
 5.40347650e+05 -1.71138598e+01 -1.52848273e+02 
 5.52807921e+05 -1.74750520e+01 -1.54499109e+02 
 5.65555523e+05 -1.78407838e+01 -1.56140193e+02 
 5.78597080e+05 -1.82109925e+01 -1.57771334e+02 
 5.91939372e+05 -1.85856166e+01 -1.59392357e+02 
 6.05589334e+05 -1.89645961e+01 -1.61003103e+02 
 6.19554061e+05 -1.93478728e+01 -1.62603430e+02 
 6.33840810e+05 -1.97353902e+01 -1.64193203e+02 
 6.48457008e+05 -2.01270931e+01 -1.65772303e+02 
 6.63410251e+05 -2.05229285e+01 -1.67340619e+02 
 6.78708313e+05 -2.09228444e+01 -1.68898045e+02 
 6.94359143e+05 -2.13267910e+01 -1.70444484e+02 
 7.10370877e+05 -2.17347196e+01 -1.71979846e+02 
 7.26751838e+05 -2.21465831e+01 -1.73504041e+02 
 7.43510539e+05 -2.25623356e+01 -1.75016986e+02 
 7.60655691e+05 -2.29819326e+01 -1.76518597e+02 
 7.78196206e+05 -2.34053307e+01 -1.78008793e+02 
 7.96141200e+05 -2.38324876e+01 -1.79487492e+02 
 8.14500001e+05 -2.42633616e+01 -1.80954614e+02 
 8.33282151e+05 -2.46979120e+01 -1.82410077e+02 
 8.52497412e+05 -2.51360987e+01 -1.83853796e+02 
 8.72155772e+05 -2.55778821e+01 -1.85285689e+02 
 8.92267449e+05 -2.60232230e+01 -1.86705667e+02 
 9.12842895e+05 -2.64720822e+01 -1.88113643e+02 
 9.33892805e+05 -2.69244209e+01 -1.89509527e+02 
 9.55428121e+05 -2.73802003e+01 -1.90893227e+02 
 9.77460036e+05 -2.78393812e+01 -1.92264649e+02 
 1.00000000e+06 -2.83019245e+01 -1.93623698e+02 
 1.02305973e+06 -2.87677906e+01 -1.94970278e+02 
 1.04665121e+06 -2.92369395e+01 -1.96304291e+02 
 1.07078670e+06 -2.97093308e+01 -1.97625641e+02 
 1.09547876e+06 -3.01849234e+01 -1.98934229e+02 
 1.12074020e+06 -3.06636755e+01 -2.00229959e+02 
 1.14658417e+06 -3.11455450e+01 -2.01512735e+02 
 1.17302409e+06 -3.16304887e+01 -2.02782463e+02 
 1.20007371e+06 -3.21184626e+01 -2.04039049e+02 
 1.22774708e+06 -3.26094222e+01 -2.05282406e+02 
 1.25605860e+06 -3.31033221e+01 -2.06512446e+02 
 1.28502297e+06 -3.36001160e+01 -2.07729088e+02 
 1.31465525e+06 -3.40997569e+01 -2.08932253e+02 
 1.34497085e+06 -3.46021970e+01 -2.10121870e+02 
 1.37598551e+06 -3.51073878e+01 -2.11297871e+02 
 1.40771537e+06 -3.56152800e+01 -2.12460195e+02 
 1.44017690e+06 -3.61258237e+01 -2.13608787e+02 
 1.47338699e+06 -3.66389684e+01 -2.14743600e+02 
 1.50736290e+06 -3.71546628e+01 -2.15864593e+02 
 1.54212228e+06 -3.76728554e+01 -2.16971736e+02 
 1.57768320e+06 -3.81934941e+01 -2.18065003e+02 
 1.61406415e+06 -3.87165264e+01 -2.19144380e+02 
 1.65128404e+06 -3.92418995e+01 -2.20209858e+02 
 1.68936220e+06 -3.97695604e+01 -2.21261441e+02 
 1.72831844e+06 -4.02994558e+01 -2.22299138e+02 
 1.76817299e+06 -4.08315325e+01 -2.23322971e+02 
 1.80894658e+06 -4.13657371e+01 -2.24332968e+02 
 1.85066040e+06 -4.19020164e+01 -2.25329168e+02 
 1.89333613e+06 -4.24403173e+01 -2.26311620e+02 
 1.93699595e+06 -4.29805868e+01 -2.27280380e+02 
 1.98166255e+06 -4.35227722e+01 -2.28235515e+02 
 2.02735916e+06 -4.40668214e+01 -2.29177100e+02 
 2.07410951e+06 -4.46126823e+01 -2.30105220e+02 
 2.12193792e+06 -4.51603036e+01 -2.31019968e+02 
 2.17086923e+06 -4.57096344e+01 -2.31921445e+02 
 2.22092889e+06 -4.62606243e+01 -2.32809762e+02 
 2.27214291e+06 -4.68132238e+01 -2.33685036e+02 
 2.32453791e+06 -4.73673839e+01 -2.34547394e+02 
 2.37814113e+06 -4.79230564e+01 -2.35396968e+02 
 2.43298042e+06 -4.84801939e+01 -2.36233900e+02 
 2.48908429e+06 -4.90387498e+01 -2.37058337e+02 
 2.54648190e+06 -4.95986784e+01 -2.37870434e+02 
 2.60520309e+06 -5.01599347e+01 -2.38670351e+02 
 2.66527837e+06 -5.07224750e+01 -2.39458254e+02 
 2.72673897e+06 -5.12862562e+01 -2.40234317e+02 
 2.78961683e+06 -5.18512362e+01 -2.40998717e+02 
 2.85394464e+06 -5.24173741e+01 -2.41751636e+02 
 2.91975583e+06 -5.29846297e+01 -2.42493262e+02 
 2.98708461e+06 -5.35529641e+01 -2.43223788e+02 
 3.05596598e+06 -5.41223392e+01 -2.43943409e+02 
 3.12643573e+06 -5.46927179e+01 -2.44652326e+02 
 3.19853049e+06 -5.52640642e+01 -2.45350741e+02 
 3.27228774e+06 -5.58363431e+01 -2.46038862e+02 
 3.34774581e+06 -5.64095206e+01 -2.46716898e+02 
 3.42494392e+06 -5.69835638e+01 -2.47385063e+02 
 3.50392221e+06 -5.75584406e+01 -2.48043570e+02 
 3.58472171e+06 -5.81341200e+01 -2.48692638e+02 
 3.66738442e+06 -5.87105720e+01 -2.49332484e+02 
 3.75195331e+06 -5.92877675e+01 -2.49963332e+02 
 3.83847234e+06 -5.98656785e+01 -2.50585402e+02 
 3.92698648e+06 -6.04442777e+01 -2.51198919e+02 
 4.01754173e+06 -6.10235389e+01 -2.51804109e+02 
 4.11018515e+06 -6.16034369e+01 -2.52401196e+02 
 4.20496491e+06 -6.21839470e+01 -2.52990410e+02 
 4.30193027e+06 -6.27650459e+01 -2.53571977e+02 
 4.40113162e+06 -6.33467107e+01 -2.54146126e+02 
 4.50262052e+06 -6.39289195e+01 -2.54713085e+02 
 4.60644974e+06 -6.45116514e+01 -2.55273085e+02 
 4.71267322e+06 -6.50948859e+01 -2.55826354e+02 
 4.82134619e+06 -6.56786037e+01 -2.56373122e+02 
 4.93252513e+06 -6.62627860e+01 -2.56913620e+02 
 5.04626783e+06 -6.68474148e+01 -2.57448076e+02 
 5.16263340e+06 -6.74324728e+01 -2.57976720e+02 
 5.28168234e+06 -6.80179435e+01 -2.58499783e+02 
 5.40347650e+06 -6.86038109e+01 -2.59017493e+02 
 5.52807921e+06 -6.91900599e+01 -2.59530079e+02 
 5.65555523e+06 -6.97766757e+01 -2.60037770e+02 
 5.78597080e+06 -7.03636446e+01 -2.60540796e+02 
 5.91939372e+06 -7.09509530e+01 -2.61039384e+02 
 6.05589334e+06 -7.15385883e+01 -2.61533762e+02 
 6.19554061e+06 -7.21265382e+01 -2.62024159e+02 
 6.33840810e+06 -7.27147912e+01 -2.62510801e+02 
 6.48457008e+06 -7.33033361e+01 -2.62993916e+02 
 6.63410251e+06 -7.38921623e+01 -2.63473731e+02 
 6.78708313e+06 -7.44812598e+01 -2.63950473e+02 
 6.94359143e+06 -7.50706190e+01 -2.64424367e+02 
 7.10370877e+06 -7.56602308e+01 -2.64895640e+02 
 7.26751838e+06 -7.62500866e+01 -2.65364519e+02 
 7.43510539e+06 -7.68401782e+01 -2.65831228e+02 
 7.60655691e+06 -7.74304980e+01 -2.66295995e+02 
 7.78196206e+06 -7.80210386e+01 -2.66759044e+02 
 7.96141200e+06 -7.86117930e+01 -2.67220603e+02 
 8.14500001e+06 -7.92027550e+01 -2.67680896e+02 
 8.33282151e+06 -7.97939183e+01 -2.68140149e+02 
 8.52497412e+06 -8.03852772e+01 -2.68598590e+02 
 8.72155772e+06 -8.09768266e+01 -2.69056444e+02 
 8.92267449e+06 -8.15685613e+01 -2.69513939e+02 
 9.12842895e+06 -8.21604769e+01 -2.69971301e+02 
 9.33892805e+06 -8.27525691e+01 -2.70428759e+02 
 9.55428121e+06 -8.33448340e+01 -2.70886540e+02 
 9.77460036e+06 -8.39372680e+01 -2.71344874e+02 
 1.00000000e+07 -8.45298680e+01 -2.71803989e+02 
 1.02305973e+07 -8.51226311e+01 -2.72264117e+02 
 1.04665121e+07 -8.57155547e+01 -2.72725489e+02 
 1.07078670e+07 -8.63086365e+01 -2.73188336e+02 
 1.09547876e+07 -8.69018746e+01 -2.73652893e+02 
 1.12074020e+07 -8.74952675e+01 -2.74119392e+02 
 1.14658417e+07 -8.80888137e+01 -2.74588070e+02 
 1.17302409e+07 -8.86825123e+01 -2.75059164e+02 
 1.20007371e+07 -8.92763627e+01 -2.75532912e+02 
 1.22774708e+07 -8.98703643e+01 -2.76009553e+02 
 1.25605860e+07 -9.04645172e+01 -2.76489329e+02 
 1.28502297e+07 -9.10588215e+01 -2.76972482e+02 
 1.31465525e+07 -9.16532778e+01 -2.77459258e+02 
 1.34497085e+07 -9.22478869e+01 -2.77949902e+02 
 1.37598551e+07 -9.28426500e+01 -2.78444665e+02 
 1.40771537e+07 -9.34375684e+01 -2.78943796e+02 
 1.44017690e+07 -9.40326439e+01 -2.79447547e+02 
 1.47338699e+07 -9.46278787e+01 -2.79956175e+02 
 1.50736290e+07 -9.52232751e+01 -2.80469937e+02 
 1.54212228e+07 -9.58188358e+01 -2.80989092e+02 
 1.57768320e+07 -9.64145640e+01 -2.81513903e+02 
 1.61406415e+07 -9.70104629e+01 -2.82044636e+02 
 1.65128404e+07 -9.76065364e+01 -2.82581558e+02 
 1.68936220e+07 -9.82027884e+01 -2.83124940e+02 
 1.72831844e+07 -9.87992235e+01 -2.83675056e+02 
 1.76817299e+07 -9.93958465e+01 -2.84232184e+02 
 1.80894658e+07 -9.99926624e+01 -2.84796603e+02 
 1.85066040e+07 -1.00589677e+02 -2.85368598e+02 
 1.89333613e+07 -1.01186896e+02 -2.85948454e+02 
 1.93699595e+07 -1.01784326e+02 -2.86536462e+02 
 1.98166255e+07 -1.02381974e+02 -2.87132917e+02 
 2.02735916e+07 -1.02979847e+02 -2.87738116e+02 
 2.07410951e+07 -1.03577952e+02 -2.88352361e+02 
 2.12193792e+07 -1.04176298e+02 -2.88975958e+02 
 2.17086923e+07 -1.04774893e+02 -2.89609215e+02 
 2.22092889e+07 -1.05373746e+02 -2.90252447e+02 
 2.27214291e+07 -1.05972868e+02 -2.90905972e+02 
 2.32453791e+07 -1.06572267e+02 -2.91570112e+02 
 2.37814113e+07 -1.07171955e+02 -2.92245193e+02 
 2.43298042e+07 -1.07771942e+02 -2.92931546e+02 
 2.48908429e+07 -1.08372241e+02 -2.93629508e+02 
 2.54648190e+07 -1.08972864e+02 -2.94339417e+02 
 2.60520309e+07 -1.09573824e+02 -2.95061621e+02 
 2.66527837e+07 -1.10175134e+02 -2.95796468e+02 
 2.72673897e+07 -1.10776809e+02 -2.96544313e+02 
 2.78961683e+07 -1.11378864e+02 -2.97305516e+02 
 2.85394464e+07 -1.11981313e+02 -2.98080442e+02 
 2.91975583e+07 -1.12584174e+02 -2.98869461e+02 
 2.98708461e+07 -1.13187464e+02 -2.99672947e+02 
 3.05596598e+07 -1.13791200e+02 -3.00491281e+02 
 3.12643573e+07 -1.14395402e+02 -3.01324849e+02 
 3.19853049e+07 -1.15000088e+02 -3.02174041e+02 
 3.27228774e+07 -1.15605280e+02 -3.03039253e+02 
 3.34774581e+07 -1.16210998e+02 -3.03920886e+02 
 3.42494392e+07 -1.16817266e+02 -3.04819348e+02 
 3.50392221e+07 -1.17424105e+02 -3.05735050e+02 
 3.58472171e+07 -1.18031540e+02 -3.06668411e+02 
 3.66738442e+07 -1.18639597e+02 -3.07619853e+02 
 3.75195331e+07 -1.19248301e+02 -3.08589803e+02 
 3.83847234e+07 -1.19857681e+02 -3.09578697e+02 
 3.92698648e+07 -1.20467764e+02 -3.10586972e+02 
 4.01754173e+07 -1.21078581e+02 -3.11615072e+02 
 4.11018515e+07 -1.21690162e+02 -3.12663448e+02 
 4.20496491e+07 -1.22302539e+02 -3.13732552e+02 
 4.30193027e+07 -1.22915745e+02 -3.14822844e+02 
 4.40113162e+07 -1.23529816e+02 -3.15934789e+02 
 4.50262052e+07 -1.24144787e+02 -3.17068855e+02 
 4.60644974e+07 -1.24760697e+02 -3.18225516e+02 
 4.71267322e+07 -1.25377582e+02 -3.19405250e+02 
 4.82134619e+07 -1.25995485e+02 -3.20608539e+02 
 4.93252513e+07 -1.26614447e+02 -3.21835869e+02 
 5.04626783e+07 -1.27234510e+02 -3.23087732e+02 
 5.16263340e+07 -1.27855721e+02 -3.24364620e+02 
 5.28168234e+07 -1.28478125e+02 -3.25667032e+02 
 5.40347650e+07 -1.29101771e+02 -3.26995467e+02 
 5.52807921e+07 -1.29726709e+02 -3.28350431e+02 
 5.65555523e+07 -1.30352990e+02 -3.29732428e+02 
 5.78597080e+07 -1.30980667e+02 -3.31141968e+02 
 5.91939372e+07 -1.31609796e+02 -3.32579561e+02 
 6.05589334e+07 -1.32240433e+02 -3.34045719e+02 
 6.19554061e+07 -1.32872637e+02 -3.35540954e+02 
 6.33840810e+07 -1.33506469e+02 -3.37065783e+02 
 6.48457008e+07 -1.34141991e+02 -3.38620717e+02 
 6.63410251e+07 -1.34779267e+02 -3.40206273e+02 
 6.78708313e+07 -1.35418364e+02 -3.41822963e+02 
 6.94359143e+07 -1.36059349e+02 -3.43471301e+02 
 7.10370877e+07 -1.36702293e+02 -3.45151798e+02 
 7.26751838e+07 -1.37347267e+02 -3.46864962e+02 
 7.43510539e+07 -1.37994346e+02 -3.48611300e+02 
 7.60655691e+07 -1.38643606e+02 -3.50391315e+02 
 7.78196206e+07 -1.39295123e+02 -3.52205507e+02 
 7.96141200e+07 -1.39948978e+02 -3.54054371e+02 
 8.14500001e+07 -1.40605252e+02 -3.55938396e+02 
 8.33282151e+07 -1.41264029e+02 -3.57858067e+02 
 8.52497412e+07 -1.41925394e+02 -3.59813863e+02 
 8.72155772e+07 -1.42589434e+02 -3.61806254e+02 
 8.92267449e+07 -1.43256238e+02 -3.63835704e+02 
 9.12842895e+07 -1.43925896e+02 -3.65902668e+02 
 9.33892805e+07 -1.44598502e+02 -3.68007593e+02 
 9.55428121e+07 -1.45274148e+02 -3.70150916e+02 
 9.77460036e+07 -1.45952930e+02 -3.72333062e+02 
 1.00000000e+08 -1.46634945e+02 -3.74554448e+02 
 1.02305973e+08 -1.47320292e+02 -3.76815478e+02 
 1.04665121e+08 -1.48009070e+02 -3.79116544e+02 
 1.07078670e+08 -1.48701381e+02 -3.81458024e+02 
 1.09547876e+08 -1.49397327e+02 -3.83840283e+02 
 1.12074020e+08 -1.50097011e+02 -3.86263674e+02 
 1.14658417e+08 -1.50800537e+02 -3.88728533e+02 
 1.17302409e+08 -1.51508010e+02 -3.91235181e+02 
 1.20007371e+08 -1.52219537e+02 -3.93783923e+02 
 1.22774708e+08 -1.52935225e+02 -3.96375048e+02 
 1.25605860e+08 -1.53655180e+02 -3.99008828e+02 
 1.28502297e+08 -1.54379509e+02 -4.01685519e+02 
 1.31465525e+08 -1.55108322e+02 -4.04405356e+02 
 1.34497085e+08 -1.55841727e+02 -4.07168559e+02 
 1.37598551e+08 -1.56579830e+02 -4.09975328e+02 
 1.40771537e+08 -1.57322741e+02 -4.12825844e+02 
 1.44017690e+08 -1.58070568e+02 -4.15720268e+02 
 1.47338699e+08 -1.58823418e+02 -4.18658743e+02 
 1.50736290e+08 -1.59581398e+02 -4.21641392e+02 
 1.54212228e+08 -1.60344615e+02 -4.24668316e+02 
 1.57768320e+08 -1.61113175e+02 -4.27739598e+02 
 1.61406415e+08 -1.61887184e+02 -4.30855299e+02 
 1.65128404e+08 -1.62666745e+02 -4.34015463e+02 
 1.68936220e+08 -1.63451963e+02 -4.37220108e+02 
 1.72831844e+08 -1.64242938e+02 -4.40469235e+02 
 1.76817299e+08 -1.65039773e+02 -4.43762825e+02 
 1.80894658e+08 -1.65842566e+02 -4.47100835e+02 
 1.85066040e+08 -1.66651418e+02 -4.50483204e+02 
 1.89333613e+08 -1.67466423e+02 -4.53909849e+02 
 1.93699595e+08 -1.68287679e+02 -4.57380667e+02 
 1.98166255e+08 -1.69115279e+02 -4.60895534e+02 
 2.02735916e+08 -1.69949315e+02 -4.64454306e+02 
 2.07410951e+08 -1.70789878e+02 -4.68056816e+02 
 2.12193792e+08 -1.71637058e+02 -4.71702880e+02 
 2.17086923e+08 -1.72490942e+02 -4.75392289e+02 
 2.22092889e+08 -1.73351615e+02 -4.79124818e+02 
 2.27214291e+08 -1.74219163e+02 -4.82900218e+02 
 2.32453791e+08 -1.75093668e+02 -4.86718220e+02 
 2.37814113e+08 -1.75975211e+02 -4.90578535e+02 
 2.43298042e+08 -1.76863871e+02 -4.94480852e+02 
 2.48908429e+08 -1.77759727e+02 -4.98424839e+02 
 2.54648190e+08 -1.78662854e+02 -5.02410144e+02 
 2.60520309e+08 -1.79573329e+02 -5.06436393e+02 
 2.66527837e+08 -1.80491225e+02 -5.10503190e+02 
 2.72673897e+08 -1.81416615e+02 -5.14610118e+02 
 2.78961683e+08 -1.82349569e+02 -5.18756736e+02 
 2.85394464e+08 -1.83290159e+02 -5.22942585e+02 
 2.91975583e+08 -1.84238452e+02 -5.27167179e+02 
 2.98708461e+08 -1.85194518e+02 -5.31430012e+02 
 3.05596598e+08 -1.86158424e+02 -5.35730555e+02 
 3.12643573e+08 -1.87130236e+02 -5.40068254e+02 
 3.19853049e+08 -1.88110020e+02 -5.44442532e+02 
 3.27228774e+08 -1.89097841e+02 -5.48852791e+02 
 3.34774581e+08 -1.90093764e+02 -5.53298406e+02 
 3.42494392e+08 -1.91097852e+02 -5.57778729e+02 
 3.50392221e+08 -1.92110169e+02 -5.62293089e+02 
 3.58472171e+08 -1.93130778e+02 -5.66840789e+02 
 3.66738442e+08 -1.94159743e+02 -5.71421109e+02 
 3.75195331e+08 -1.95197125e+02 -5.76033304e+02 
 3.83847234e+08 -1.96242987e+02 -5.80676608e+02 
 3.92698648e+08 -1.97297390e+02 -5.85350228e+02 
 4.01754173e+08 -1.98360397e+02 -5.90053348e+02 
 4.11018515e+08 -1.99432069e+02 -5.94785132e+02 
 4.20496491e+08 -2.00512467e+02 -5.99544718e+02 
 4.30193027e+08 -2.01601652e+02 -6.04331225e+02 
 4.40113162e+08 -2.02699685e+02 -6.09143749e+02 
 4.50262052e+08 -2.03806628e+02 -6.13981367e+02 
 4.60644974e+08 -2.04922539e+02 -6.18843137e+02 
 4.71267322e+08 -2.06047478e+02 -6.23728097e+02 
 4.82134619e+08 -2.07181507e+02 -6.28635270e+02 
 4.93252513e+08 -2.08324683e+02 -6.33563663e+02 
 5.04626783e+08 -2.09477065e+02 -6.38512267e+02 
 5.16263340e+08 -2.10638711e+02 -6.43480060e+02 
 5.28168234e+08 -2.11809679e+02 -6.48466010e+02 
 5.40347650e+08 -2.12990025e+02 -6.53469075e+02 
 5.52807921e+08 -2.14179806e+02 -6.58488203e+02 
 5.65555523e+08 -2.15379076e+02 -6.63522335e+02 
 5.78597080e+08 -2.16587890e+02 -6.68570410e+02 
 5.91939372e+08 -2.17806302e+02 -6.73631361e+02 
 6.05589334e+08 -2.19034362e+02 -6.78704121e+02 
 6.19554061e+08 -2.20272123e+02 -6.83787621e+02 
 6.33840810e+08 -2.21519634e+02 -6.88880798e+02 
 6.48457008e+08 -2.22776944e+02 -6.93982590e+02 
 6.63410251e+08 -2.24044100e+02 -6.99091941e+02 
 6.78708313e+08 -2.25321148e+02 -7.04207803e+02 
 6.94359143e+08 -2.26608133e+02 -7.09329135e+02 
 7.10370877e+08 -2.27905097e+02 -7.14454908e+02 
 7.26751838e+08 -2.29212082e+02 -7.19584105e+02 
 7.43510539e+08 -2.30529128e+02 -7.24715722e+02 
 7.60655691e+08 -2.31856272e+02 -7.29848768e+02 
 7.78196206e+08 -2.33193553e+02 -7.34982270e+02 
 7.96141200e+08 -2.34541004e+02 -7.40115270e+02 
 8.14500001e+08 -2.35898660e+02 -7.45246829e+02 
 8.33282151e+08 -2.37266552e+02 -7.50376026e+02 
 8.52497412e+08 -2.38644710e+02 -7.55501958e+02 
 8.72155772e+08 -2.40033163e+02 -7.60623746e+02 
 8.92267449e+08 -2.41431937e+02 -7.65740526e+02 
 9.12842895e+08 -2.42841059e+02 -7.70851459e+02 
 9.33892805e+08 -2.44260550e+02 -7.75955726e+02 
 9.55428121e+08 -2.45690435e+02 -7.81052528e+02 
 9.77460036e+08 -2.47130733e+02 -7.86141089e+02 
 1.00000000e+09 -2.48581463e+02 -7.91220651e+02 
