 frequency       v(PSRR_dB)     
 1.00000000e-02  5.96348755e+01 
 1.02305973e-02  5.96348755e+01 
 1.04665121e-02  5.96348755e+01 
 1.07078670e-02  5.96348755e+01 
 1.09547876e-02  5.96348755e+01 
 1.12074020e-02  5.96348755e+01 
 1.14658417e-02  5.96348755e+01 
 1.17302409e-02  5.96348755e+01 
 1.20007371e-02  5.96348755e+01 
 1.22774708e-02  5.96348755e+01 
 1.25605860e-02  5.96348755e+01 
 1.28502297e-02  5.96348755e+01 
 1.31465525e-02  5.96348755e+01 
 1.34497085e-02  5.96348755e+01 
 1.37598551e-02  5.96348755e+01 
 1.40771537e-02  5.96348755e+01 
 1.44017690e-02  5.96348755e+01 
 1.47338699e-02  5.96348755e+01 
 1.50736290e-02  5.96348755e+01 
 1.54212228e-02  5.96348755e+01 
 1.57768320e-02  5.96348755e+01 
 1.61406415e-02  5.96348755e+01 
 1.65128404e-02  5.96348755e+01 
 1.68936220e-02  5.96348755e+01 
 1.72831844e-02  5.96348755e+01 
 1.76817299e-02  5.96348755e+01 
 1.80894658e-02  5.96348755e+01 
 1.85066040e-02  5.96348755e+01 
 1.89333613e-02  5.96348755e+01 
 1.93699595e-02  5.96348755e+01 
 1.98166255e-02  5.96348755e+01 
 2.02735916e-02  5.96348755e+01 
 2.07410951e-02  5.96348755e+01 
 2.12193792e-02  5.96348755e+01 
 2.17086923e-02  5.96348755e+01 
 2.22092889e-02  5.96348755e+01 
 2.27214291e-02  5.96348755e+01 
 2.32453791e-02  5.96348755e+01 
 2.37814113e-02  5.96348755e+01 
 2.43298042e-02  5.96348755e+01 
 2.48908429e-02  5.96348755e+01 
 2.54648190e-02  5.96348755e+01 
 2.60520309e-02  5.96348755e+01 
 2.66527837e-02  5.96348755e+01 
 2.72673897e-02  5.96348755e+01 
 2.78961683e-02  5.96348755e+01 
 2.85394464e-02  5.96348755e+01 
 2.91975583e-02  5.96348755e+01 
 2.98708461e-02  5.96348755e+01 
 3.05596598e-02  5.96348755e+01 
 3.12643573e-02  5.96348755e+01 
 3.19853049e-02  5.96348755e+01 
 3.27228774e-02  5.96348755e+01 
 3.34774581e-02  5.96348755e+01 
 3.42494392e-02  5.96348755e+01 
 3.50392221e-02  5.96348755e+01 
 3.58472171e-02  5.96348755e+01 
 3.66738442e-02  5.96348755e+01 
 3.75195331e-02  5.96348755e+01 
 3.83847234e-02  5.96348755e+01 
 3.92698648e-02  5.96348755e+01 
 4.01754173e-02  5.96348755e+01 
 4.11018515e-02  5.96348755e+01 
 4.20496491e-02  5.96348755e+01 
 4.30193027e-02  5.96348755e+01 
 4.40113162e-02  5.96348755e+01 
 4.50262052e-02  5.96348755e+01 
 4.60644974e-02  5.96348755e+01 
 4.71267322e-02  5.96348755e+01 
 4.82134619e-02  5.96348755e+01 
 4.93252513e-02  5.96348755e+01 
 5.04626783e-02  5.96348755e+01 
 5.16263340e-02  5.96348755e+01 
 5.28168234e-02  5.96348755e+01 
 5.40347650e-02  5.96348755e+01 
 5.52807921e-02  5.96348755e+01 
 5.65555523e-02  5.96348755e+01 
 5.78597080e-02  5.96348755e+01 
 5.91939372e-02  5.96348755e+01 
 6.05589334e-02  5.96348755e+01 
 6.19554061e-02  5.96348755e+01 
 6.33840810e-02  5.96348755e+01 
 6.48457008e-02  5.96348755e+01 
 6.63410251e-02  5.96348755e+01 
 6.78708313e-02  5.96348755e+01 
 6.94359143e-02  5.96348755e+01 
 7.10370877e-02  5.96348755e+01 
 7.26751838e-02  5.96348755e+01 
 7.43510539e-02  5.96348755e+01 
 7.60655691e-02  5.96348755e+01 
 7.78196206e-02  5.96348755e+01 
 7.96141200e-02  5.96348755e+01 
 8.14500001e-02  5.96348755e+01 
 8.33282151e-02  5.96348755e+01 
 8.52497412e-02  5.96348755e+01 
 8.72155772e-02  5.96348755e+01 
 8.92267449e-02  5.96348755e+01 
 9.12842895e-02  5.96348755e+01 
 9.33892805e-02  5.96348755e+01 
 9.55428121e-02  5.96348755e+01 
 9.77460036e-02  5.96348755e+01 
 1.00000000e-01  5.96348755e+01 
 1.02305973e-01  5.96348755e+01 
 1.04665121e-01  5.96348755e+01 
 1.07078670e-01  5.96348755e+01 
 1.09547876e-01  5.96348755e+01 
 1.12074020e-01  5.96348755e+01 
 1.14658417e-01  5.96348755e+01 
 1.17302409e-01  5.96348755e+01 
 1.20007371e-01  5.96348755e+01 
 1.22774708e-01  5.96348755e+01 
 1.25605860e-01  5.96348755e+01 
 1.28502297e-01  5.96348755e+01 
 1.31465525e-01  5.96348755e+01 
 1.34497085e-01  5.96348755e+01 
 1.37598551e-01  5.96348755e+01 
 1.40771537e-01  5.96348755e+01 
 1.44017690e-01  5.96348755e+01 
 1.47338699e-01  5.96348755e+01 
 1.50736290e-01  5.96348755e+01 
 1.54212228e-01  5.96348755e+01 
 1.57768320e-01  5.96348755e+01 
 1.61406415e-01  5.96348755e+01 
 1.65128404e-01  5.96348755e+01 
 1.68936220e-01  5.96348755e+01 
 1.72831844e-01  5.96348755e+01 
 1.76817299e-01  5.96348755e+01 
 1.80894658e-01  5.96348755e+01 
 1.85066040e-01  5.96348755e+01 
 1.89333613e-01  5.96348755e+01 
 1.93699595e-01  5.96348755e+01 
 1.98166255e-01  5.96348755e+01 
 2.02735916e-01  5.96348755e+01 
 2.07410951e-01  5.96348755e+01 
 2.12193792e-01  5.96348755e+01 
 2.17086923e-01  5.96348755e+01 
 2.22092889e-01  5.96348755e+01 
 2.27214291e-01  5.96348755e+01 
 2.32453791e-01  5.96348755e+01 
 2.37814113e-01  5.96348755e+01 
 2.43298042e-01  5.96348755e+01 
 2.48908429e-01  5.96348755e+01 
 2.54648190e-01  5.96348755e+01 
 2.60520309e-01  5.96348755e+01 
 2.66527837e-01  5.96348755e+01 
 2.72673897e-01  5.96348755e+01 
 2.78961683e-01  5.96348755e+01 
 2.85394464e-01  5.96348755e+01 
 2.91975583e-01  5.96348755e+01 
 2.98708461e-01  5.96348755e+01 
 3.05596598e-01  5.96348755e+01 
 3.12643573e-01  5.96348755e+01 
 3.19853049e-01  5.96348755e+01 
 3.27228774e-01  5.96348755e+01 
 3.34774581e-01  5.96348755e+01 
 3.42494392e-01  5.96348755e+01 
 3.50392221e-01  5.96348755e+01 
 3.58472171e-01  5.96348755e+01 
 3.66738442e-01  5.96348755e+01 
 3.75195331e-01  5.96348755e+01 
 3.83847234e-01  5.96348755e+01 
 3.92698648e-01  5.96348755e+01 
 4.01754173e-01  5.96348755e+01 
 4.11018515e-01  5.96348755e+01 
 4.20496491e-01  5.96348755e+01 
 4.30193027e-01  5.96348755e+01 
 4.40113162e-01  5.96348755e+01 
 4.50262052e-01  5.96348755e+01 
 4.60644974e-01  5.96348755e+01 
 4.71267322e-01  5.96348755e+01 
 4.82134619e-01  5.96348755e+01 
 4.93252513e-01  5.96348755e+01 
 5.04626783e-01  5.96348755e+01 
 5.16263340e-01  5.96348755e+01 
 5.28168234e-01  5.96348755e+01 
 5.40347650e-01  5.96348755e+01 
 5.52807921e-01  5.96348755e+01 
 5.65555523e-01  5.96348755e+01 
 5.78597080e-01  5.96348755e+01 
 5.91939372e-01  5.96348755e+01 
 6.05589334e-01  5.96348755e+01 
 6.19554061e-01  5.96348755e+01 
 6.33840810e-01  5.96348755e+01 
 6.48457008e-01  5.96348755e+01 
 6.63410251e-01  5.96348755e+01 
 6.78708313e-01  5.96348755e+01 
 6.94359143e-01  5.96348755e+01 
 7.10370877e-01  5.96348755e+01 
 7.26751838e-01  5.96348755e+01 
 7.43510539e-01  5.96348755e+01 
 7.60655691e-01  5.96348755e+01 
 7.78196206e-01  5.96348755e+01 
 7.96141200e-01  5.96348755e+01 
 8.14500001e-01  5.96348755e+01 
 8.33282151e-01  5.96348755e+01 
 8.52497412e-01  5.96348755e+01 
 8.72155772e-01  5.96348755e+01 
 8.92267449e-01  5.96348755e+01 
 9.12842895e-01  5.96348755e+01 
 9.33892805e-01  5.96348755e+01 
 9.55428121e-01  5.96348755e+01 
 9.77460036e-01  5.96348755e+01 
 1.00000000e+00  5.96348755e+01 
 1.02305973e+00  5.96348755e+01 
 1.04665121e+00  5.96348755e+01 
 1.07078670e+00  5.96348755e+01 
 1.09547876e+00  5.96348755e+01 
 1.12074020e+00  5.96348755e+01 
 1.14658417e+00  5.96348755e+01 
 1.17302409e+00  5.96348755e+01 
 1.20007371e+00  5.96348755e+01 
 1.22774708e+00  5.96348755e+01 
 1.25605860e+00  5.96348755e+01 
 1.28502297e+00  5.96348755e+01 
 1.31465525e+00  5.96348755e+01 
 1.34497085e+00  5.96348755e+01 
 1.37598551e+00  5.96348755e+01 
 1.40771537e+00  5.96348755e+01 
 1.44017690e+00  5.96348755e+01 
 1.47338699e+00  5.96348755e+01 
 1.50736290e+00  5.96348755e+01 
 1.54212228e+00  5.96348755e+01 
 1.57768320e+00  5.96348755e+01 
 1.61406415e+00  5.96348755e+01 
 1.65128404e+00  5.96348755e+01 
 1.68936220e+00  5.96348755e+01 
 1.72831844e+00  5.96348755e+01 
 1.76817299e+00  5.96348755e+01 
 1.80894658e+00  5.96348755e+01 
 1.85066040e+00  5.96348755e+01 
 1.89333613e+00  5.96348755e+01 
 1.93699595e+00  5.96348755e+01 
 1.98166255e+00  5.96348755e+01 
 2.02735916e+00  5.96348755e+01 
 2.07410951e+00  5.96348755e+01 
 2.12193792e+00  5.96348755e+01 
 2.17086923e+00  5.96348755e+01 
 2.22092889e+00  5.96348755e+01 
 2.27214291e+00  5.96348755e+01 
 2.32453791e+00  5.96348755e+01 
 2.37814113e+00  5.96348755e+01 
 2.43298042e+00  5.96348755e+01 
 2.48908429e+00  5.96348755e+01 
 2.54648190e+00  5.96348755e+01 
 2.60520309e+00  5.96348755e+01 
 2.66527837e+00  5.96348755e+01 
 2.72673897e+00  5.96348755e+01 
 2.78961683e+00  5.96348755e+01 
 2.85394464e+00  5.96348754e+01 
 2.91975583e+00  5.96348755e+01 
 2.98708461e+00  5.96348755e+01 
 3.05596598e+00  5.96348755e+01 
 3.12643573e+00  5.96348755e+01 
 3.19853049e+00  5.96348755e+01 
 3.27228774e+00  5.96348755e+01 
 3.34774581e+00  5.96348754e+01 
 3.42494392e+00  5.96348755e+01 
 3.50392221e+00  5.96348755e+01 
 3.58472171e+00  5.96348755e+01 
 3.66738442e+00  5.96348755e+01 
 3.75195331e+00  5.96348755e+01 
 3.83847234e+00  5.96348754e+01 
 3.92698648e+00  5.96348754e+01 
 4.01754173e+00  5.96348754e+01 
 4.11018515e+00  5.96348755e+01 
 4.20496491e+00  5.96348755e+01 
 4.30193027e+00  5.96348754e+01 
 4.40113162e+00  5.96348754e+01 
 4.50262052e+00  5.96348754e+01 
 4.60644974e+00  5.96348754e+01 
 4.71267322e+00  5.96348754e+01 
 4.82134619e+00  5.96348754e+01 
 4.93252513e+00  5.96348753e+01 
 5.04626783e+00  5.96348753e+01 
 5.16263340e+00  5.96348753e+01 
 5.28168234e+00  5.96348753e+01 
 5.40347650e+00  5.96348753e+01 
 5.52807921e+00  5.96348753e+01 
 5.65555523e+00  5.96348753e+01 
 5.78597080e+00  5.96348753e+01 
 5.91939372e+00  5.96348753e+01 
 6.05589334e+00  5.96348753e+01 
 6.19554061e+00  5.96348753e+01 
 6.33840810e+00  5.96348752e+01 
 6.48457008e+00  5.96348753e+01 
 6.63410251e+00  5.96348752e+01 
 6.78708313e+00  5.96348752e+01 
 6.94359143e+00  5.96348752e+01 
 7.10370877e+00  5.96348752e+01 
 7.26751838e+00  5.96348751e+01 
 7.43510539e+00  5.96348751e+01 
 7.60655691e+00  5.96348752e+01 
 7.78196206e+00  5.96348751e+01 
 7.96141200e+00  5.96348751e+01 
 8.14500001e+00  5.96348751e+01 
 8.33282151e+00  5.96348750e+01 
 8.52497412e+00  5.96348750e+01 
 8.72155772e+00  5.96348750e+01 
 8.92267449e+00  5.96348750e+01 
 9.12842895e+00  5.96348750e+01 
 9.33892805e+00  5.96348749e+01 
 9.55428121e+00  5.96348749e+01 
 9.77460036e+00  5.96348749e+01 
 1.00000000e+01  5.96348749e+01 
 1.02305973e+01  5.96348748e+01 
 1.04665121e+01  5.96348748e+01 
 1.07078670e+01  5.96348747e+01 
 1.09547876e+01  5.96348747e+01 
 1.12074020e+01  5.96348747e+01 
 1.14658417e+01  5.96348747e+01 
 1.17302409e+01  5.96348746e+01 
 1.20007371e+01  5.96348746e+01 
 1.22774708e+01  5.96348745e+01 
 1.25605860e+01  5.96348744e+01 
 1.28502297e+01  5.96348744e+01 
 1.31465525e+01  5.96348743e+01 
 1.34497085e+01  5.96348743e+01 
 1.37598551e+01  5.96348743e+01 
 1.40771537e+01  5.96348742e+01 
 1.44017690e+01  5.96348741e+01 
 1.47338699e+01  5.96348741e+01 
 1.50736290e+01  5.96348740e+01 
 1.54212228e+01  5.96348740e+01 
 1.57768320e+01  5.96348739e+01 
 1.61406415e+01  5.96348738e+01 
 1.65128404e+01  5.96348737e+01 
 1.68936220e+01  5.96348736e+01 
 1.72831844e+01  5.96348735e+01 
 1.76817299e+01  5.96348734e+01 
 1.80894658e+01  5.96348733e+01 
 1.85066040e+01  5.96348732e+01 
 1.89333613e+01  5.96348731e+01 
 1.93699595e+01  5.96348730e+01 
 1.98166255e+01  5.96348729e+01 
 2.02735916e+01  5.96348727e+01 
 2.07410951e+01  5.96348726e+01 
 2.12193792e+01  5.96348589e+01 
 2.17086923e+01  5.96348587e+01 
 2.22092889e+01  5.96348586e+01 
 2.27214291e+01  5.96348584e+01 
 2.32453791e+01  5.96348583e+01 
 2.37814113e+01  5.96348581e+01 
 2.43298042e+01  5.96348579e+01 
 2.48908429e+01  5.96348578e+01 
 2.54648190e+01  5.96348576e+01 
 2.60520309e+01  5.96348574e+01 
 2.66527837e+01  5.96348572e+01 
 2.72673897e+01  5.96348569e+01 
 2.78961683e+01  5.96348567e+01 
 2.85394464e+01  5.96348564e+01 
 2.91975583e+01  5.96348562e+01 
 2.98708461e+01  5.96348559e+01 
 3.05596598e+01  5.96348556e+01 
 3.12643573e+01  5.96348553e+01 
 3.19853049e+01  5.96348551e+01 
 3.27228774e+01  5.96348548e+01 
 3.34774581e+01  5.96348544e+01 
 3.42494392e+01  5.96348541e+01 
 3.50392221e+01  5.96348537e+01 
 3.58472171e+01  5.96348533e+01 
 3.66738442e+01  5.96348529e+01 
 3.75195331e+01  5.96348525e+01 
 3.83847234e+01  5.96348521e+01 
 3.92698648e+01  5.96348516e+01 
 4.01754173e+01  5.96348511e+01 
 4.11018515e+01  5.96348506e+01 
 4.20496491e+01  5.96348501e+01 
 4.30193027e+01  5.96348725e+01 
 4.40113162e+01  5.96348719e+01 
 4.50262052e+01  5.96348714e+01 
 4.60644974e+01  5.96348707e+01 
 4.71267322e+01  5.96348564e+01 
 4.82134619e+01  5.96348557e+01 
 4.93252513e+01  5.96348550e+01 
 5.04626783e+01  5.96348397e+01 
 5.16263340e+01  5.96348389e+01 
 5.28168234e+01  5.96348381e+01 
 5.40347650e+01  5.96348372e+01 
 5.52807921e+01  5.96348362e+01 
 5.65555523e+01  5.96348490e+01 
 5.78597080e+01  5.96348480e+01 
 5.91939372e+01  5.96348469e+01 
 6.05589334e+01  5.96348459e+01 
 6.19554061e+01  5.96348447e+01 
 6.33840810e+01  5.96348435e+01 
 6.48457008e+01  5.96348423e+01 
 6.63410251e+01  5.96348410e+01 
 6.78708313e+01  5.96348396e+01 
 6.94359143e+01  5.96348475e+01 
 7.10370877e+01  5.96348460e+01 
 7.26751838e+01  5.96348444e+01 
 7.43510539e+01  5.96348428e+01 
 7.60655691e+01  5.96348411e+01 
 7.78196206e+01  5.96348393e+01 
 7.96141200e+01  5.96348374e+01 
 8.14500001e+01  5.96348261e+01 
 8.33282151e+01  5.96348241e+01 
 8.52497412e+01  5.96348219e+01 
 8.72155772e+01  5.96348196e+01 
 8.92267449e+01  5.96348164e+01 
 9.12842895e+01  5.96348002e+01 
 9.33892805e+01  5.96347977e+01 
 9.55428121e+01  5.96347949e+01 
 9.77460036e+01  5.96347921e+01 
 1.00000000e+02  5.96347891e+01 
 1.02305973e+02  5.96347997e+01 
 1.04665121e+02  5.96347964e+01 
 1.07078670e+02  5.96347794e+01 
 1.09547876e+02  5.96347759e+01 
 1.12074020e+02  5.96347721e+01 
 1.14658417e+02  5.96348278e+01 
 1.17302409e+02  5.96348091e+01 
 1.20007371e+02  5.96348049e+01 
 1.22774708e+02  5.96348098e+01 
 1.25605860e+02  5.96348187e+01 
 1.28502297e+02  5.96348002e+01 
 1.31465525e+02  5.96347951e+01 
 1.34497085e+02  5.96348034e+01 
 1.37598551e+02  5.96347832e+01 
 1.40771537e+02  5.96347636e+01 
 1.44017690e+02  5.96347481e+01 
 1.47338699e+02  5.96347647e+01 
 1.50736290e+02  5.96347579e+01 
 1.54212228e+02  5.96347738e+01 
 1.57768320e+02  5.96347748e+01 
 1.61406415e+02  5.96347534e+01 
 1.65128404e+02  5.96347590e+01 
 1.68936220e+02  5.96347505e+01 
 1.72831844e+02  5.96347271e+01 
 1.76817299e+02  5.96347178e+01 
 1.80894658e+02  5.96347082e+01 
 1.85066040e+02  5.96347116e+01 
 1.89333613e+02  5.96346958e+01 
 1.93699595e+02  5.96346846e+01 
 1.98166255e+02  5.96346959e+01 
 2.02735916e+02  5.96346828e+01 
 2.07410951e+02  5.96346701e+01 
 2.12193792e+02  5.96346797e+01 
 2.17086923e+02  5.96346512e+01 
 2.22092889e+02  5.96346366e+01 
 2.27214291e+02  5.96346212e+01 
 2.32453791e+02  5.96346000e+01 
 2.37814113e+02  5.96346198e+01 
 2.43298042e+02  5.96345877e+01 
 2.48908429e+02  5.96345737e+01 
 2.54648190e+02  5.96345722e+01 
 2.60520309e+02  5.96345706e+01 
 2.66527837e+02  5.96345623e+01 
 2.72673897e+02  5.96345257e+01 
 2.78961683e+02  5.96345119e+01 
 2.85394464e+02  5.96344868e+01 
 2.91975583e+02  5.96344563e+01 
 2.98708461e+02  5.96344571e+01 
 3.05596598e+02  5.96344608e+01 
 3.12643573e+02  5.96344036e+01 
 3.19853049e+02  5.96343953e+01 
 3.27228774e+02  5.96343583e+01 
 3.34774581e+02  5.96343700e+01 
 3.42494392e+02  5.96343259e+01 
 3.50392221e+02  5.96343166e+01 
 3.58472171e+02  5.96342537e+01 
 3.66738442e+02  5.96342452e+01 
 3.75195331e+02  5.96342025e+01 
 3.83847234e+02  5.96341994e+01 
 3.92698648e+02  5.96341758e+01 
 4.01754173e+02  5.96341218e+01 
 4.11018515e+02  5.96340937e+01 
 4.20496491e+02  5.96340727e+01 
 4.30193027e+02  5.96339887e+01 
 4.40113162e+02  5.96339899e+01 
 4.50262052e+02  5.96339422e+01 
 4.60644974e+02  5.96338868e+01 
 4.71267322e+02  5.96338421e+01 
 4.82134619e+02  5.96337855e+01 
 4.93252513e+02  5.96337575e+01 
 5.04626783e+02  5.96336988e+01 
 5.16263340e+02  5.96336365e+01 
 5.28168234e+02  5.96336072e+01 
 5.40347650e+02  5.96335145e+01 
 5.52807921e+02  5.96334857e+01 
 5.65555523e+02  5.96333931e+01 
 5.78597080e+02  5.96333336e+01 
 5.91939372e+02  5.96332592e+01 
 6.05589334e+02  5.96331894e+01 
 6.19554061e+02  5.96331237e+01 
 6.33840810e+02  5.96330152e+01 
 6.48457008e+02  5.96329293e+01 
 6.63410251e+02  5.96328554e+01 
 6.78708313e+02  5.96327714e+01 
 6.94359143e+02  5.96326620e+01 
 7.10370877e+02  5.96325503e+01 
 7.26751838e+02  5.96324494e+01 
 7.43510539e+02  5.96322961e+01 
 7.60655691e+02  5.96322168e+01 
 7.78196206e+02  5.96320836e+01 
 7.96141200e+02  5.96319607e+01 
 8.14500001e+02  5.96318426e+01 
 8.33282151e+02  5.96316872e+01 
 8.52497412e+02  5.96315035e+01 
 8.72155772e+02  5.96313879e+01 
 8.92267449e+02  5.96312151e+01 
 9.12842895e+02  5.96310322e+01 
 9.33892805e+02  5.96308682e+01 
 9.55428121e+02  5.96307067e+01 
 9.77460036e+02  5.96305043e+01 
 1.00000000e+03  5.96302795e+01 
 1.02305973e+03  5.96301004e+01 
 1.04665121e+03  5.96298557e+01 
 1.07078670e+03  5.96296042e+01 
 1.09547876e+03  5.96293837e+01 
 1.12074020e+03  5.96290990e+01 
 1.14658417e+03  5.96288436e+01 
 1.17302409e+03  5.96285640e+01 
 1.20007371e+03  5.96282614e+01 
 1.22774708e+03  5.96279650e+01 
 1.25605860e+03  5.96276433e+01 
 1.28502297e+03  5.96273043e+01 
 1.31465525e+03  5.96269279e+01 
 1.34497085e+03  5.96265736e+01 
 1.37598551e+03  5.96261934e+01 
 1.40771537e+03  5.96258048e+01 
 1.44017690e+03  5.96253743e+01 
 1.47338699e+03  5.96249508e+01 
 1.50736290e+03  5.96244702e+01 
 1.54212228e+03  5.96240023e+01 
 1.57768320e+03  5.96234743e+01 
 1.61406415e+03  5.96229341e+01 
 1.65128404e+03  5.96223654e+01 
 1.68936220e+03  5.96218095e+01 
 1.72831844e+03  5.96211953e+01 
 1.76817299e+03  5.96205796e+01 
 1.80894658e+03  5.96198844e+01 
 1.85066040e+03  5.96191925e+01 
 1.89333613e+03  5.96184805e+01 
 1.93699595e+03  5.96177359e+01 
 1.98166255e+03  5.96169440e+01 
 2.02735916e+03  5.96160960e+01 
 2.07410951e+03  5.96152179e+01 
 2.12193792e+03  5.96143076e+01 
 2.17086923e+03  5.96133421e+01 
 2.22092889e+03  5.96123709e+01 
 2.27214291e+03  5.96113210e+01 
 2.32453791e+03  5.96102069e+01 
 2.37814113e+03  5.96090363e+01 
 2.43298042e+03  5.96078506e+01 
 2.48908429e+03  5.96065769e+01 
 2.54648190e+03  5.96052569e+01 
 2.60520309e+03  5.96038887e+01 
 2.66527837e+03  5.96024435e+01 
 2.72673897e+03  5.96009689e+01 
 2.78961683e+03  5.95993657e+01 
 2.85394464e+03  5.95977232e+01 
 2.91975583e+03  5.95959936e+01 
 2.98708461e+03  5.95941871e+01 
 3.05596598e+03  5.95922917e+01 
 3.12643573e+03  5.95903040e+01 
 3.19853049e+03  5.95882659e+01 
 3.27228774e+03  5.95860815e+01 
 3.34774581e+03  5.95838586e+01 
 3.42494392e+03  5.95814787e+01 
 3.50392221e+03  5.95789820e+01 
 3.58472171e+03  5.95764203e+01 
 3.66738442e+03  5.95737120e+01 
 3.75195331e+03  5.95708764e+01 
 3.83847234e+03  5.95678869e+01 
 3.92698648e+03  5.95647900e+01 
 4.01754173e+03  5.95615310e+01 
 4.11018515e+03  5.95581353e+01 
 4.20496491e+03  5.95545893e+01 
 4.30193027e+03  5.95508772e+01 
 4.40113162e+03  5.95470165e+01 
 4.50262052e+03  5.95429524e+01 
 4.60644974e+03  5.95387202e+01 
 4.71267322e+03  5.95342569e+01 
 4.82134619e+03  5.95296315e+01 
 4.93252513e+03  5.95248024e+01 
 5.04626783e+03  5.95197414e+01 
 5.16263340e+03  5.95144490e+01 
 5.28168234e+03  5.95089161e+01 
 5.40347650e+03  5.95031011e+01 
 5.52807921e+03  5.94970456e+01 
 5.65555523e+03  5.94907408e+01 
 5.78597080e+03  5.94841420e+01 
 5.91939372e+03  5.94772286e+01 
 6.05589334e+03  5.94700132e+01 
 6.19554061e+03  5.94624754e+01 
 6.33840810e+03  5.94545640e+01 
 6.48457008e+03  5.94463512e+01 
 6.63410251e+03  5.94377510e+01 
 6.78708313e+03  5.94287893e+01 
 6.94359143e+03  5.94193923e+01 
 7.10370877e+03  5.94096046e+01 
 7.26751838e+03  5.93993357e+01 
 7.43510539e+03  5.93887023e+01 
 7.60655691e+03  5.93775957e+01 
 7.78196206e+03  5.93659366e+01 
 7.96141200e+03  5.93538142e+01 
 8.14500001e+03  5.93411093e+01 
 8.33282151e+03  5.93278955e+01 
 8.52497412e+03  5.93141318e+01 
 8.72155772e+03  5.92997400e+01 
 8.92267449e+03  5.92847127e+01 
 9.12842895e+03  5.92690153e+01 
 9.33892805e+03  5.92527207e+01 
 9.55428121e+03  5.92356700e+01 
 9.77460036e+03  5.92179348e+01 
 1.00000000e+04  5.91994725e+01 
 1.02305973e+04  5.91801677e+01 
 1.04665121e+04  5.91600648e+01 
 1.07078670e+04  5.91391782e+01 
 1.09547876e+04  5.91173586e+01 
 1.12074020e+04  5.90947039e+01 
 1.14658417e+04  5.90710482e+01 
 1.17302409e+04  5.90464739e+01 
 1.20007371e+04  5.90209147e+01 
 1.22774708e+04  5.89943065e+01 
 1.25605860e+04  5.89665960e+01 
 1.28502297e+04  5.89378697e+01 
 1.31465525e+04  5.89079085e+01 
 1.34497085e+04  5.88767868e+01 
 1.37598551e+04  5.88445708e+01 
 1.40771537e+04  5.88110316e+01 
 1.44017690e+04  5.87761981e+01 
 1.47338699e+04  5.87400187e+01 
 1.50736290e+04  5.87025040e+01 
 1.54212228e+04  5.86635756e+01 
 1.57768320e+04  5.86232048e+01 
 1.61406415e+04  5.85813917e+01 
 1.65128404e+04  5.85380075e+01 
 1.68936220e+04  5.84931222e+01 
 1.72831844e+04  5.84465522e+01 
 1.76817299e+04  5.83983946e+01 
 1.80894658e+04  5.83485628e+01 
 1.85066040e+04  5.82970480e+01 
 1.89333613e+04  5.82437290e+01 
 1.93699595e+04  5.81886281e+01 
 1.98166255e+04  5.81317490e+01 
 2.02735916e+04  5.80729809e+01 
 2.07410951e+04  5.80123605e+01 
 2.12193792e+04  5.79497693e+01 
 2.17086923e+04  5.78852984e+01 
 2.22092889e+04  5.78187212e+01 
 2.27214291e+04  5.77501922e+01 
 2.32453791e+04  5.76795806e+01 
 2.37814113e+04  5.76069268e+01 
 2.43298042e+04  5.75322045e+01 
 2.48908429e+04  5.74553086e+01 
 2.54648190e+04  5.73763086e+01 
 2.60520309e+04  5.72951651e+01 
 2.66527837e+04  5.72117998e+01 
 2.72673897e+04  5.71262517e+01 
 2.78961683e+04  5.70385366e+01 
 2.85394464e+04  5.69485757e+01 
 2.91975583e+04  5.68564106e+01 
 2.98708461e+04  5.67620334e+01 
 3.05596598e+04  5.66653899e+01 
 3.12643573e+04  5.65665085e+01 
 3.19853049e+04  5.64654436e+01 
 3.27228774e+04  5.63621238e+01 
 3.34774581e+04  5.62565191e+01 
 3.42494392e+04  5.61487648e+01 
 3.50392221e+04  5.60387949e+01 
 3.58472171e+04  5.59266124e+01 
 3.66738442e+04  5.58122519e+01 
 3.75195331e+04  5.56957057e+01 
 3.83847234e+04  5.55770009e+01 
 3.92698648e+04  5.54561786e+01 
 4.01754173e+04  5.53332303e+01 
 4.11018515e+04  5.52082387e+01 
 4.20496491e+04  5.50811474e+01 
 4.30193027e+04  5.49520278e+01 
 4.40113162e+04  5.48208052e+01 
 4.50262052e+04  5.46876602e+01 
 4.60644974e+04  5.45525436e+01 
 4.71267322e+04  5.44155093e+01 
 4.82134619e+04  5.42766136e+01 
 4.93252513e+04  5.41357919e+01 
 5.04626783e+04  5.39931529e+01 
 5.16263340e+04  5.38486769e+01 
 5.28168234e+04  5.37024443e+01 
 5.40347650e+04  5.35544752e+01 
 5.52807921e+04  5.34047683e+01 
 5.65555523e+04  5.32534071e+01 
 5.78597080e+04  5.31003473e+01 
 5.91939372e+04  5.29457145e+01 
 6.05589334e+04  5.27895027e+01 
 6.19554061e+04  5.26316886e+01 
 6.33840810e+04  5.24723784e+01 
 6.48457008e+04  5.23115388e+01 
 6.63410251e+04  5.21492310e+01 
 6.78708313e+04  5.19854724e+01 
 6.94359143e+04  5.18202756e+01 
 7.10370877e+04  5.16536781e+01 
 7.26751838e+04  5.14857361e+01 
 7.43510539e+04  5.13164242e+01 
 7.60655691e+04  5.11457859e+01 
 7.78196206e+04  5.09738539e+01 
 7.96141200e+04  5.08005832e+01 
 8.14500001e+04  5.06260755e+01 
 8.33282151e+04  5.04503057e+01 
 8.52497412e+04  5.02732894e+01 
 8.72155772e+04  5.00950604e+01 
 8.92267449e+04  4.99155901e+01 
 9.12842895e+04  4.97349381e+01 
 9.33892805e+04  4.95531234e+01 
 9.55428121e+04  4.93701056e+01 
 9.77460036e+04  4.91859020e+01 
 1.00000000e+05  4.90005373e+01 
 1.02305973e+05  4.88140422e+01 
 1.04665121e+05  4.86263888e+01 
 1.07078670e+05  4.84375888e+01 
 1.09547876e+05  4.82476244e+01 
 1.12074020e+05  4.80565567e+01 
 1.14658417e+05  4.78643814e+01 
 1.17302409e+05  4.76710949e+01 
 1.20007371e+05  4.74766641e+01 
 1.22774708e+05  4.72811446e+01 
 1.25605860e+05  4.70845067e+01 
 1.28502297e+05  4.68867737e+01 
 1.31465525e+05  4.66879410e+01 
 1.34497085e+05  4.64880343e+01 
 1.37598551e+05  4.62870370e+01 
 1.40771537e+05  4.60849956e+01 
 1.44017690e+05  4.58818670e+01 
 1.47338699e+05  4.56776972e+01 
 1.50736290e+05  4.54724862e+01 
 1.54212228e+05  4.52662688e+01 
 1.57768320e+05  4.50590364e+01 
 1.61406415e+05  4.48508550e+01 
 1.65128404e+05  4.46417037e+01 
 1.68936220e+05  4.44316507e+01 
 1.72831844e+05  4.42206971e+01 
 1.76817299e+05  4.40089018e+01 
 1.80894658e+05  4.37963047e+01 
 1.85066040e+05  4.35829630e+01 
 1.89333613e+05  4.33689256e+01 
 1.93699595e+05  4.31542612e+01 
 1.98166255e+05  4.29390144e+01 
 2.02735916e+05  4.27233113e+01 
 2.07410951e+05  4.25072147e+01 
 2.12193792e+05  4.22908359e+01 
 2.17086923e+05  4.20742969e+01 
 2.22092889e+05  4.18576633e+01 
 2.27214291e+05  4.16411095e+01 
 2.32453791e+05  4.14247661e+01 
 2.37814113e+05  4.12087779e+01 
 2.43298042e+05  4.09933579e+01 
 2.48908429e+05  4.07786724e+01 
 2.54648190e+05  4.05649241e+01 
 2.60520309e+05  4.03523166e+01 
 2.66527837e+05  4.01411081e+01 
 2.72673897e+05  3.99315449e+01 
 2.78961683e+05  3.97238716e+01 
 2.85394464e+05  3.95183769e+01 
 2.91975583e+05  3.93153579e+01 
 2.98708461e+05  3.91151161e+01 
 3.05596598e+05  3.89179778e+01 
 3.12643573e+05  3.87242793e+01 
 3.19853049e+05  3.85343711e+01 
 3.27228774e+05  3.83485709e+01 
 3.34774581e+05  3.81672432e+01 
 3.42494392e+05  3.79907433e+01 
 3.50392221e+05  3.78194115e+01 
 3.58472171e+05  3.76536069e+01 
 3.66738442e+05  3.74936513e+01 
 3.75195331e+05  3.73398634e+01 
 3.83847234e+05  3.71925429e+01 
 3.92698648e+05  3.70519605e+01 
 4.01754173e+05  3.69183866e+01 
 4.11018515e+05  3.67920035e+01 
 4.20496491e+05  3.66730112e+01 
 4.30193027e+05  3.65615664e+01 
 4.40113162e+05  3.64577585e+01 
 4.50262052e+05  3.63616511e+01 
 4.60644974e+05  3.62732889e+01 
 4.71267322e+05  3.61926187e+01 
 4.82134619e+05  3.61195960e+01 
 4.93252513e+05  3.60541245e+01 
 5.04626783e+05  3.59960537e+01 
 5.16263340e+05  3.59452173e+01 
 5.28168234e+05  3.59013913e+01 
 5.40347650e+05  3.58643557e+01 
 5.52807921e+05  3.58338424e+01 
 5.65555523e+05  3.58095708e+01 
 5.78597080e+05  3.57912416e+01 
 5.91939372e+05  3.57785459e+01 
 6.05589334e+05  3.57711641e+01 
 6.19554061e+05  3.57687772e+01 
 6.33840810e+05  3.57710562e+01 
 6.48457008e+05  3.57776794e+01 
 6.63410251e+05  3.57883313e+01 
 6.78708313e+05  3.58026961e+01 
 6.94359143e+05  3.58204740e+01 
 7.10370877e+05  3.58413686e+01 
 7.26751838e+05  3.58651070e+01 
 7.43510539e+05  3.58914130e+01 
 7.60655691e+05  3.59200349e+01 
 7.78196206e+05  3.59507296e+01 
 7.96141200e+05  3.59832669e+01 
 8.14500001e+05  3.60174368e+01 
 8.33282151e+05  3.60530366e+01 
 8.52497412e+05  3.60898845e+01 
 8.72155772e+05  3.61277998e+01 
 8.92267449e+05  3.61666216e+01 
 9.12842895e+05  3.62062012e+01 
 9.33892805e+05  3.62464011e+01 
 9.55428121e+05  3.62870894e+01 
 9.77460036e+05  3.63281558e+01 
 1.00000000e+06  3.63694879e+01 
 1.02305973e+06  3.64109873e+01 
 1.04665121e+06  3.64525647e+01 
 1.07078670e+06  3.64941362e+01 
 1.09547876e+06  3.65356308e+01 
 1.12074020e+06  3.65769787e+01 
 1.14658417e+06  3.66181209e+01 
 1.17302409e+06  3.66589991e+01 
 1.20007371e+06  3.66995678e+01 
 1.22774708e+06  3.67397792e+01 
 1.25605860e+06  3.67795972e+01 
 1.28502297e+06  3.68189876e+01 
 1.31465525e+06  3.68579202e+01 
 1.34497085e+06  3.68963708e+01 
 1.37598551e+06  3.69343166e+01 
 1.40771537e+06  3.69717385e+01 
 1.44017690e+06  3.70086204e+01 
 1.47338699e+06  3.70449546e+01 
 1.50736290e+06  3.70807305e+01 
 1.54212228e+06  3.71159435e+01 
 1.57768320e+06  3.71505906e+01 
 1.61406415e+06  3.71846702e+01 
 1.65128404e+06  3.72181845e+01 
 1.68936220e+06  3.72511406e+01 
 1.72831844e+06  3.72835410e+01 
 1.76817299e+06  3.73153968e+01 
 1.80894658e+06  3.73467177e+01 
 1.85066040e+06  3.73775145e+01 
 1.89333613e+06  3.74078035e+01 
 1.93699595e+06  3.74375995e+01 
 1.98166255e+06  3.74669184e+01 
 2.02735916e+06  3.74957804e+01 
 2.07410951e+06  3.75242043e+01 
 2.12193792e+06  3.75522112e+01 
 2.17086923e+06  3.75798241e+01 
 2.22092889e+06  3.76070666e+01 
 2.27214291e+06  3.76339627e+01 
 2.32453791e+06  3.76605389e+01 
 2.37814113e+06  3.76868213e+01 
 2.43298042e+06  3.77128380e+01 
 2.48908429e+06  3.77386176e+01 
 2.54648190e+06  3.77641891e+01 
 2.60520309e+06  3.77895825e+01 
 2.66527837e+06  3.78148291e+01 
 2.72673897e+06  3.78399613e+01 
 2.78961683e+06  3.78650107e+01 
 2.85394464e+06  3.78900104e+01 
 2.91975583e+06  3.79149946e+01 
 2.98708461e+06  3.79399970e+01 
 3.05596598e+06  3.79650536e+01 
 3.12643573e+06  3.79901995e+01 
 3.19853049e+06  3.80154703e+01 
 3.27228774e+06  3.80409042e+01 
 3.34774581e+06  3.80665372e+01 
 3.42494392e+06  3.80924083e+01 
 3.50392221e+06  3.81185552e+01 
 3.58472171e+06  3.81450172e+01 
 3.66738442e+06  3.81718338e+01 
 3.75195331e+06  3.81990451e+01 
 3.83847234e+06  3.82266913e+01 
 3.92698648e+06  3.82548136e+01 
 4.01754173e+06  3.82834537e+01 
 4.11018515e+06  3.83126531e+01 
 4.20496491e+06  3.83424545e+01 
 4.30193027e+06  3.83729007e+01 
 4.40113162e+06  3.84040352e+01 
 4.50262052e+06  3.84359013e+01 
 4.60644974e+06  3.84685434e+01 
 4.71267322e+06  3.85020057e+01 
 4.82134619e+06  3.85363330e+01 
 4.93252513e+06  3.85715705e+01 
 5.04626783e+06  3.86077633e+01 
 5.16263340e+06  3.86449569e+01 
 5.28168234e+06  3.86831970e+01 
 5.40347650e+06  3.87225297e+01 
 5.52807921e+06  3.87630004e+01 
 5.65555523e+06  3.88046554e+01 
 5.78597080e+06  3.88475402e+01 
 5.91939372e+06  3.88917010e+01 
 6.05589334e+06  3.89371831e+01 
 6.19554061e+06  3.89840318e+01 
 6.33840810e+06  3.90322922e+01 
 6.48457008e+06  3.90820088e+01 
 6.63410251e+06  3.91332256e+01 
 6.78708313e+06  3.91859863e+01 
 6.94359143e+06  3.92403334e+01 
 7.10370877e+06  3.92963091e+01 
 7.26751838e+06  3.93539545e+01 
 7.43510539e+06  3.94133097e+01 
 7.60655691e+06  3.94744137e+01 
 7.78196206e+06  3.95373044e+01 
 7.96141200e+06  3.96020183e+01 
 8.14500001e+06  3.96685907e+01 
 8.33282151e+06  3.97370549e+01 
 8.52497412e+06  3.98074432e+01 
 8.72155772e+06  3.98797859e+01 
 8.92267449e+06  3.99541114e+01 
 9.12842895e+06  4.00304461e+01 
 9.33892805e+06  4.01088149e+01 
 9.55428121e+06  4.01892400e+01 
 9.77460036e+06  4.02717421e+01 
 1.00000000e+07  4.03563388e+01 
 1.02305973e+07  4.04430463e+01 
 1.04665121e+07  4.05318777e+01 
 1.07078670e+07  4.06228441e+01 
 1.09547876e+07  4.07159541e+01 
 1.12074020e+07  4.08112136e+01 
 1.14658417e+07  4.09086261e+01 
 1.17302409e+07  4.10081927e+01 
 1.20007371e+07  4.11099116e+01 
 1.22774708e+07  4.12137788e+01 
 1.25605860e+07  4.13197875e+01 
 1.28502297e+07  4.14279287e+01 
 1.31465525e+07  4.15381905e+01 
 1.34497085e+07  4.16505589e+01 
 1.37598551e+07  4.17650172e+01 
 1.40771537e+07  4.18815467e+01 
 1.44017690e+07  4.20001261e+01 
 1.47338699e+07  4.21207322e+01 
 1.50736290e+07  4.22433393e+01 
 1.54212228e+07  4.23679197e+01 
 1.57768320e+07  4.24944441e+01 
 1.61406415e+07  4.26228808e+01 
 1.65128404e+07  4.27531965e+01 
 1.68936220e+07  4.28853565e+01 
 1.72831844e+07  4.30193239e+01 
 1.76817299e+07  4.31550609e+01 
 1.80894658e+07  4.32925278e+01 
 1.85066040e+07  4.34316839e+01 
 1.89333613e+07  4.35724872e+01 
 1.93699595e+07  4.37148943e+01 
 1.98166255e+07  4.38588614e+01 
 2.02735916e+07  4.40043430e+01 
 2.07410951e+07  4.41512935e+01 
 2.12193792e+07  4.42996660e+01 
 2.17086923e+07  4.44494132e+01 
 2.22092889e+07  4.46004870e+01 
 2.27214291e+07  4.47528388e+01 
 2.32453791e+07  4.49064197e+01 
 2.37814113e+07  4.50611802e+01 
 2.43298042e+07  4.52170703e+01 
 2.48908429e+07  4.53740402e+01 
 2.54648190e+07  4.55320393e+01 
 2.60520309e+07  4.56910168e+01 
 2.66527837e+07  4.58509220e+01 
 2.72673897e+07  4.60117040e+01 
 2.78961683e+07  4.61733113e+01 
 2.85394464e+07  4.63356926e+01 
 2.91975583e+07  4.64987963e+01 
 2.98708461e+07  4.66625707e+01 
 3.05596598e+07  4.68269639e+01 
 3.12643573e+07  4.69919238e+01 
 3.19853049e+07  4.71573981e+01 
 3.27228774e+07  4.73233345e+01 
 3.34774581e+07  4.74896797e+01 
 3.42494392e+07  4.76563808e+01 
 3.50392221e+07  4.78233846e+01 
 3.58472171e+07  4.79906369e+01 
 3.66738442e+07  4.81580836e+01 
 3.75195331e+07  4.83256696e+01 
 3.83847234e+07  4.84933395e+01 
 3.92698648e+07  4.86610371e+01 
 4.01754173e+07  4.88287057e+01 
 4.11018515e+07  4.89962872e+01 
 4.20496491e+07  4.91637234e+01 
 4.30193027e+07  4.93309541e+01 
 4.40113162e+07  4.94979188e+01 
 4.50262052e+07  4.96645550e+01 
 4.60644974e+07  4.98307994e+01 
 4.71267322e+07  4.99965870e+01 
 4.82134619e+07  5.01618510e+01 
 4.93252513e+07  5.03265229e+01 
 5.04626783e+07  5.04905325e+01 
 5.16263340e+07  5.06538072e+01 
 5.28168234e+07  5.08162724e+01 
 5.40347650e+07  5.09778506e+01 
 5.52807921e+07  5.11384622e+01 
 5.65555523e+07  5.12980249e+01 
 5.78597080e+07  5.14564525e+01 
 5.91939372e+07  5.16136567e+01 
 6.05589334e+07  5.17695450e+01 
 6.19554061e+07  5.19240216e+01 
 6.33840810e+07  5.20769866e+01 
 6.48457008e+07  5.22283363e+01 
 6.63410251e+07  5.23779623e+01 
 6.78708313e+07  5.25257520e+01 
 6.94359143e+07  5.26715877e+01 
 7.10370877e+07  5.28153466e+01 
 7.26751838e+07  5.29569007e+01 
 7.43510539e+07  5.30961166e+01 
 7.60655691e+07  5.32328551e+01 
 7.78196206e+07  5.33669711e+01 
 7.96141200e+07  5.34983136e+01 
 8.14500001e+07  5.36267256e+01 
 8.33282151e+07  5.37520443e+01 
 8.52497412e+07  5.38741010e+01 
 8.72155772e+07  5.39927214e+01 
 8.92267449e+07  5.41077264e+01 
 9.12842895e+07  5.42189326e+01 
 9.33892805e+07  5.43261536e+01 
 9.55428121e+07  5.44292012e+01 
 9.77460036e+07  5.45278873e+01 
 1.00000000e+08  5.46220274e+01 
 1.02305973e+08  5.47114433e+01 
 1.04665121e+08  5.47959681e+01 
 1.07078670e+08  5.48754518e+01 
 1.09547876e+08  5.49497697e+01 
 1.12074020e+08  5.50188319e+01 
 1.14658417e+08  5.50825953e+01 
 1.17302409e+08  5.51410804e+01 
 1.20007371e+08  5.51943907e+01 
 1.22774708e+08  5.52427378e+01 
 1.25605860e+08  5.52864720e+01 
 1.28502297e+08  5.53261201e+01 
 1.31465525e+08  5.53624311e+01 
 1.34497085e+08  5.53964299e+01 
 1.37598551e+08  5.54294793e+01 
 1.40771537e+08  5.54633499e+01 
 1.44017690e+08  5.55002926e+01 
 1.47338699e+08  5.55431098e+01 
 1.50736290e+08  5.55952132e+01 
 1.54212228e+08  5.56606546e+01 
 1.57768320e+08  5.57441079e+01 
 1.61406415e+08  5.58507793e+01 
 1.65128404e+08  5.59862220e+01 
 1.68936220e+08  5.61560407e+01 
 1.72831844e+08  5.63654909e+01 
 1.76817299e+08  5.66190042e+01 
 1.80894658e+08  5.69197043e+01 
 1.85066040e+08  5.72690010e+01 
 1.89333613e+08  5.76663457e+01 
 1.93699595e+08  5.81092064e+01 
 1.98166255e+08  5.85932693e+01 
 2.02735916e+08  5.91128175e+01 
 2.07410951e+08  5.96612090e+01 
 2.12193792e+08  6.02313647e+01 
 2.17086923e+08  6.08161957e+01 
 2.22092889e+08  6.14089345e+01 
 2.27214291e+08  6.20033571e+01 
 2.32453791e+08  6.25939097e+01 
 2.37814113e+08  6.31757612e+01 
 2.43298042e+08  6.37448040e+01 
 2.48908429e+08  6.42976250e+01 
 2.54648190e+08  6.48314597e+01 
 2.60520309e+08  6.53441406e+01 
 2.66527837e+08  6.58340438e+01 
 2.72673897e+08  6.63000376e+01 
 2.78961683e+08  6.67414321e+01 
 2.85394464e+08  6.71579311e+01 
 2.91975583e+08  6.75495834e+01 
 2.98708461e+08  6.79167364e+01 
 3.05596598e+08  6.82599885e+01 
 3.12643573e+08  6.85801440e+01 
 3.19853049e+08  6.88781686e+01 
 3.27228774e+08  6.91551482e+01 
 3.34774581e+08  6.94122507e+01 
 3.42494392e+08  6.96506916e+01 
 3.50392221e+08  6.98717051e+01 
 3.58472171e+08  7.00765185e+01 
 3.66738442e+08  7.02663327e+01 
 3.75195331e+08  7.04423061e+01 
 3.83847234e+08  7.06055434e+01 
 3.92698648e+08  7.07570874e+01 
 4.01754173e+08  7.08979144e+01 
 4.11018515e+08  7.10289316e+01 
 4.20496491e+08  7.11509774e+01 
 4.30193027e+08  7.12648220e+01 
 4.40113162e+08  7.13711703e+01 
 4.50262052e+08  7.14706651e+01 
 4.60644974e+08  7.15638906e+01 
 4.71267322e+08  7.16513769e+01 
 4.82134619e+08  7.17336039e+01 
 4.93252513e+08  7.18110052e+01 
 5.04626783e+08  7.18839729e+01 
 5.16263340e+08  7.19528606e+01 
 5.28168234e+08  7.20179873e+01 
 5.40347650e+08  7.20796411e+01 
 5.52807921e+08  7.21380820e+01 
 5.65555523e+08  7.21935447e+01 
 5.78597080e+08  7.22462412e+01 
 5.91939372e+08  7.22963635e+01 
 6.05589334e+08  7.23440853e+01 
 6.19554061e+08  7.23895639e+01 
 6.33840810e+08  7.24329423e+01 
 6.48457008e+08  7.24743502e+01 
 6.63410251e+08  7.25139058e+01 
 6.78708313e+08  7.25517169e+01 
 6.94359143e+08  7.25878816e+01 
 7.10370877e+08  7.26224901e+01 
 7.26751838e+08  7.26556246e+01 
 7.43510539e+08  7.26873608e+01 
 7.60655691e+08  7.27177682e+01 
 7.78196206e+08  7.27469108e+01 
 7.96141200e+08  7.27748476e+01 
 8.14500001e+08  7.28016333e+01 
 8.33282151e+08  7.28273185e+01 
 8.52497412e+08  7.28519500e+01 
 8.72155772e+08  7.28755715e+01 
 8.92267449e+08  7.28982237e+01 
 9.12842895e+08  7.29199443e+01 
 9.33892805e+08  7.29407688e+01 
 9.55428121e+08  7.29607305e+01 
 9.77460036e+08  7.29798604e+01 
 1.00000000e+09  7.29981878e+01 
