 freq            v(vout_RF_filt_spec_db)
 2.86604247e+06 -8.23040194e+01 
 2.99065301e+06 -7.53297903e+01 
 3.11526355e+06 -8.73648012e+01 
 3.23987409e+06 -7.90761091e+01 
 3.36448464e+06 -8.74300326e+01 
 3.48909518e+06 -8.12134676e+01 
 3.61370572e+06 -8.72850696e+01 
 3.73831626e+06 -8.94564228e+01 
 3.86292680e+06 -8.10984588e+01 
 3.98753735e+06 -8.53827430e+01 
 4.11214789e+06 -9.08384977e+01 
 4.23675843e+06 -8.25075099e+01 
 4.36136897e+06 -7.56562531e+01 
 4.48597951e+06 -7.48768777e+01 
 4.61059006e+06 -9.00746114e+01 
 4.73520060e+06 -7.90280676e+01 
 4.85981114e+06 -7.38801387e+01 
 4.98442168e+06 -7.30757278e+01 
 5.10903222e+06 -8.95293426e+01 
 5.23364277e+06 -7.67317957e+01 
 5.35825331e+06 -7.84815800e+01 
 5.48286385e+06 -8.77236271e+01 
 5.60747439e+06 -7.71621083e+01 
 5.73208493e+06 -7.19520645e+01 
 5.85669548e+06 -8.01488616e+01 
 5.98130602e+06 -8.09171635e+01 
 6.10591656e+06 -8.65365628e+01 
 6.23052710e+06 -7.87251863e+01 
 6.35513764e+06 -7.98822440e+01 
 6.47974819e+06 -8.41507244e+01 
 6.60435873e+06 -7.50013718e+01 
 6.72896927e+06 -7.13566522e+01 
 6.85357981e+06 -7.70276061e+01 
 6.97819036e+06 -9.68843913e+01 
 7.10280090e+06 -8.79768454e+01 
 7.22741144e+06 -8.01757638e+01 
 7.35202198e+06 -8.32833675e+01 
 7.47663252e+06 -8.71635919e+01 
 7.60124307e+06 -7.35032283e+01 
 7.72585361e+06 -6.90394484e+01 
 7.85046415e+06 -7.48325597e+01 
 7.97507469e+06 -8.57158773e+01 
 8.09968523e+06 -7.64273347e+01 
 8.22429578e+06 -7.68332074e+01 
 8.34890632e+06 -8.14373061e+01 
 8.47351686e+06 -8.48985037e+01 
 8.59812740e+06 -8.08157266e+01 
 8.72273794e+06 -7.26997491e+01 
 8.84734849e+06 -8.35673167e+01 
 8.97195903e+06 -7.89292882e+01 
 9.09656957e+06 -7.81469214e+01 
 9.22118011e+06 -7.36809286e+01 
 9.34579065e+06 -8.60018305e+01 
 9.47040120e+06 -7.41434602e+01 
 9.59501174e+06 -7.69133593e+01 
 9.71962228e+06 -8.79895870e+01 
 9.84423282e+06 -7.49729780e+01 
 9.96884336e+06 -6.92614382e+01 
 1.00934539e+07 -7.32888034e+01 
 1.02180644e+07 -8.26239254e+01 
 1.03426750e+07 -8.18655619e+01 
 1.04672855e+07 -9.45065590e+01 
 1.05918961e+07 -8.53253453e+01 
 1.07165066e+07 -7.86366282e+01 
 1.08411172e+07 -7.85313637e+01 
 1.09657277e+07 -8.25988576e+01 
 1.10903382e+07 -7.87120845e+01 
 1.12149488e+07 -7.62703572e+01 
 1.13395593e+07 -7.70975953e+01 
 1.14641699e+07 -8.21508353e+01 
 1.15887804e+07 -8.12663926e+01 
 1.17133910e+07 -7.69991222e+01 
 1.18380015e+07 -7.57230238e+01 
 1.19626120e+07 -6.91482134e+01 
 1.20872226e+07 -7.94278207e+01 
 1.22118331e+07 -7.86758546e+01 
 1.23364437e+07 -7.62013156e+01 
 1.24610542e+07 -7.28936219e+01 
 1.25856647e+07 -7.62862255e+01 
 1.27102753e+07 -8.20379135e+01 
 1.28348858e+07 -8.14463953e+01 
 1.29594964e+07 -7.69413141e+01 
 1.30841069e+07 -9.08436879e+01 
 1.32087175e+07 -7.72560188e+01 
 1.33333280e+07 -7.50026390e+01 
 1.34579385e+07 -8.32721320e+01 
 1.35825491e+07 -7.88656724e+01 
 1.37071596e+07 -7.30678113e+01 
 1.38317702e+07 -7.36965473e+01 
 1.39563807e+07 -8.08494404e+01 
 1.40809913e+07 -8.41586987e+01 
 1.42056018e+07 -8.59562025e+01 
 1.43302123e+07 -8.31608199e+01 
 1.44548229e+07 -8.45153257e+01 
 1.45794334e+07 -8.21787570e+01 
 1.47040440e+07 -8.58955597e+01 
 1.48286545e+07 -9.30825709e+01 
 1.49532650e+07 -9.00009417e+01 
 1.50778756e+07 -1.01436705e+02 
 1.52024861e+07 -8.85388657e+01 
 1.53270967e+07 -8.00531359e+01 
 1.54517072e+07 -7.36648460e+01 
 1.55763178e+07 -7.66690258e+01 
 1.57009283e+07 -7.40882093e+01 
 1.58255388e+07 -7.43533251e+01 
 1.59501494e+07 -7.40732570e+01 
 1.60747599e+07 -7.48223225e+01 
 1.61993705e+07 -7.50067098e+01 
 1.63239810e+07 -7.94938747e+01 
 1.64485916e+07 -7.07796515e+01 
 1.65732021e+07 -7.61095308e+01 
 1.66978126e+07 -8.46967490e+01 
 1.68224232e+07 -7.74877785e+01 
 1.69470337e+07 -7.80723593e+01 
 1.70716443e+07 -7.72240221e+01 
 1.71962548e+07 -7.49459077e+01 
 1.73208653e+07 -7.68012036e+01 
 1.74454759e+07 -7.23601127e+01 
 1.75700864e+07 -8.03937004e+01 
 1.76946970e+07 -7.04652764e+01 
 1.78193075e+07 -7.59447878e+01 
 1.79439181e+07 -8.45008509e+01 
 1.80685286e+07 -8.13839690e+01 
 1.81931391e+07 -7.70675808e+01 
 1.83177497e+07 -7.54368862e+01 
 1.84423602e+07 -7.51030278e+01 
 1.85669708e+07 -7.69729239e+01 
 1.86915813e+07 -7.60094328e+01 
 1.88161919e+07 -7.54928914e+01 
 1.89408024e+07 -6.87275326e+01 
 1.90654129e+07 -7.21833767e+01 
 1.91900235e+07 -7.39410477e+01 
 1.93146340e+07 -7.96669282e+01 
 1.94392446e+07 -7.90226578e+01 
 1.95638551e+07 -7.75635872e+01 
 1.96884656e+07 -7.13411392e+01 
 1.98130762e+07 -7.81793149e+01 
 1.99376867e+07 -7.27129229e+01 
 2.00622973e+07 -8.13810450e+01 
 2.01869078e+07 -7.40563028e+01 
 2.03115184e+07 -7.85491291e+01 
 2.04361289e+07 -7.84504620e+01 
 2.05607394e+07 -7.62846423e+01 
 2.06853500e+07 -7.82088955e+01 
 2.08099605e+07 -7.12610898e+01 
 2.09345711e+07 -6.77545786e+01 
 2.10591816e+07 -7.63118122e+01 
 2.11837921e+07 -7.74708382e+01 
 2.13084027e+07 -7.28415711e+01 
 2.14330132e+07 -6.88137984e+01 
 2.15576238e+07 -8.11383714e+01 
 2.16822343e+07 -8.17331909e+01 
 2.18068449e+07 -7.43321166e+01 
 2.19314554e+07 -6.95532168e+01 
 2.20560659e+07 -7.72071871e+01 
 2.21806765e+07 -7.83212831e+01 
 2.23052870e+07 -6.80131737e+01 
 2.24298976e+07 -6.37739882e+01 
 2.25545081e+07 -8.43050146e+01 
 2.26791187e+07 -6.99432836e+01 
 2.28037292e+07 -7.73615052e+01 
 2.29283397e+07 -8.61834733e+01 
 2.30529503e+07 -7.72455804e+01 
 2.31775608e+07 -7.08407876e+01 
 2.33021714e+07 -6.77252887e+01 
 2.34267819e+07 -6.90031320e+01 
 2.35513924e+07 -8.88332748e+01 
 2.36760030e+07 -7.68105158e+01 
 2.38006135e+07 -7.05680100e+01 
 2.39252241e+07 -6.41976572e+01 
 2.40498346e+07 -6.89993436e+01 
 2.41744452e+07 -9.45279980e+01 
 2.42990557e+07 -6.20605652e+01 
 2.44236662e+07 -5.88454079e+01 
 2.45482768e+07 -6.96022951e+01 
 2.46728873e+07 -7.48044089e+01 
 2.47974979e+07 -6.36035078e+01 
 2.49221084e+07 -5.91862048e+01 
 2.50467190e+07 -7.04019982e+01 
 2.51713295e+07 -7.34742014e+01 
 2.52959400e+07 -6.19251101e+01 
 2.54205506e+07 -5.89035815e+01 
 2.55451611e+07 -6.42089601e+01 
 2.56697717e+07 -6.59142136e+01 
 2.57943822e+07 -5.95021032e+01 
 2.59189927e+07 -5.79556729e+01 
 2.60436033e+07 -6.62008381e+01 
 2.61682138e+07 -6.43588040e+01 
 2.62928244e+07 -5.11031618e+01 
 2.64174349e+07 -4.82198482e+01 
 2.65420455e+07 -5.59276178e+01 
 2.66666560e+07 -5.97635018e+01 
 2.67912665e+07 -4.19051896e+01 
 2.69158771e+07 -3.73919873e+01 
 2.70404876e+07 -4.81873227e+01 
 2.71650982e+07 -4.83878944e+01 
 2.72897087e+07 -2.78007655e+01 
 2.74143193e+07 -2.34352657e+01 
 2.75389298e+07 -3.60418356e+01 
 2.76635403e+07 -2.69169646e+01 
 2.77881509e+07 -3.52800212e+00 
 2.79127614e+07  1.24216968e-06 
 2.80373720e+07 -8.80822114e+00 
 2.81619825e+07 -3.19082637e+01 
 2.82865930e+07 -3.68191058e+01 
 2.84112036e+07 -3.28524636e+01 
 2.85358141e+07 -4.17289835e+01 
 2.86604247e+07 -5.74760162e+01 
 2.87850352e+07 -4.69160947e+01 
 2.89096458e+07 -4.23059588e+01 
 2.90342563e+07 -5.16372485e+01 
 2.91588668e+07 -7.13507996e+01 
 2.92834774e+07 -5.23329969e+01 
 2.94080879e+07 -4.86141709e+01 
 2.95326985e+07 -5.63990862e+01 
 2.96573090e+07 -6.10364465e+01 
 2.97819196e+07 -5.97115624e+01 
 2.99065301e+07 -6.08876813e+01 
 3.00311406e+07 -6.27760246e+01 
 3.01557512e+07 -6.39497061e+01 
 3.02803617e+07 -5.99876174e+01 
 3.04049723e+07 -5.94790433e+01 
 3.05295828e+07 -6.45100667e+01 
 3.06541933e+07 -7.38569212e+01 
 3.07788039e+07 -6.51760545e+01 
 3.09034144e+07 -6.20061803e+01 
 3.10280250e+07 -7.42374783e+01 
 3.11526355e+07 -8.51460039e+01 
 3.12772461e+07 -6.45029397e+01 
 3.14018566e+07 -5.95244470e+01 
 3.15264671e+07 -6.35698561e+01 
 3.16510777e+07 -7.14130926e+01 
 3.17756882e+07 -6.96208149e+01 
 3.19002988e+07 -6.68795299e+01 
 3.20249093e+07 -7.52341846e+01 
 3.21495199e+07 -7.83069273e+01 
 3.22741304e+07 -7.45034259e+01 
 3.23987409e+07 -7.22926606e+01 
 3.25233515e+07 -8.55929801e+01 
 3.26479620e+07 -7.49669520e+01 
 3.27725726e+07 -8.43557390e+01 
 3.28971831e+07 -7.39318685e+01 
 3.30217936e+07 -7.82158241e+01 
 3.31464042e+07 -7.91106196e+01 
 3.32710147e+07 -6.73952788e+01 
 3.33956253e+07 -6.36939456e+01 
 3.35202358e+07 -6.86506600e+01 
 3.36448464e+07 -7.46673551e+01 
 3.37694569e+07 -7.55235756e+01 
 3.38940674e+07 -6.85399434e+01 
 3.40186780e+07 -7.02960068e+01 
 3.41432885e+07 -7.24184300e+01 
 3.42678991e+07 -7.11005436e+01 
 3.43925096e+07 -7.06369622e+01 
 3.45171201e+07 -7.29966830e+01 
 3.46417307e+07 -7.18961751e+01 
 3.47663412e+07 -6.69861731e+01 
 3.48909518e+07 -6.59731598e+01 
 3.50155623e+07 -7.73159164e+01 
 3.51401729e+07 -8.50988659e+01 
 3.52647834e+07 -7.77474936e+01 
 3.53893939e+07 -7.43703081e+01 
 3.55140045e+07 -7.84352975e+01 
 3.56386150e+07 -7.75800174e+01 
 3.57632256e+07 -7.35909379e+01 
 3.58878361e+07 -7.44321573e+01 
 3.60124467e+07 -7.08769220e+01 
 3.61370572e+07 -6.92169051e+01 
 3.62616677e+07 -7.36461522e+01 
 3.63862783e+07 -7.56857515e+01 
 3.65108888e+07 -7.33536030e+01 
 3.66354994e+07 -7.29641599e+01 
 3.67601099e+07 -8.28928732e+01 
 3.68847204e+07 -7.21454021e+01 
 3.70093310e+07 -7.18826200e+01 
 3.71339415e+07 -7.20490725e+01 
 3.72585521e+07 -7.93717159e+01 
 3.73831626e+07 -8.08133699e+01 
 3.75077732e+07 -7.86743474e+01 
 3.76323837e+07 -7.71481952e+01 
 3.77569942e+07 -7.86451884e+01 
 3.78816048e+07 -9.46545433e+01 
 3.80062153e+07 -7.77861817e+01 
 3.81308259e+07 -7.76322424e+01 
 3.82554364e+07 -7.60223517e+01 
 3.83800470e+07 -7.16177589e+01 
 3.85046575e+07 -7.30151559e+01 
 3.86292680e+07 -7.25090178e+01 
 3.87538786e+07 -7.95946689e+01 
 3.88784891e+07 -8.51517354e+01 
 3.90030997e+07 -8.30981225e+01 
 3.91277102e+07 -7.68736965e+01 
 3.92523207e+07 -8.06780856e+01 
 3.93769313e+07 -9.04400630e+01 
 3.95015418e+07 -7.93035481e+01 
 3.96261524e+07 -7.85854212e+01 
 3.97507629e+07 -8.81090391e+01 
 3.98753735e+07 -8.10254577e+01 
 3.99999840e+07 -7.92527067e+01 
 4.01245945e+07 -7.78564634e+01 
 4.02492051e+07 -8.67983928e+01 
 4.03738156e+07 -8.25778373e+01 
 4.04984262e+07 -8.15901989e+01 
 4.06230367e+07 -8.16774833e+01 
 4.07476473e+07 -8.04283302e+01 
 4.08722578e+07 -7.85856636e+01 
 4.09968683e+07 -7.76392278e+01 
 4.11214789e+07 -7.50253851e+01 
 4.12460894e+07 -8.77447256e+01 
 4.13707000e+07 -8.24733818e+01 
 4.14953105e+07 -8.67806926e+01 
 4.16199210e+07 -8.72565811e+01 
 4.17445316e+07 -8.40351800e+01 
 4.18691421e+07 -8.70265203e+01 
 4.19937527e+07 -8.01921707e+01 
 4.21183632e+07 -8.24388732e+01 
 4.22429738e+07 -8.59949345e+01 
 4.23675843e+07 -8.77045598e+01 
 4.24921948e+07 -8.21783477e+01 
 4.26168054e+07 -7.54617870e+01 
 4.27414159e+07 -7.76123222e+01 
 4.28660265e+07 -8.53360617e+01 
 4.29906370e+07 -8.48728170e+01 
 4.31152476e+07 -7.62583747e+01 
 4.32398581e+07 -7.25034111e+01 
 4.33644686e+07 -7.24218257e+01 
 4.34890792e+07 -7.45992142e+01 
 4.36136897e+07 -7.66328657e+01 
 4.37383003e+07 -8.72109022e+01 
 4.38629108e+07 -8.22327987e+01 
 4.39875213e+07 -7.59254162e+01 
 4.41121319e+07 -7.38330764e+01 
 4.42367424e+07 -7.87319625e+01 
 4.43613530e+07 -8.10795379e+01 
 4.44859635e+07 -8.34094812e+01 
 4.46105741e+07 -8.07027270e+01 
 4.47351846e+07 -7.48590645e+01 
 4.48597951e+07 -7.89761276e+01 
 4.49844057e+07 -8.06341986e+01 
 4.51090162e+07 -7.32821430e+01 
 4.52336268e+07 -7.67677188e+01 
 4.53582373e+07 -8.55796382e+01 
 4.54828479e+07 -8.42486151e+01 
 4.56074584e+07 -8.53679333e+01 
 4.57320689e+07 -7.06415059e+01 
 4.58566795e+07 -6.94869111e+01 
 4.59812900e+07 -6.75036713e+01 
 4.61059006e+07 -6.61134644e+01 
 4.62305111e+07 -7.25203754e+01 
 4.63551216e+07 -7.65803994e+01 
 4.64797322e+07 -7.08452694e+01 
 4.66043427e+07 -7.12767830e+01 
 4.67289533e+07 -7.67469973e+01 
 4.68535638e+07 -7.53540992e+01 
 4.69781744e+07 -8.39577192e+01 
 4.71027849e+07 -8.23795443e+01 
 4.72273954e+07 -7.29518794e+01 
 4.73520060e+07 -7.23896897e+01 
 4.74766165e+07 -7.51547255e+01 
 4.76012271e+07 -7.61978167e+01 
 4.77258376e+07 -9.24400677e+01 
 4.78504481e+07 -8.50211138e+01 
 4.79750587e+07 -7.67377819e+01 
 4.80996692e+07 -7.34627406e+01 
 4.82242798e+07 -7.62377461e+01 
 4.83488903e+07 -7.31552280e+01 
 4.84735009e+07 -7.78400944e+01 
 4.85981114e+07 -7.68024382e+01 
 4.87227219e+07 -8.52624456e+01 
 4.88473325e+07 -8.37967026e+01 
 4.89719430e+07 -7.54968581e+01 
 4.90965536e+07 -7.56033953e+01 
 4.92211641e+07 -7.79968634e+01 
 4.93457747e+07 -7.69448441e+01 
 4.94703852e+07 -7.99152356e+01 
 4.95949957e+07 -7.90702226e+01 
 4.97196063e+07 -8.32486339e+01 
 4.98442168e+07 -7.89778985e+01 
 4.99688274e+07 -8.50502056e+01 
 5.00934379e+07 -9.30277023e+01 
 5.02180484e+07 -8.09370517e+01 
 5.03426590e+07 -7.58102081e+01 
 5.04672695e+07 -7.27261564e+01 
 5.05918801e+07 -7.81252901e+01 
 5.07164906e+07 -7.52875541e+01 
 5.08411012e+07 -7.46054580e+01 
 5.09657117e+07 -8.01026057e+01 
 5.10903222e+07 -7.34807913e+01 
 5.12149328e+07 -7.82681541e+01 
 5.13395433e+07 -8.25249316e+01 
 5.14641539e+07 -7.34119628e+01 
 5.15887644e+07 -7.18541059e+01 
 5.17133750e+07 -7.79489748e+01 
 5.18379855e+07 -8.45093225e+01 
 5.19625960e+07 -7.77878983e+01 
 5.20872066e+07 -7.34270896e+01 
 5.22118171e+07 -7.56486794e+01 
 5.23364277e+07 -7.54453475e+01 
 5.24610382e+07 -7.22859500e+01 
 5.25856487e+07 -7.16619972e+01 
 5.27102593e+07 -7.72533093e+01 
 5.28348698e+07 -7.07599554e+01 
 5.29594804e+07 -7.32057216e+01 
 5.30840909e+07 -7.66866768e+01 
 5.32087015e+07 -8.14933116e+01 
 5.33333120e+07 -8.92465861e+01 
 5.34579225e+07 -8.72774285e+01 
 5.35825331e+07 -8.37503778e+01 
 5.37071436e+07 -7.49976905e+01 
 5.38317542e+07 -7.88741810e+01 
 5.39563647e+07 -6.93553310e+01 
 5.40809753e+07 -6.82237164e+01 
 5.42055858e+07 -7.04342887e+01 
 5.43301963e+07 -6.65159849e+01 
 5.44548069e+07 -7.36425707e+01 
 5.45794174e+07 -6.85033213e+01 
 5.47040280e+07 -7.64954586e+01 
 5.48286385e+07 -8.06239869e+01 
 5.49532490e+07 -7.46733877e+01 
 5.50778596e+07 -7.95243898e+01 
 5.52024701e+07 -7.09884260e+01 
 5.53270807e+07 -6.85886487e+01 
 5.54516912e+07 -7.09858557e+01 
 5.55763018e+07 -7.57139598e+01 
 5.57009123e+07 -8.33659639e+01 
 5.58255228e+07 -8.30965539e+01 
 5.59501334e+07 -7.42576367e+01 
 5.60747439e+07 -7.03563881e+01 
 5.61993545e+07 -7.15525097e+01 
 5.63239650e+07 -7.39447948e+01 
 5.64485756e+07 -7.26067829e+01 
 5.65731861e+07 -6.99486896e+01 
 5.66977966e+07 -7.05939734e+01 
 5.68224072e+07 -7.04862128e+01 
 5.69470177e+07 -7.34349858e+01 
 5.70716283e+07 -8.05298331e+01 
 5.71962388e+07 -8.20332501e+01 
 5.73208493e+07 -7.37263891e+01 
 5.74454599e+07 -7.14375848e+01 
 5.75700704e+07 -7.09857813e+01 
 5.76946810e+07 -7.08020445e+01 
 5.78192915e+07 -6.87841577e+01 
 5.79439021e+07 -6.57624577e+01 
 5.80685126e+07 -6.68445556e+01 
 5.81931231e+07 -7.53716747e+01 
 5.83177337e+07 -7.96033922e+01 
 5.84423442e+07 -8.11511668e+01 
 5.85669548e+07 -8.14916675e+01 
 5.86915653e+07 -8.50557949e+01 
 5.88161759e+07 -8.27108691e+01 
 5.89407864e+07 -7.47130293e+01 
 5.90653969e+07 -7.38777497e+01 
 5.91900075e+07 -7.35174364e+01 
 5.93146180e+07 -7.19984708e+01 
 5.94392286e+07 -7.22516903e+01 
 5.95638391e+07 -7.79429164e+01 
 5.96884496e+07 -7.88621937e+01 
 5.98130602e+07 -7.54603706e+01 
 5.99376707e+07 -7.61013231e+01 
 6.00622813e+07 -7.33102681e+01 
 6.01868918e+07 -7.68728969e+01 
 6.03115024e+07 -8.80618280e+01 
 6.04361129e+07 -7.46180637e+01 
 6.05607234e+07 -7.54073570e+01 
 6.06853340e+07 -7.85122931e+01 
 6.08099445e+07 -7.35152248e+01 
 6.09345551e+07 -7.13001043e+01 
 6.10591656e+07 -7.24894653e+01 
 6.11837761e+07 -7.51563855e+01 
 6.13083867e+07 -7.37647175e+01 
 6.14329972e+07 -7.15854787e+01 
 6.15576078e+07 -7.20047691e+01 
 6.16822183e+07 -7.76739059e+01 
 6.18068289e+07 -8.35217291e+01 
 6.19314394e+07 -9.87075573e+01 
 6.20560499e+07 -9.30724800e+01 
 6.21806605e+07 -7.82919024e+01 
 6.23052710e+07 -7.60821434e+01 
 6.24298816e+07 -8.05500659e+01 
 6.25544921e+07 -8.04843909e+01 
 6.26791027e+07 -8.36385084e+01 
 6.28037132e+07 -8.20458693e+01 
 6.29283237e+07 -8.89267131e+01 
 6.30529343e+07 -8.24810650e+01 
 6.31775448e+07 -7.56945337e+01 
 6.33021554e+07 -7.73295972e+01 
 6.34267659e+07 -7.89983683e+01 
 6.35513764e+07 -7.95436511e+01 
 6.36759870e+07 -8.21975261e+01 
 6.38005975e+07 -8.06130661e+01 
 6.39252081e+07 -7.11725152e+01 
 6.40498186e+07 -6.97147623e+01 
 6.41744292e+07 -7.48392933e+01 
 6.42990397e+07 -7.79195742e+01 
 6.44236502e+07 -7.08659468e+01 
 6.45482608e+07 -7.28600496e+01 
 6.46728713e+07 -7.26449722e+01 
 6.47974819e+07 -6.96809316e+01 
 6.49220924e+07 -7.20649157e+01 
 6.50467030e+07 -7.11505549e+01 
 6.51713135e+07 -7.63665515e+01 
 6.52959240e+07 -7.87704246e+01 
 6.54205346e+07 -6.97498132e+01 
 6.55451451e+07 -6.85794044e+01 
 6.56697557e+07 -7.50517259e+01 
 6.57943662e+07 -7.63594329e+01 
 6.59189767e+07 -7.45066988e+01 
 6.60435873e+07 -8.58525745e+01 
 6.61681978e+07 -6.95234880e+01 
 6.62928084e+07 -7.00215054e+01 
 6.64174189e+07 -7.87757864e+01 
 6.65420295e+07 -8.34095108e+01 
 6.66666400e+07 -8.00311375e+01 
 6.67912505e+07 -7.72677713e+01 
 6.69158611e+07 -8.14499572e+01 
 6.70404716e+07 -7.48364702e+01 
 6.71650822e+07 -7.37332912e+01 
 6.72896927e+07 -7.73418957e+01 
 6.74143033e+07 -7.74546802e+01 
 6.75389138e+07 -7.65093661e+01 
 6.76635243e+07 -7.21405295e+01 
 6.77881349e+07 -7.42978931e+01 
 6.79127454e+07 -8.42597756e+01 
 6.80373560e+07 -8.05693977e+01 
 6.81619665e+07 -8.04625049e+01 
 6.82865770e+07 -7.86062290e+01 
 6.84111876e+07 -7.23660060e+01 
 6.85357981e+07 -7.55098532e+01 
 6.86604087e+07 -7.07032436e+01 
 6.87850192e+07 -7.22967691e+01 
 6.89096298e+07 -9.18055331e+01 
 6.90342403e+07 -8.52659495e+01 
 6.91588508e+07 -8.48430421e+01 
 6.92834614e+07 -7.96962371e+01 
 6.94080719e+07 -7.88485277e+01 
 6.95326825e+07 -7.74154490e+01 
 6.96572930e+07 -7.93786121e+01 
 6.97819036e+07 -8.82861294e+01 
 6.99065141e+07 -7.55773648e+01 
 7.00311246e+07 -7.59222723e+01 
 7.01557352e+07 -7.91225087e+01 
 7.02803457e+07 -8.75589931e+01 
 7.04049563e+07 -8.39829921e+01 
 7.05295668e+07 -8.15134395e+01 
 7.06541773e+07 -7.90722835e+01 
 7.07787879e+07 -8.07447075e+01 
 7.09033984e+07 -8.16520295e+01 
 7.10280090e+07 -8.03541371e+01 
 7.11526195e+07 -7.72433203e+01 
 7.12772301e+07 -7.27223131e+01 
 7.14018406e+07 -7.42452316e+01 
 7.15264511e+07 -7.58393661e+01 
 7.16510617e+07 -7.73466545e+01 
 7.17756722e+07 -8.02725867e+01 
 7.19002828e+07 -7.58763949e+01 
 7.20248933e+07 -7.59213474e+01 
 7.21495039e+07 -8.10343944e+01 
 7.22741144e+07 -7.79641445e+01 
 7.23987249e+07 -7.16298661e+01 
 7.25233355e+07 -7.24388817e+01 
 7.26479460e+07 -8.03589574e+01 
 7.27725566e+07 -7.85982774e+01 
 7.28971671e+07 -7.37598479e+01 
 7.30217776e+07 -8.21982077e+01 
 7.31463882e+07 -7.42969681e+01 
 7.32709987e+07 -7.68066689e+01 
 7.33956093e+07 -7.22082229e+01 
 7.35202198e+07 -6.98872986e+01 
 7.36448304e+07 -7.45563640e+01 
 7.37694409e+07 -7.93926262e+01 
 7.38940514e+07 -7.56657809e+01 
 7.40186620e+07 -7.34270288e+01 
 7.41432725e+07 -7.45746191e+01 
 7.42678831e+07 -7.61386408e+01 
 7.43924936e+07 -7.53595196e+01 
 7.45171041e+07 -7.52696796e+01 
 7.46417147e+07 -7.15549248e+01 
 7.47663252e+07 -7.53525280e+01 
 7.48909358e+07 -7.62357292e+01 
 7.50155463e+07 -7.22733917e+01 
 7.51401569e+07 -6.98602627e+01 
 7.52647674e+07 -7.08811913e+01 
 7.53893779e+07 -7.09645443e+01 
 7.55139885e+07 -7.52456825e+01 
 7.56385990e+07 -7.62361121e+01 
 7.57632096e+07 -7.56970117e+01 
 7.58878201e+07 -7.83374640e+01 
 7.60124307e+07 -7.95760831e+01 
 7.61370412e+07 -7.76087023e+01 
 7.62616517e+07 -7.62858689e+01 
 7.63862623e+07 -9.78972702e+01 
 7.65108728e+07 -8.04708436e+01 
 7.66354834e+07 -7.57200500e+01 
 7.67600939e+07 -7.92649244e+01 
 7.68847044e+07 -9.19683592e+01 
 7.70093150e+07 -8.73623930e+01 
 7.71339255e+07 -8.01804846e+01 
 7.72585361e+07 -8.41135476e+01 
 7.73831466e+07 -8.01549165e+01 
 7.75077572e+07 -7.64041175e+01 
 7.76323677e+07 -7.67986682e+01 
 7.77569782e+07 -8.48154511e+01 
 7.78815888e+07 -8.52912840e+01 
 7.80061993e+07 -8.17203305e+01 
 7.81308099e+07 -7.84020716e+01 
 7.82554204e+07 -7.86134514e+01 
 7.83800310e+07 -7.73485885e+01 
 7.85046415e+07 -8.05255584e+01 
 7.86292520e+07 -7.63598661e+01 
 7.87538626e+07 -7.67977885e+01 
 7.88784731e+07 -8.75898777e+01 
 7.90030837e+07 -8.25857350e+01 
 7.91276942e+07 -8.05526110e+01 
 7.92523047e+07 -7.84612310e+01 
 7.93769153e+07 -8.23368617e+01 
 7.95015258e+07 -7.89375351e+01 
 7.96261364e+07 -7.75189068e+01 
 7.97507469e+07 -7.58632084e+01 
 7.98753575e+07 -7.18571810e+01 
 7.99999680e+07 -7.27066504e+01 
 8.01245785e+07 -8.61827378e+01 
 8.02491891e+07 -8.49294446e+01 
 8.03737996e+07 -7.21065342e+01 
 8.04984102e+07 -7.08076830e+01 
 8.06230207e+07 -7.10130819e+01 
 8.07476313e+07 -7.25988878e+01 
 8.08722418e+07 -7.58340294e+01 
 8.09968523e+07 -7.74525163e+01 
 8.11214629e+07 -7.74661121e+01 
 8.12460734e+07 -7.82738672e+01 
 8.13706840e+07 -7.06810636e+01 
 8.14952945e+07 -7.17299203e+01 
 8.16199050e+07 -7.57687615e+01 
 8.17445156e+07 -7.45116611e+01 
 8.18691261e+07 -8.79810417e+01 
 8.19937367e+07 -7.73024046e+01 
 8.21183472e+07 -6.43185345e+01 
 8.22429578e+07 -6.62548682e+01 
 8.23675683e+07 -8.15568402e+01 
 8.24921788e+07 -8.03267043e+01 
 8.26167894e+07 -6.81756298e+01 
 8.27413999e+07 -7.17368839e+01 
 8.28660105e+07 -7.16426660e+01 
 8.29906210e+07 -7.43509503e+01 
 8.31152316e+07 -8.37892233e+01 
 8.32398421e+07 -8.02010647e+01 
 8.33644526e+07 -6.86003658e+01 
 8.34890632e+07 -6.75050303e+01 
 8.36136737e+07 -6.69942752e+01 
 8.37382843e+07 -6.45643892e+01 
 8.38628948e+07 -5.69702065e+01 
 8.39875053e+07 -6.69895749e+01 
 8.41121159e+07 -5.18978853e+01 
 8.42367264e+07 -5.24924593e+01 
 8.43613370e+07 -6.84094883e+01 
 8.44859475e+07 -7.54602850e+01 
 8.46105581e+07 -6.77367844e+01 
 8.47351686e+07 -7.12056779e+01 
 8.48597791e+07 -7.24172291e+01 
 8.49843897e+07 -7.41632474e+01 
 8.51090002e+07 -7.32102495e+01 
 8.52336108e+07 -7.82238826e+01 
 8.53582213e+07 -6.73391004e+01 
 8.54828319e+07 -6.55886858e+01 
 8.56074424e+07 -7.08886246e+01 
 8.57320529e+07 -6.79908508e+01 
 8.58566635e+07 -6.07299305e+01 
 8.59812740e+07 -6.13332709e+01 
 8.61058846e+07 -6.76452122e+01 
 8.62304951e+07 -6.92702683e+01 
 8.63551056e+07 -6.68674270e+01 
 8.64797162e+07 -6.98799223e+01 
 8.66043267e+07 -7.47953234e+01 
 8.67289373e+07 -7.42077460e+01 
 8.68535478e+07 -7.39511267e+01 
 8.69781584e+07 -8.29731347e+01 
 8.71027689e+07 -7.56992860e+01 
 8.72273794e+07 -8.29911210e+01 
 8.73519900e+07 -7.19010660e+01 
 8.74766005e+07 -7.19581607e+01 
 8.76012111e+07 -7.36704895e+01 
 8.77258216e+07 -7.69707820e+01 
 8.78504321e+07 -7.90921913e+01 
 8.79750427e+07 -9.82195088e+01 
 8.80996532e+07 -7.21480233e+01 
 8.82242638e+07 -7.34131140e+01 
 8.83488743e+07 -7.48169739e+01 
 8.84734849e+07 -7.61460272e+01 
 8.85980954e+07 -8.70197254e+01 
 8.87227059e+07 -8.04951686e+01 
 8.88473165e+07 -7.51182946e+01 
 8.89719270e+07 -8.72039258e+01 
 8.90965376e+07 -7.92800079e+01 
 8.92211481e+07 -8.25488729e+01 
 8.93457587e+07 -7.43129544e+01 
 8.94703692e+07 -7.14799058e+01 
 8.95949797e+07 -7.51485123e+01 
 8.97195903e+07 -8.17855334e+01 
 8.98442008e+07 -9.30432539e+01 
 8.99688114e+07 -8.41878647e+01 
 9.00934219e+07 -8.45547904e+01 
 9.02180324e+07 -8.58412312e+01 
 9.03426430e+07 -7.77920944e+01 
 9.04672535e+07 -7.57843427e+01 
 9.05918641e+07 -7.50663689e+01 
 9.07164746e+07 -7.62411249e+01 
 9.08410852e+07 -7.42795345e+01 
 9.09656957e+07 -7.56358130e+01 
 9.10903062e+07 -8.26366178e+01 
 9.12149168e+07 -9.20783599e+01 
 9.13395273e+07 -7.44366559e+01 
 9.14641379e+07 -7.34850321e+01 
 9.15887484e+07 -9.07806135e+01 
 9.17133590e+07 -7.72484473e+01 
 9.18379695e+07 -7.20078248e+01 
 9.19625800e+07 -7.25781446e+01 
 9.20871906e+07 -7.40136634e+01 
 9.22118011e+07 -7.42964205e+01 
 9.23364117e+07 -7.15101005e+01 
 9.24610222e+07 -7.44314889e+01 
 9.25856327e+07 -8.19210949e+01 
 9.27102433e+07 -7.66929967e+01 
 9.28348538e+07 -7.13100693e+01 
 9.29594644e+07 -7.14155580e+01 
 9.30840749e+07 -7.04168934e+01 
 9.32086855e+07 -7.32147106e+01 
 9.33332960e+07 -6.90078819e+01 
 9.34579065e+07 -6.89434564e+01 
 9.35825171e+07 -7.18814220e+01 
 9.37071276e+07 -7.31027986e+01 
 9.38317382e+07 -7.78671592e+01 
 9.39563487e+07 -7.59124771e+01 
 9.40809593e+07 -7.50770170e+01 
 9.42055698e+07 -8.16941874e+01 
 9.43301803e+07 -8.64081817e+01 
 9.44547909e+07 -7.59532641e+01 
 9.45794014e+07 -6.85437811e+01 
 9.47040120e+07 -7.08033027e+01 
 9.48286225e+07 -7.01178724e+01 
 9.49532330e+07 -7.30487288e+01 
 9.50778436e+07 -7.78115096e+01 
 9.52024541e+07 -7.42352016e+01 
 9.53270647e+07 -8.04619608e+01 
 9.54516752e+07 -7.55047455e+01 
 9.55762858e+07 -6.93982162e+01 
 9.57008963e+07 -7.32370572e+01 
 9.58255068e+07 -7.42101054e+01 
 9.59501174e+07 -8.29090291e+01 
 9.60747279e+07 -7.15073482e+01 
 9.61993385e+07 -7.32105543e+01 
 9.63239490e+07 -8.20902447e+01 
 9.64485596e+07 -8.44934703e+01 
 9.65731701e+07 -7.76347222e+01 
 9.66977806e+07 -7.31052187e+01 
 9.68223912e+07 -7.15029296e+01 
 9.69470017e+07 -7.92229090e+01 
 9.70716123e+07 -8.42144239e+01 
 9.71962228e+07 -9.64890231e+01 
 9.73208333e+07 -7.78138950e+01 
 9.74454439e+07 -7.74822558e+01 
 9.75700544e+07 -8.12429009e+01 
 9.76946650e+07 -8.53169588e+01 
 9.78192755e+07 -8.52292319e+01 
 9.79438861e+07 -8.27185375e+01 
 9.80684966e+07 -7.83054784e+01 
 9.81931071e+07 -7.73266096e+01 
 9.83177177e+07 -7.78018025e+01 
 9.84423282e+07 -7.40915478e+01 
 9.85669388e+07 -7.11812052e+01 
 9.86915493e+07 -7.13169467e+01 
 9.88161599e+07 -7.28427504e+01 
 9.89407704e+07 -8.11622626e+01 
 9.90653809e+07 -8.88835981e+01 
 9.91899915e+07 -8.24578870e+01 
 9.93146020e+07 -6.95989649e+01 
 9.94392126e+07 -7.14510977e+01 
 9.95638231e+07 -6.87976529e+01 
 9.96884336e+07 -6.82439789e+01 
 9.98130442e+07 -7.31831778e+01 
 9.99376547e+07 -8.16374496e+01 
 1.00062265e+08 -7.67898861e+01 
 1.00186876e+08 -7.55930668e+01 
 1.00311486e+08 -7.24664395e+01 
 1.00436097e+08 -7.14461087e+01 
 1.00560707e+08 -7.44840341e+01 
 1.00685318e+08 -7.66677017e+01 
 1.00809929e+08 -7.53378742e+01 
 1.00934539e+08 -7.33416714e+01 
 1.01059150e+08 -7.65838761e+01 
 1.01183760e+08 -8.59396699e+01 
 1.01308371e+08 -7.25806481e+01 
 1.01432981e+08 -7.71615932e+01 
 1.01557592e+08 -8.22659127e+01 
 1.01682202e+08 -7.88153316e+01 
 1.01806813e+08 -7.01776696e+01 
 1.01931423e+08 -6.92183079e+01 
 1.02056034e+08 -7.28217479e+01 
 1.02180644e+08 -7.61918878e+01 
 1.02305255e+08 -7.98786799e+01 
 1.02429866e+08 -7.64422159e+01 
 1.02554476e+08 -7.39013447e+01 
 1.02679087e+08 -7.93576706e+01 
 1.02803697e+08 -7.80204517e+01 
 1.02928308e+08 -7.43570524e+01 
 1.03052918e+08 -7.01653848e+01 
 1.03177529e+08 -7.01393793e+01 
 1.03302139e+08 -6.88642031e+01 
 1.03426750e+08 -7.70902544e+01 
 1.03551360e+08 -6.79327021e+01 
 1.03675971e+08 -7.09243946e+01 
 1.03800582e+08 -8.55358143e+01 
 1.03925192e+08 -8.41943849e+01 
 1.04049803e+08 -7.41740574e+01 
 1.04174413e+08 -8.07375096e+01 
 1.04299024e+08 -7.97793567e+01 
 1.04423634e+08 -8.08598820e+01 
 1.04548245e+08 -8.55570623e+01 
 1.04672855e+08 -8.63623242e+01 
 1.04797466e+08 -7.99454305e+01 
 1.04922076e+08 -7.70492226e+01 
 1.05046687e+08 -7.70617641e+01 
 1.05171297e+08 -7.84055128e+01 
 1.05295908e+08 -7.60642370e+01 
 1.05420519e+08 -8.40591193e+01 
 1.05545129e+08 -7.67964051e+01 
 1.05669740e+08 -7.91725200e+01 
 1.05794350e+08 -8.36812261e+01 
 1.05918961e+08 -8.49041975e+01 
 1.06043571e+08 -8.29440539e+01 
 1.06168182e+08 -8.38832715e+01 
 1.06292792e+08 -8.33997900e+01 
 1.06417403e+08 -7.48851507e+01 
 1.06542013e+08 -7.09369210e+01 
 1.06666624e+08 -7.21087378e+01 
 1.06791235e+08 -7.85238514e+01 
 1.06915845e+08 -8.39426355e+01 
 1.07040456e+08 -7.97261391e+01 
 1.07165066e+08 -7.73889758e+01 
 1.07289677e+08 -7.61992098e+01 
 1.07414287e+08 -7.55051510e+01 
 1.07538898e+08 -7.11148932e+01 
 1.07663508e+08 -7.16060491e+01 
 1.07788119e+08 -7.95183166e+01 
 1.07912729e+08 -7.41750921e+01 
 1.08037340e+08 -7.09270798e+01 
 1.08161951e+08 -7.50754012e+01 
 1.08286561e+08 -7.59940654e+01 
 1.08411172e+08 -7.85747947e+01 
 1.08535782e+08 -8.25336452e+01 
 1.08660393e+08 -7.74280712e+01 
 1.08785003e+08 -7.50540541e+01 
 1.08909614e+08 -7.67873552e+01 
 1.09034224e+08 -6.96390559e+01 
 1.09158835e+08 -7.08317302e+01 
 1.09283445e+08 -7.20759101e+01 
 1.09408056e+08 -8.20407496e+01 
 1.09532666e+08 -7.33476943e+01 
 1.09657277e+08 -7.59964862e+01 
 1.09781888e+08 -8.44541787e+01 
 1.09906498e+08 -7.51489018e+01 
 1.10031109e+08 -6.79856170e+01 
 1.10155719e+08 -6.84731559e+01 
 1.10280330e+08 -7.20130908e+01 
 1.10404940e+08 -7.17935303e+01 
 1.10529551e+08 -6.70956841e+01 
 1.10654161e+08 -7.27980660e+01 
 1.10778772e+08 -8.05503198e+01 
 1.10903382e+08 -7.94536922e+01 
 1.11027993e+08 -7.66436973e+01 
 1.11152604e+08 -7.29425748e+01 
 1.11277214e+08 -7.19570684e+01 
 1.11401825e+08 -7.00193800e+01 
 1.11526435e+08 -6.97341100e+01 
 1.11651046e+08 -7.14356460e+01 
 1.11775656e+08 -7.23672862e+01 
 1.11900267e+08 -7.96936506e+01 
 1.12024877e+08 -7.13754037e+01 
 1.12149488e+08 -7.23070022e+01 
 1.12274098e+08 -7.08532116e+01 
 1.12398709e+08 -7.11737220e+01 
 1.12523319e+08 -7.34601040e+01 
 1.12647930e+08 -7.04165657e+01 
 1.12772541e+08 -6.77066573e+01 
 1.12897151e+08 -7.10770965e+01 
 1.13021762e+08 -7.11570975e+01 
 1.13146372e+08 -6.99676095e+01 
 1.13270983e+08 -7.34740596e+01 
 1.13395593e+08 -8.08841359e+01 
 1.13520204e+08 -6.88781333e+01 
 1.13644814e+08 -6.93382127e+01 
 1.13769425e+08 -6.44039572e+01 
 1.13894035e+08 -7.00419741e+01 
 1.14018646e+08 -7.55455594e+01 
 1.14143257e+08 -8.70388875e+01 
 1.14267867e+08 -6.89897274e+01 
 1.14392478e+08 -6.83846346e+01 
 1.14517088e+08 -6.96549504e+01 
 1.14641699e+08 -7.34942672e+01 
 1.14766309e+08 -7.33480292e+01 
 1.14890920e+08 -7.27369520e+01 
 1.15015530e+08 -6.96175768e+01 
 1.15140141e+08 -6.92932062e+01 
 1.15264751e+08 -7.16916319e+01 
 1.15389362e+08 -8.40795416e+01 
 1.15513972e+08 -7.32212823e+01 
 1.15638583e+08 -7.58821387e+01 
 1.15763194e+08 -8.32388585e+01 
 1.15887804e+08 -7.83569382e+01 
 1.16012415e+08 -7.55697938e+01 
 1.16137025e+08 -7.70320384e+01 
 1.16261636e+08 -7.85964646e+01 
 1.16386246e+08 -7.31755295e+01 
 1.16510857e+08 -6.86840921e+01 
 1.16635467e+08 -7.39529689e+01 
 1.16760078e+08 -7.68695840e+01 
 1.16884688e+08 -7.98968500e+01 
 1.17009299e+08 -8.37740316e+01 
 1.17133910e+08 -8.44499622e+01 
 1.17258520e+08 -7.10700736e+01 
 1.17383131e+08 -7.03994314e+01 
 1.17507741e+08 -6.91847901e+01 
 1.17632352e+08 -6.94428572e+01 
 1.17756962e+08 -7.28881430e+01 
 1.17881573e+08 -7.89838298e+01 
 1.18006183e+08 -8.64811012e+01 
 1.18130794e+08 -8.04796919e+01 
 1.18255404e+08 -7.75227748e+01 
 1.18380015e+08 -7.72929705e+01 
 1.18504625e+08 -7.42280643e+01 
 1.18629236e+08 -7.36491438e+01 
 1.18753847e+08 -7.28665854e+01 
 1.18878457e+08 -7.81349356e+01 
 1.19003068e+08 -7.92616550e+01 
 1.19127678e+08 -7.92902851e+01 
 1.19252289e+08 -8.90878710e+01 
 1.19376899e+08 -1.02228568e+02 
 1.19501510e+08 -7.67500255e+01 
 1.19626120e+08 -8.52570358e+01 
 1.19750731e+08 -6.90104163e+01 
 1.19875341e+08 -7.22389759e+01 
 1.19999952e+08 -8.59613417e+01 
 1.20124563e+08 -7.61470216e+01 
 1.20249173e+08 -7.32440663e+01 
 1.20373784e+08 -8.21874162e+01 
 1.20498394e+08 -7.15549302e+01 
 1.20623005e+08 -7.00532407e+01 
 1.20747615e+08 -6.63127583e+01 
 1.20872226e+08 -7.11812822e+01 
 1.20996836e+08 -7.19249987e+01 
 1.21121447e+08 -7.13352337e+01 
 1.21246057e+08 -7.12077358e+01 
 1.21370668e+08 -7.40419527e+01 
 1.21495279e+08 -7.42249148e+01 
 1.21619889e+08 -7.35041621e+01 
 1.21744500e+08 -7.98382905e+01 
 1.21869110e+08 -7.21301652e+01 
 1.21993721e+08 -6.48132095e+01 
 1.22118331e+08 -6.78058214e+01 
 1.22242942e+08 -7.08015430e+01 
 1.22367552e+08 -7.32373544e+01 
 1.22492163e+08 -7.85476930e+01 
 1.22616773e+08 -7.93052700e+01 
 1.22741384e+08 -1.08557807e+02 
 1.22865994e+08 -7.60605273e+01 
 1.22990605e+08 -7.31993925e+01 
 1.23115216e+08 -8.25364972e+01 
 1.23239826e+08 -7.06254756e+01 
 1.23364437e+08 -7.02382708e+01 
 1.23489047e+08 -7.33607443e+01 
 1.23613658e+08 -7.91185940e+01 
 1.23738268e+08 -8.94823835e+01 
 1.23862879e+08 -7.91496276e+01 
 1.23987489e+08 -7.13738996e+01 
 1.24112100e+08 -8.01971555e+01 
 1.24236710e+08 -7.25185861e+01 
 1.24361321e+08 -7.82186658e+01 
 1.24485932e+08 -6.68599067e+01 
 1.24610542e+08 -6.93513133e+01 
 1.24735153e+08 -7.27473709e+01 
 1.24859763e+08 -7.97733577e+01 
 1.24984374e+08 -7.71251999e+01 
 1.25108984e+08 -8.07221819e+01 
 1.25233595e+08 -7.67219601e+01 
 1.25358205e+08 -7.28678190e+01 
 1.25482816e+08 -7.12938006e+01 
 1.25607426e+08 -7.42991733e+01 
 1.25732037e+08 -7.38435892e+01 
 1.25856647e+08 -7.88503280e+01 
 1.25981258e+08 -7.91161483e+01 
 1.26105869e+08 -7.67733135e+01 
 1.26230479e+08 -8.23598365e+01 
 1.26355090e+08 -9.91248697e+01 
 1.26479700e+08 -9.52518399e+01 
 1.26604311e+08 -8.47746518e+01 
 1.26728921e+08 -8.13492683e+01 
 1.26853532e+08 -7.89107597e+01 
 1.26978142e+08 -7.72294885e+01 
 1.27102753e+08 -7.79471312e+01 
 1.27227363e+08 -7.31651675e+01 
 1.27351974e+08 -7.78030802e+01 
 1.27476585e+08 -8.49233241e+01 
 1.27601195e+08 -7.89967645e+01 
 1.27725806e+08 -6.98986408e+01 
 1.27850416e+08 -7.43554661e+01 
 1.27975027e+08 -7.33840421e+01 
 1.28099637e+08 -8.04945850e+01 
 1.28224248e+08 -8.34973399e+01 
 1.28348858e+08 -7.75263811e+01 
 1.28473469e+08 -7.27895313e+01 
 1.28598079e+08 -7.81381876e+01 
 1.28722690e+08 -7.48244049e+01 
 1.28847300e+08 -7.59838996e+01 
 1.28971911e+08 -7.79957362e+01 
 1.29096522e+08 -7.49832547e+01 
 1.29221132e+08 -7.79041820e+01 
 1.29345743e+08 -7.37473255e+01 
 1.29470353e+08 -6.71903246e+01 
 1.29594964e+08 -6.78285222e+01 
 1.29719574e+08 -6.62404266e+01 
 1.29844185e+08 -7.06962261e+01 
 1.29968795e+08 -7.97544730e+01 
 1.30093406e+08 -8.11100724e+01 
 1.30218016e+08 -7.66679052e+01 
 1.30342627e+08 -7.23894041e+01 
 1.30467238e+08 -7.02118431e+01 
 1.30591848e+08 -7.39171361e+01 
 1.30716459e+08 -7.47858691e+01 
 1.30841069e+08 -7.10282236e+01 
 1.30965680e+08 -6.71468511e+01 
 1.31090290e+08 -6.85216159e+01 
 1.31214901e+08 -7.02802702e+01 
 1.31339511e+08 -7.54652144e+01 
 1.31464122e+08 -7.42691383e+01 
 1.31588732e+08 -8.00087536e+01 
 1.31713343e+08 -8.16451577e+01 
 1.31837953e+08 -7.38601118e+01 
 1.31962564e+08 -6.84801456e+01 
 1.32087175e+08 -7.26580979e+01 
 1.32211785e+08 -8.31459327e+01 
 1.32336396e+08 -8.40889212e+01 
 1.32461006e+08 -8.22410922e+01 
 1.32585617e+08 -8.58979668e+01 
 1.32710227e+08 -8.12887428e+01 
 1.32834838e+08 -8.37092435e+01 
 1.32959448e+08 -8.86284948e+01 
 1.33084059e+08 -8.28263373e+01 
 1.33208669e+08 -8.11593567e+01 
 1.33333280e+08 -7.62624829e+01 
 1.33457891e+08 -7.54233942e+01 
 1.33582501e+08 -8.14974469e+01 
 1.33707112e+08 -7.48891296e+01 
 1.33831722e+08 -7.28441709e+01 
 1.33956333e+08 -7.31111375e+01 
 1.34080943e+08 -7.47035934e+01 
 1.34205554e+08 -7.79428035e+01 
 1.34330164e+08 -9.28240731e+01 
 1.34454775e+08 -7.33689002e+01 
 1.34579385e+08 -7.41384009e+01 
 1.34703996e+08 -7.27728302e+01 
 1.34828607e+08 -7.78862509e+01 
 1.34953217e+08 -8.83385363e+01 
 1.35077828e+08 -8.22138203e+01 
 1.35202438e+08 -7.87230105e+01 
 1.35327049e+08 -7.99973261e+01 
 1.35451659e+08 -7.44327497e+01 
 1.35576270e+08 -7.39239678e+01 
 1.35700880e+08 -7.46778595e+01 
 1.35825491e+08 -9.46289885e+01 
 1.35950101e+08 -7.43159353e+01 
 1.36074712e+08 -7.96760231e+01 
 1.36199322e+08 -8.11197211e+01 
 1.36323933e+08 -8.40550231e+01 
 1.36448544e+08 -7.12444439e+01 
 1.36573154e+08 -7.38435981e+01 
 1.36697765e+08 -7.06652516e+01 
 1.36822375e+08 -7.39757596e+01 
 1.36946986e+08 -7.23977720e+01 
 1.37071596e+08 -7.34279805e+01 
 1.37196207e+08 -7.04611624e+01 
 1.37320817e+08 -7.68438312e+01 
 1.37445428e+08 -7.32947524e+01 
 1.37570038e+08 -9.56422553e+01 
 1.37694649e+08 -7.18700825e+01 
 1.37819260e+08 -7.26865785e+01 
 1.37943870e+08 -6.38638740e+01 
 1.38068481e+08 -6.83809245e+01 
 1.38193091e+08 -6.93385465e+01 
 1.38317702e+08 -6.65630802e+01 
 1.38442312e+08 -6.20387924e+01 
 1.38566923e+08 -6.46148714e+01 
 1.38691533e+08 -6.65558353e+01 
 1.38816144e+08 -7.17151299e+01 
 1.38940754e+08 -8.37794343e+01 
 1.39065365e+08 -7.62792266e+01 
 1.39189975e+08 -7.89153528e+01 
 1.39314586e+08 -7.16230187e+01 
 1.39439197e+08 -6.63548865e+01 
 1.39563807e+08 -7.02409686e+01 
 1.39688418e+08 -7.50335346e+01 
 1.39813028e+08 -4.88672824e+01 
 1.39937639e+08 -4.29179382e+01 
 1.40062249e+08 -4.78216455e+01 
