 frequency       v(Amag_dB)      v(Aarg)        
 1.00000000e+00 -4.52546072e-01 -2.55367386e-04 
 1.02305973e+00 -4.52546072e-01 -2.61256089e-04 
 1.04665121e+00 -4.52546072e-01 -2.67280584e-04 
 1.07078670e+00 -4.52546072e-01 -2.73444002e-04 
 1.09547876e+00 -4.52546072e-01 -2.79749546e-04 
 1.12074020e+00 -4.52546072e-01 -2.86200495e-04 
 1.14658417e+00 -4.52546072e-01 -2.92800201e-04 
 1.17302409e+00 -4.52546072e-01 -2.99552095e-04 
 1.20007371e+00 -4.52546072e-01 -3.06459685e-04 
 1.22774708e+00 -4.52546072e-01 -3.13526563e-04 
 1.25605860e+00 -4.52546072e-01 -3.20756401e-04 
 1.28502297e+00 -4.52546072e-01 -3.28152957e-04 
 1.31465525e+00 -4.52546072e-01 -3.35720075e-04 
 1.34497085e+00 -4.52546072e-01 -3.43461689e-04 
 1.37598551e+00 -4.52546072e-01 -3.51381823e-04 
 1.40771537e+00 -4.52546072e-01 -3.59484593e-04 
 1.44017690e+00 -4.52546072e-01 -3.67774211e-04 
 1.47338699e+00 -4.52546072e-01 -3.76254985e-04 
 1.50736290e+00 -4.52546072e-01 -3.84931323e-04 
 1.54212228e+00 -4.52546072e-01 -3.93807735e-04 
 1.57768320e+00 -4.52546072e-01 -4.02888835e-04 
 1.61406415e+00 -4.52546072e-01 -4.12179343e-04 
 1.65128404e+00 -4.52546072e-01 -4.21684087e-04 
 1.68936220e+00 -4.52546072e-01 -4.31408008e-04 
 1.72831844e+00 -4.52546072e-01 -4.41356161e-04 
 1.76817299e+00 -4.52546072e-01 -4.51533714e-04 
 1.80894658e+00 -4.52546072e-01 -4.61945960e-04 
 1.85066040e+00 -4.52546072e-01 -4.72598309e-04 
 1.89333613e+00 -4.52546072e-01 -4.83496298e-04 
 1.93699595e+00 -4.52546072e-01 -4.94645592e-04 
 1.98166255e+00 -4.52546072e-01 -5.06051986e-04 
 2.02735916e+00 -4.52546072e-01 -5.17721408e-04 
 2.07410951e+00 -4.52546072e-01 -5.29659924e-04 
 2.12193792e+00 -4.52546072e-01 -5.41873739e-04 
 2.17086923e+00 -4.52546072e-01 -5.54369201e-04 
 2.22092889e+00 -4.52546072e-01 -5.67152805e-04 
 2.27214291e+00 -4.52546072e-01 -5.80231195e-04 
 2.32453791e+00 -4.52546072e-01 -5.93611170e-04 
 2.37814113e+00 -4.52546072e-01 -6.07299683e-04 
 2.43298042e+00 -4.52546072e-01 -6.21303849e-04 
 2.48908429e+00 -4.52546072e-01 -6.35630948e-04 
 2.54648190e+00 -4.52546072e-01 -6.50288426e-04 
 2.60520309e+00 -4.52546072e-01 -6.65283902e-04 
 2.66527837e+00 -4.52546072e-01 -6.80625169e-04 
 2.72673897e+00 -4.52546072e-01 -6.96320201e-04 
 2.78961683e+00 -4.52546072e-01 -7.12377157e-04 
 2.85394464e+00 -4.52546072e-01 -7.28804382e-04 
 2.91975583e+00 -4.52546072e-01 -7.45610414e-04 
 2.98708461e+00 -4.52546072e-01 -7.62803989e-04 
 3.05596598e+00 -4.52546072e-01 -7.80394043e-04 
 3.12643573e+00 -4.52546072e-01 -7.98389718e-04 
 3.19853049e+00 -4.52546072e-01 -8.16800370e-04 
 3.27228774e+00 -4.52546072e-01 -8.35635565e-04 
 3.34774581e+00 -4.52546072e-01 -8.54905096e-04 
 3.42494392e+00 -4.52546072e-01 -8.74618976e-04 
 3.50392221e+00 -4.52546072e-01 -8.94787454e-04 
 3.58472171e+00 -4.52546072e-01 -9.15421011e-04 
 3.66738442e+00 -4.52546072e-01 -9.36530372e-04 
 3.75195331e+00 -4.52546072e-01 -9.58126509e-04 
 3.83847234e+00 -4.52546072e-01 -9.80220648e-04 
 3.92698648e+00 -4.52546072e-01 -1.00282427e-03 
 4.01754173e+00 -4.52546072e-01 -1.02594913e-03 
 4.11018515e+00 -4.52546072e-01 -1.04960724e-03 
 4.20496491e+00 -4.52546072e-01 -1.07381090e-03 
 4.30193027e+00 -4.52546072e-01 -1.09857269e-03 
 4.40113162e+00 -4.52546072e-01 -1.12390548e-03 
 4.50262052e+00 -4.52546072e-01 -1.14982243e-03 
 4.60644974e+00 -4.52546072e-01 -1.17633703e-03 
 4.71267322e+00 -4.52546072e-01 -1.20346304e-03 
 4.82134619e+00 -4.52546072e-01 -1.23121457e-03 
 4.93252513e+00 -4.52546072e-01 -1.25960605e-03 
 5.04626783e+00 -4.52546072e-01 -1.28865222e-03 
 5.16263340e+00 -4.52546072e-01 -1.31836820e-03 
 5.28168234e+00 -4.52546072e-01 -1.34876941e-03 
 5.40347650e+00 -4.52546072e-01 -1.37987167e-03 
 5.52807921e+00 -4.52546072e-01 -1.41169114e-03 
 5.65555523e+00 -4.52546072e-01 -1.44424435e-03 
 5.78597080e+00 -4.52546072e-01 -1.47754824e-03 
 5.91939372e+00 -4.52546072e-01 -1.51162010e-03 
 6.05589334e+00 -4.52546072e-01 -1.54647765e-03 
 6.19554061e+00 -4.52546072e-01 -1.58213901e-03 
 6.33840810e+00 -4.52546072e-01 -1.61862271e-03 
 6.48457008e+00 -4.52546072e-01 -1.65594771e-03 
 6.63410251e+00 -4.52546072e-01 -1.69413342e-03 
 6.78708313e+00 -4.52546072e-01 -1.73319967e-03 
 6.94359143e+00 -4.52546072e-01 -1.77316679e-03 
 7.10370877e+00 -4.52546072e-01 -1.81405554e-03 
 7.26751838e+00 -4.52546072e-01 -1.85588717e-03 
 7.43510539e+00 -4.52546072e-01 -1.89868343e-03 
 7.60655691e+00 -4.52546072e-01 -1.94246655e-03 
 7.78196206e+00 -4.52546072e-01 -1.98725931e-03 
 7.96141200e+00 -4.52546072e-01 -2.03308497e-03 
 8.14500001e+00 -4.52546072e-01 -2.07996736e-03 
 8.33282151e+00 -4.52546072e-01 -2.12793084e-03 
 8.52497412e+00 -4.52546072e-01 -2.17700036e-03 
 8.72155772e+00 -4.52546072e-01 -2.22720140e-03 
 8.92267449e+00 -4.52546072e-01 -2.27856006e-03 
 9.12842895e+00 -4.52546072e-01 -2.33110304e-03 
 9.33892805e+00 -4.52546072e-01 -2.38485764e-03 
 9.55428121e+00 -4.52546072e-01 -2.43985182e-03 
 9.77460036e+00 -4.52546072e-01 -2.49611414e-03 
 1.00000000e+01 -4.52546072e-01 -2.55367386e-03 
 1.02305973e+01 -4.52546072e-01 -2.61256089e-03 
 1.04665121e+01 -4.52546072e-01 -2.67280584e-03 
 1.07078670e+01 -4.52546072e-01 -2.73444002e-03 
 1.09547876e+01 -4.52546072e-01 -2.79749546e-03 
 1.12074020e+01 -4.52546072e-01 -2.86200495e-03 
 1.14658417e+01 -4.52546072e-01 -2.92800201e-03 
 1.17302409e+01 -4.52546072e-01 -2.99552095e-03 
 1.20007371e+01 -4.52546072e-01 -3.06459685e-03 
 1.22774708e+01 -4.52546072e-01 -3.13526563e-03 
 1.25605860e+01 -4.52546072e-01 -3.20756401e-03 
 1.28502297e+01 -4.52546072e-01 -3.28152957e-03 
 1.31465525e+01 -4.52546072e-01 -3.35720075e-03 
 1.34497085e+01 -4.52546072e-01 -3.43461690e-03 
 1.37598551e+01 -4.52546072e-01 -3.51381823e-03 
 1.40771537e+01 -4.52546072e-01 -3.59484593e-03 
 1.44017690e+01 -4.52546072e-01 -3.67774211e-03 
 1.47338699e+01 -4.52546072e-01 -3.76254985e-03 
 1.50736290e+01 -4.52546072e-01 -3.84931323e-03 
 1.54212228e+01 -4.52546072e-01 -3.93807735e-03 
 1.57768320e+01 -4.52546072e-01 -4.02888835e-03 
 1.61406415e+01 -4.52546072e-01 -4.12179343e-03 
 1.65128404e+01 -4.52546072e-01 -4.21684087e-03 
 1.68936220e+01 -4.52546072e-01 -4.31408009e-03 
 1.72831844e+01 -4.52546072e-01 -4.41356161e-03 
 1.76817299e+01 -4.52546072e-01 -4.51533715e-03 
 1.80894658e+01 -4.52546072e-01 -4.61945960e-03 
 1.85066040e+01 -4.52546072e-01 -4.72598309e-03 
 1.89333613e+01 -4.52546072e-01 -4.83496298e-03 
 1.93699595e+01 -4.52546072e-01 -4.94645592e-03 
 1.98166255e+01 -4.52546072e-01 -5.06051986e-03 
 2.02735916e+01 -4.52546072e-01 -5.17721408e-03 
 2.07410951e+01 -4.52546072e-01 -5.29659924e-03 
 2.12193792e+01 -4.52546072e-01 -5.41873739e-03 
 2.17086923e+01 -4.52546072e-01 -5.54369201e-03 
 2.22092889e+01 -4.52546072e-01 -5.67152805e-03 
 2.27214291e+01 -4.52546072e-01 -5.80231195e-03 
 2.32453791e+01 -4.52546072e-01 -5.93611170e-03 
 2.37814113e+01 -4.52546072e-01 -6.07299683e-03 
 2.43298042e+01 -4.52546072e-01 -6.21303850e-03 
 2.48908429e+01 -4.52546073e-01 -6.35630949e-03 
 2.54648190e+01 -4.52546073e-01 -6.50288427e-03 
 2.60520309e+01 -4.52546073e-01 -6.65283902e-03 
 2.66527837e+01 -4.52546073e-01 -6.80625170e-03 
 2.72673897e+01 -4.52546073e-01 -6.96320202e-03 
 2.78961683e+01 -4.52546073e-01 -7.12377158e-03 
 2.85394464e+01 -4.52546073e-01 -7.28804383e-03 
 2.91975583e+01 -4.52546073e-01 -7.45610415e-03 
 2.98708461e+01 -4.52546073e-01 -7.62803990e-03 
 3.05596598e+01 -4.52546073e-01 -7.80394044e-03 
 3.12643573e+01 -4.52546073e-01 -7.98389720e-03 
 3.19853049e+01 -4.52546073e-01 -8.16800371e-03 
 3.27228774e+01 -4.52546073e-01 -8.35635567e-03 
 3.34774581e+01 -4.52546073e-01 -8.54905097e-03 
 3.42494392e+01 -4.52546073e-01 -8.74618978e-03 
 3.50392221e+01 -4.52546073e-01 -8.94787455e-03 
 3.58472171e+01 -4.52546074e-01 -9.15421012e-03 
 3.66738442e+01 -4.52546074e-01 -9.36530374e-03 
 3.75195331e+01 -4.52546074e-01 -9.58126511e-03 
 3.83847234e+01 -4.52546074e-01 -9.80220650e-03 
 3.92698648e+01 -4.52546074e-01 -1.00282427e-02 
 4.01754173e+01 -4.52546074e-01 -1.02594913e-02 
 4.11018515e+01 -4.52546074e-01 -1.04960724e-02 
 4.20496491e+01 -4.52546074e-01 -1.07381090e-02 
 4.30193027e+01 -4.52546074e-01 -1.09857269e-02 
 4.40113162e+01 -4.52546075e-01 -1.12390548e-02 
 4.50262052e+01 -4.52546075e-01 -1.14982244e-02 
 4.60644974e+01 -4.52546075e-01 -1.17633703e-02 
 4.71267322e+01 -4.52546075e-01 -1.20346304e-02 
 4.82134619e+01 -4.52546075e-01 -1.23121458e-02 
 4.93252513e+01 -4.52546075e-01 -1.25960605e-02 
 5.04626783e+01 -4.52546076e-01 -1.28865223e-02 
 5.16263340e+01 -4.52546076e-01 -1.31836820e-02 
 5.28168234e+01 -4.52546076e-01 -1.34876942e-02 
 5.40347650e+01 -4.52546076e-01 -1.37987167e-02 
 5.52807921e+01 -4.52546076e-01 -1.41169114e-02 
 5.65555523e+01 -4.52546077e-01 -1.44424436e-02 
 5.78597080e+01 -4.52546077e-01 -1.47754824e-02 
 5.91939372e+01 -4.52546077e-01 -1.51162011e-02 
 6.05589334e+01 -4.52546077e-01 -1.54647766e-02 
 6.19554061e+01 -4.52546078e-01 -1.58213902e-02 
 6.33840810e+01 -4.52546078e-01 -1.61862272e-02 
 6.48457008e+01 -4.52546078e-01 -1.65594772e-02 
 6.63410251e+01 -4.52546078e-01 -1.69413343e-02 
 6.78708313e+01 -4.52546079e-01 -1.73319969e-02 
 6.94359143e+01 -4.52546079e-01 -1.77316680e-02 
 7.10370877e+01 -4.52546080e-01 -1.81405555e-02 
 7.26751838e+01 -4.52546080e-01 -1.85588718e-02 
 7.43510539e+01 -4.52546080e-01 -1.89868344e-02 
 7.60655691e+01 -4.52546081e-01 -1.94246657e-02 
 7.78196206e+01 -4.52546081e-01 -1.98725932e-02 
 7.96141200e+01 -4.52546082e-01 -2.03308499e-02 
 8.14500001e+01 -4.52546082e-01 -2.07996738e-02 
 8.33282151e+01 -4.52546082e-01 -2.12793087e-02 
 8.52497412e+01 -4.52546083e-01 -2.17700038e-02 
 8.72155772e+01 -4.52546084e-01 -2.22720142e-02 
 8.92267449e+01 -4.52546084e-01 -2.27856008e-02 
 9.12842895e+01 -4.52546085e-01 -2.33110307e-02 
 9.33892805e+01 -4.52546085e-01 -2.38485767e-02 
 9.55428121e+01 -4.52546086e-01 -2.43985185e-02 
 9.77460036e+01 -4.52546087e-01 -2.49611418e-02 
 1.00000000e+02 -4.52546087e-01 -2.55367390e-02 
 1.02305973e+02 -4.52546088e-01 -2.61256093e-02 
 1.04665121e+02 -4.52546089e-01 -2.67280588e-02 
 1.07078670e+02 -4.52546090e-01 -2.73444006e-02 
 1.09547876e+02 -4.52546090e-01 -2.79749551e-02 
 1.12074020e+02 -4.52546091e-01 -2.86200501e-02 
 1.14658417e+02 -4.52546092e-01 -2.92800207e-02 
 1.17302409e+02 -4.52546093e-01 -2.99552101e-02 
 1.20007371e+02 -4.52546094e-01 -3.06459692e-02 
 1.22774708e+02 -4.52546095e-01 -3.13526570e-02 
 1.25605860e+02 -4.52546096e-01 -3.20756408e-02 
 1.28502297e+02 -4.52546098e-01 -3.28152965e-02 
 1.31465525e+02 -4.52546099e-01 -3.35720084e-02 
 1.34497085e+02 -4.52546100e-01 -3.43461699e-02 
 1.37598551e+02 -4.52546101e-01 -3.51381833e-02 
 1.40771537e+02 -4.52546103e-01 -3.59484604e-02 
 1.44017690e+02 -4.52546104e-01 -3.67774222e-02 
 1.47338699e+02 -4.52546106e-01 -3.76254997e-02 
 1.50736290e+02 -4.52546108e-01 -3.84931336e-02 
 1.54212228e+02 -4.52546109e-01 -3.93807749e-02 
 1.57768320e+02 -4.52546111e-01 -4.02888850e-02 
 1.61406415e+02 -4.52546113e-01 -4.12179359e-02 
 1.65128404e+02 -4.52546115e-01 -4.21684105e-02 
 1.68936220e+02 -4.52546117e-01 -4.31408027e-02 
 1.72831844e+02 -4.52546119e-01 -4.41356180e-02 
 1.76817299e+02 -4.52546121e-01 -4.51533736e-02 
 1.80894658e+02 -4.52546123e-01 -4.61945983e-02 
 1.85066040e+02 -4.52546126e-01 -4.72598333e-02 
 1.89333613e+02 -4.52546128e-01 -4.83496324e-02 
 1.93699595e+02 -4.52546131e-01 -4.94645620e-02 
 1.98166255e+02 -4.52546134e-01 -5.06052016e-02 
 2.02735916e+02 -4.52546137e-01 -5.17721440e-02 
 2.07410951e+02 -4.52546140e-01 -5.29659958e-02 
 2.12193792e+02 -4.52546143e-01 -5.41873775e-02 
 2.17086923e+02 -4.52546146e-01 -5.54369240e-02 
 2.22092889e+02 -4.52546150e-01 -5.67152847e-02 
 2.27214291e+02 -4.52546153e-01 -5.80231240e-02 
 2.32453791e+02 -4.52546157e-01 -5.93611218e-02 
 2.37814113e+02 -4.52546161e-01 -6.07299735e-02 
 2.43298042e+02 -4.52546165e-01 -6.21303905e-02 
 2.48908429e+02 -4.52546170e-01 -6.35631008e-02 
 2.54648190e+02 -4.52546174e-01 -6.50288490e-02 
 2.60520309e+02 -4.52546179e-01 -6.65283970e-02 
 2.66527837e+02 -4.52546184e-01 -6.80625242e-02 
 2.72673897e+02 -4.52546189e-01 -6.96320280e-02 
 2.78961683e+02 -4.52546195e-01 -7.12377241e-02 
 2.85394464e+02 -4.52546201e-01 -7.28804471e-02 
 2.91975583e+02 -4.52546207e-01 -7.45610510e-02 
 2.98708461e+02 -4.52546213e-01 -7.62804092e-02 
 3.05596598e+02 -4.52546219e-01 -7.80394153e-02 
 3.12643573e+02 -4.52546226e-01 -7.98389836e-02 
 3.19853049e+02 -4.52546234e-01 -8.16800496e-02 
 3.27228774e+02 -4.52546241e-01 -8.35635701e-02 
 3.34774581e+02 -4.52546249e-01 -8.54905241e-02 
 3.42494392e+02 -4.52546257e-01 -8.74619131e-02 
 3.50392221e+02 -4.52546266e-01 -8.94787620e-02 
 3.58472171e+02 -4.52546275e-01 -9.15421188e-02 
 3.66738442e+02 -4.52546285e-01 -9.36530562e-02 
 3.75195331e+02 -4.52546295e-01 -9.58126713e-02 
 3.83847234e+02 -4.52546305e-01 -9.80220866e-02 
 3.92698648e+02 -4.52546316e-01 -1.00282450e-01 
 4.01754173e+02 -4.52546327e-01 -1.02594938e-01 
 4.11018515e+02 -4.52546339e-01 -1.04960751e-01 
 4.20496491e+02 -4.52546352e-01 -1.07381118e-01 
 4.30193027e+02 -4.52546365e-01 -1.09857299e-01 
 4.40113162e+02 -4.52546378e-01 -1.12390580e-01 
 4.50262052e+02 -4.52546393e-01 -1.14982278e-01 
 4.60644974e+02 -4.52546408e-01 -1.17633740e-01 
 4.71267322e+02 -4.52546423e-01 -1.20346344e-01 
 4.82134619e+02 -4.52546440e-01 -1.23121501e-01 
 4.93252513e+02 -4.52546457e-01 -1.25960651e-01 
 5.04626783e+02 -4.52546475e-01 -1.28865272e-01 
 5.16263340e+02 -4.52546494e-01 -1.31836873e-01 
 5.28168234e+02 -4.52546513e-01 -1.34876998e-01 
 5.40347650e+02 -4.52546534e-01 -1.37987228e-01 
 5.52807921e+02 -4.52546556e-01 -1.41169179e-01 
 5.65555523e+02 -4.52546578e-01 -1.44424505e-01 
 5.78597080e+02 -4.52546602e-01 -1.47754898e-01 
 5.91939372e+02 -4.52546627e-01 -1.51162090e-01 
 6.05589334e+02 -4.52546653e-01 -1.54647851e-01 
 6.19554061e+02 -4.52546680e-01 -1.58213993e-01 
 6.33840810e+02 -4.52546708e-01 -1.61862369e-01 
 6.48457008e+02 -4.52546738e-01 -1.65594876e-01 
 6.63410251e+02 -4.52546769e-01 -1.69413454e-01 
 6.78708313e+02 -4.52546801e-01 -1.73320088e-01 
 6.94359143e+02 -4.52546835e-01 -1.77316808e-01 
 7.10370877e+02 -4.52546871e-01 -1.81405692e-01 
 7.26751838e+02 -4.52546908e-01 -1.85588865e-01 
 7.43510539e+02 -4.52546947e-01 -1.89868501e-01 
 7.60655691e+02 -4.52546988e-01 -1.94246825e-01 
 7.78196206e+02 -4.52547031e-01 -1.98726112e-01 
 7.96141200e+02 -4.52547076e-01 -2.03308692e-01 
 8.14500001e+02 -4.52547123e-01 -2.07996944e-01 
 8.33282151e+02 -4.52547172e-01 -2.12793308e-01 
 8.52497412e+02 -4.52547223e-01 -2.17700274e-01 
 8.72155772e+02 -4.52547277e-01 -2.22720395e-01 
 8.92267449e+02 -4.52547333e-01 -2.27856280e-01 
 9.12842895e+02 -4.52547392e-01 -2.33110597e-01 
 9.33892805e+02 -4.52547453e-01 -2.38486079e-01 
 9.55428121e+02 -4.52547518e-01 -2.43985518e-01 
 9.77460036e+02 -4.52547585e-01 -2.49611774e-01 
 1.00000000e+03 -4.52547656e-01 -2.55367772e-01 
 1.02305973e+03 -4.52547730e-01 -2.61256502e-01 
 1.04665121e+03 -4.52547807e-01 -2.67281026e-01 
 1.07078670e+03 -4.52547888e-01 -2.73444475e-01 
 1.09547876e+03 -4.52547973e-01 -2.79750053e-01 
 1.12074020e+03 -4.52548062e-01 -2.86201038e-01 
 1.14658417e+03 -4.52548155e-01 -2.92800783e-01 
 1.17302409e+03 -4.52548252e-01 -2.99552718e-01 
 1.20007371e+03 -4.52548353e-01 -3.06460352e-01 
 1.22774708e+03 -4.52548460e-01 -3.13527277e-01 
 1.25605860e+03 -4.52548571e-01 -3.20757165e-01 
 1.28502297e+03 -4.52548688e-01 -3.28153775e-01 
 1.31465525e+03 -4.52548810e-01 -3.35720952e-01 
 1.34497085e+03 -4.52548938e-01 -3.43462628e-01 
 1.37598551e+03 -4.52549072e-01 -3.51382828e-01 
 1.40771537e+03 -4.52549212e-01 -3.59485669e-01 
 1.44017690e+03 -4.52549358e-01 -3.67775363e-01 
 1.47338699e+03 -4.52549512e-01 -3.76256219e-01 
 1.50736290e+03 -4.52549672e-01 -3.84932644e-01 
 1.54212228e+03 -4.52549840e-01 -3.93809150e-01 
 1.57768320e+03 -4.52550016e-01 -4.02890350e-01 
 1.61406415e+03 -4.52550200e-01 -4.12180965e-01 
 1.65128404e+03 -4.52550393e-01 -4.21685824e-01 
 1.68936220e+03 -4.52550594e-01 -4.31409868e-01 
 1.72831844e+03 -4.52550805e-01 -4.41358152e-01 
 1.76817299e+03 -4.52551026e-01 -4.51535847e-01 
 1.80894658e+03 -4.52551257e-01 -4.61948243e-01 
 1.85066040e+03 -4.52551499e-01 -4.72600754e-01 
 1.89333613e+03 -4.52551753e-01 -4.83498916e-01 
 1.93699595e+03 -4.52552018e-01 -4.94648396e-01 
 1.98166255e+03 -4.52552295e-01 -5.06054988e-01 
 2.02735916e+03 -4.52552586e-01 -5.17724622e-01 
 2.07410951e+03 -4.52552890e-01 -5.29663366e-01 
 2.12193792e+03 -4.52553208e-01 -5.41877424e-01 
 2.17086923e+03 -4.52553541e-01 -5.54373147e-01 
 2.22092889e+03 -4.52553890e-01 -5.67157030e-01 
 2.27214291e+03 -4.52554254e-01 -5.80235720e-01 
 2.32453791e+03 -4.52554636e-01 -5.93616015e-01 
 2.37814113e+03 -4.52555036e-01 -6.07304871e-01 
 2.43298042e+03 -4.52555455e-01 -6.21309405e-01 
 2.48908429e+03 -4.52555893e-01 -6.35636897e-01 
 2.54648190e+03 -4.52556351e-01 -6.50294796e-01 
 2.60520309e+03 -4.52556831e-01 -6.65290722e-01 
 2.66527837e+03 -4.52557333e-01 -6.80632472e-01 
 2.72673897e+03 -4.52557859e-01 -6.96328022e-01 
 2.78961683e+03 -4.52558409e-01 -7.12385531e-01 
 2.85394464e+03 -4.52558985e-01 -7.28813349e-01 
 2.91975583e+03 -4.52559588e-01 -7.45620016e-01 
 2.98708461e+03 -4.52560219e-01 -7.62814270e-01 
 3.05596598e+03 -4.52560880e-01 -7.80405052e-01 
 3.12643573e+03 -4.52561571e-01 -7.98401507e-01 
 3.19853049e+03 -4.52562295e-01 -8.16812992e-01 
 3.27228774e+03 -4.52563052e-01 -8.35649082e-01 
 3.34774581e+03 -4.52563845e-01 -8.54919569e-01 
 3.42494392e+03 -4.52564675e-01 -8.74634474e-01 
 3.50392221e+03 -4.52565544e-01 -8.94804048e-01 
 3.58472171e+03 -4.52566453e-01 -9.15438780e-01 
 3.66738442e+03 -4.52567405e-01 -9.36549399e-01 
 3.75195331e+03 -4.52568402e-01 -9.58146883e-01 
 3.83847234e+03 -4.52569445e-01 -9.80242464e-01 
 3.92698648e+03 -4.52570537e-01 -1.00284763e+00 
 4.01754173e+03 -4.52571680e-01 -1.02597414e+00 
 4.11018515e+03 -4.52572876e-01 -1.04963402e+00 
 4.20496491e+03 -4.52574129e-01 -1.07383958e+00 
 4.30193027e+03 -4.52575440e-01 -1.09860340e+00 
 4.40113162e+03 -4.52576812e-01 -1.12393836e+00 
 4.50262052e+03 -4.52578249e-01 -1.14985764e+00 
 4.60644974e+03 -4.52579753e-01 -1.17637473e+00 
 4.71267322e+03 -4.52581327e-01 -1.20350341e+00 
 4.82134619e+03 -4.52582975e-01 -1.23125780e+00 
 4.93252513e+03 -4.52584700e-01 -1.25965234e+00 
 5.04626783e+03 -4.52586507e-01 -1.28870179e+00 
 5.16263340e+03 -4.52588397e-01 -1.31842127e+00 
 5.28168234e+03 -4.52590377e-01 -1.34882624e+00 
 5.40347650e+03 -4.52592449e-01 -1.37993252e+00 
 5.52807921e+03 -4.52594618e-01 -1.41175630e+00 
 5.65555523e+03 -4.52596889e-01 -1.44431413e+00 
 5.78597080e+03 -4.52599267e-01 -1.47762295e+00 
 5.91939372e+03 -4.52601756e-01 -1.51170010e+00 
 6.05589334e+03 -4.52604362e-01 -1.54656332e+00 
 6.19554061e+03 -4.52607091e-01 -1.58223074e+00 
 6.33840810e+03 -4.52609948e-01 -1.61872093e+00 
 6.48457008e+03 -4.52612939e-01 -1.65605288e+00 
 6.63410251e+03 -4.52616070e-01 -1.69424603e+00 
 6.78708313e+03 -4.52619349e-01 -1.73332026e+00 
 6.94359143e+03 -4.52622782e-01 -1.77329592e+00 
 7.10370877e+03 -4.52626376e-01 -1.81419380e+00 
 7.26751838e+03 -4.52630140e-01 -1.85603522e+00 
 7.43510539e+03 -4.52634081e-01 -1.89884196e+00 
 7.60655691e+03 -4.52638207e-01 -1.94263630e+00 
 7.78196206e+03 -4.52642528e-01 -1.98744107e+00 
 7.96141200e+03 -4.52647053e-01 -2.03327960e+00 
 8.14500001e+03 -4.52651791e-01 -2.08017577e+00 
 8.33282151e+03 -4.52656753e-01 -2.12815400e+00 
 8.52497412e+03 -4.52661950e-01 -2.17723931e+00 
 8.72155772e+03 -4.52667392e-01 -2.22745726e+00 
 8.92267449e+03 -4.52673091e-01 -2.27883403e+00 
 9.12842895e+03 -4.52679060e-01 -2.33139640e+00 
 9.33892805e+03 -4.52685311e-01 -2.38517177e+00 
 9.55428121e+03 -4.52691859e-01 -2.44018817e+00 
 9.77460036e+03 -4.52698717e-01 -2.49647430e+00 
 1.00000000e+04 -4.52705900e-01 -2.55405951e+00 
 1.02305973e+04 -4.52713424e-01 -2.61297383e+00 
 1.04665121e+04 -4.52721306e-01 -2.67324801e+00 
 1.07078670e+04 -4.52729563e-01 -2.73491348e+00 
 1.09547876e+04 -4.52738213e-01 -2.79800244e+00 
 1.12074020e+04 -4.52747274e-01 -2.86254781e+00 
 1.14658417e+04 -4.52756768e-01 -2.92858329e+00 
 1.17302409e+04 -4.52766716e-01 -2.99614336e+00 
 1.20007371e+04 -4.52777138e-01 -3.06526331e+00 
 1.22774708e+04 -4.52788059e-01 -3.13597925e+00 
 1.25605860e+04 -4.52799503e-01 -3.20832813e+00 
 1.28502297e+04 -4.52811495e-01 -3.28234776e+00 
 1.31465525e+04 -4.52824064e-01 -3.35807684e+00 
 1.34497085e+04 -4.52837236e-01 -3.43555498e+00 
 1.37598551e+04 -4.52851042e-01 -3.51482270e+00 
 1.40771537e+04 -4.52865514e-01 -3.59592148e+00 
 1.44017690e+04 -4.52880684e-01 -3.67889376e+00 
 1.47338699e+04 -4.52896587e-01 -3.76378299e+00 
 1.50736290e+04 -4.52913261e-01 -3.85063362e+00 
 1.54212228e+04 -4.52930742e-01 -3.93949117e+00 
 1.57768320e+04 -4.52949073e-01 -4.03040221e+00 
 1.61406415e+04 -4.52968296e-01 -4.12341439e+00 
 1.65128404e+04 -4.52988457e-01 -4.21857652e+00 
 1.68936220e+04 -4.53009601e-01 -4.31593853e+00 
 1.72831844e+04 -4.53031781e-01 -4.41555153e+00 
 1.76817299e+04 -4.53055048e-01 -4.51746785e+00 
 1.80894658e+04 -4.53079459e-01 -4.62174104e+00 
 1.85066040e+04 -4.53105073e-01 -4.72842593e+00 
 1.89333613e+04 -4.53131951e-01 -4.83757863e+00 
 1.93699595e+04 -4.53160159e-01 -4.94925660e+00 
 1.98166255e+04 -4.53189767e-01 -5.06351865e+00 
 2.02735916e+04 -4.53220848e-01 -5.18042498e+00 
 2.07410951e+04 -4.53253480e-01 -5.30003725e+00 
 2.12193792e+04 -4.53287743e-01 -5.42241857e+00 
 2.17086923e+04 -4.53323726e-01 -5.54763354e+00 
 2.22092889e+04 -4.53361520e-01 -5.67574834e+00 
 2.27214291e+04 -4.53401221e-01 -5.80683071e+00 
 2.32453791e+04 -4.53442933e-01 -5.94095000e+00 
 2.37814113e+04 -4.53486764e-01 -6.07817727e+00 
 2.43298042e+04 -4.53532831e-01 -6.21858525e+00 
 2.48908429e+04 -4.53581255e-01 -6.36224843e+00 
 2.54648190e+04 -4.53632167e-01 -6.50924311e+00 
 2.60520309e+04 -4.53685704e-01 -6.65964743e+00 
 2.66527837e+04 -4.53742012e-01 -6.81354143e+00 
 2.72673897e+04 -4.53801248e-01 -6.97100707e+00 
 2.78961683e+04 -4.53863576e-01 -7.13212834e+00 
 2.85394464e+04 -4.53929172e-01 -7.29699125e+00 
 2.91975583e+04 -4.53998223e-01 -7.46568395e+00 
 2.98708461e+04 -4.54070928e-01 -7.63829671e+00 
 3.05596598e+04 -4.54147499e-01 -7.81492206e+00 
 3.12643573e+04 -4.54228162e-01 -7.99565478e+00 
 3.19853049e+04 -4.54313156e-01 -8.18059201e+00 
 3.27228774e+04 -4.54402738e-01 -8.36983331e+00 
 3.34774581e+04 -4.54497183e-01 -8.56348069e+00 
 3.42494392e+04 -4.54596781e-01 -8.76163873e+00 
 3.50392221e+04 -4.54701846e-01 -8.96441462e+00 
 3.58472171e+04 -4.54812710e-01 -9.17191824e+00 
 3.66738442e+04 -4.54929730e-01 -9.38426225e+00 
 3.75195331e+04 -4.55053287e-01 -9.60156216e+00 
 3.83847234e+04 -4.55183790e-01 -9.82393640e+00 
 3.92698648e+04 -4.55321674e-01 -1.00515064e+01 
 4.01754173e+04 -4.55467409e-01 -1.02843969e+01 
 4.11018515e+04 -4.55621496e-01 -1.05227354e+01 
 4.20496491e+04 -4.55784473e-01 -1.07666533e+01 
 4.30193027e+04 -4.55956919e-01 -1.10162848e+01 
 4.40113162e+04 -4.56139452e-01 -1.12717680e+01 
 4.50262052e+04 -4.56332739e-01 -1.15332445e+01 
 4.60644974e+04 -4.56537497e-01 -1.18008596e+01 
 4.71267322e+04 -4.56754494e-01 -1.20747625e+01 
 4.82134619e+04 -4.56984560e-01 -1.23551063e+01 
 4.93252513e+04 -4.57228585e-01 -1.26420483e+01 
 5.04626783e+04 -4.57487530e-01 -1.29357499e+01 
 5.16263340e+04 -4.57762428e-01 -1.32363769e+01 
 5.28168234e+04 -4.58054397e-01 -1.35440996e+01 
 5.40347650e+04 -4.58364637e-01 -1.38590930e+01 
 5.52807921e+04 -4.58694447e-01 -1.41815369e+01 
 5.65555523e+04 -4.59045227e-01 -1.45116160e+01 
 5.78597080e+04 -4.59418492e-01 -1.48495203e+01 
 5.91939372e+04 -4.59815875e-01 -1.51954450e+01 
 6.05589334e+04 -4.60239145e-01 -1.55495908e+01 
 6.19554061e+04 -4.60690212e-01 -1.59121642e+01 
 6.33840810e+04 -4.61171146e-01 -1.62833774e+01 
 6.48457008e+04 -4.61684183e-01 -1.66634490e+01 
 6.63410251e+04 -4.62231750e-01 -1.70526037e+01 
 6.78708313e+04 -4.62816472e-01 -1.74510728e+01 
 6.94359143e+04 -4.63441194e-01 -1.78590944e+01 
 7.10370877e+04 -4.64109001e-01 -1.82769138e+01 
 7.26751838e+04 -4.64823242e-01 -1.87047833e+01 
 7.43510539e+04 -4.65587544e-01 -1.91429631e+01 
 7.60655691e+04 -4.66405850e-01 -1.95917210e+01 
 7.78196206e+04 -4.67282436e-01 -2.00513331e+01 
 7.96141200e+04 -4.68221949e-01 -2.05220840e+01 
 8.14500001e+04 -4.69229437e-01 -2.10042668e+01 
 8.33282151e+04 -4.70310385e-01 -2.14981842e+01 
 8.52497412e+04 -4.71470755e-01 -2.20041479e+01 
 8.72155772e+04 -4.72717033e-01 -2.25224796e+01 
 8.92267449e+04 -4.74056270e-01 -2.30535113e+01 
 9.12842895e+04 -4.75496141e-01 -2.35975854e+01 
 9.33892805e+04 -4.77044995e-01 -2.41550555e+01 
 9.55428121e+04 -4.78711922e-01 -2.47262865e+01 
 9.77460036e+04 -4.80506818e-01 -2.53116551e+01 
 1.00000000e+05 -4.82440461e-01 -2.59115502e+01 
 1.02305973e+05 -4.84524587e-01 -2.65263738e+01 
 1.04665121e+05 -4.86771985e-01 -2.71565407e+01 
 1.07078670e+05 -4.89196587e-01 -2.78024797e+01 
 1.09547876e+05 -4.91813576e-01 -2.84646336e+01 
 1.12074020e+05 -4.94639502e-01 -2.91434601e+01 
 1.14658417e+05 -4.97692401e-01 -2.98394317e+01 
 1.17302409e+05 -5.00991937e-01 -3.05530371e+01 
 1.20007371e+05 -5.04559548e-01 -3.12847809e+01 
 1.22774708e+05 -5.08418607e-01 -3.20351844e+01 
 1.25605860e+05 -5.12594597e-01 -3.28047864e+01 
 1.28502297e+05 -5.17115304e-01 -3.35941430e+01 
 1.31465525e+05 -5.22011023e-01 -3.44038287e+01 
 1.34497085e+05 -5.27314784e-01 -3.52344367e+01 
 1.37598551e+05 -5.33062596e-01 -3.60865790e+01 
 1.40771537e+05 -5.39293712e-01 -3.69608871e+01 
 1.44017690e+05 -5.46050914e-01 -3.78580119e+01 
 1.47338699e+05 -5.53380826e-01 -3.87786245e+01 
 1.50736290e+05 -5.61334244e-01 -3.97234157e+01 
 1.54212228e+05 -5.69966498e-01 -4.06930966e+01 
 1.57768320e+05 -5.79337834e-01 -4.16883980e+01 
 1.61406415e+05 -5.89513838e-01 -4.27100705e+01 
 1.65128404e+05 -6.00565866e-01 -4.37588838e+01 
 1.68936220e+05 -6.12571527e-01 -4.48356264e+01 
 1.72831844e+05 -6.25615180e-01 -4.59411044e+01 
 1.76817299e+05 -6.39788466e-01 -4.70761404e+01 
 1.80894658e+05 -6.55190871e-01 -4.82415723e+01 
 1.85066040e+05 -6.71930311e-01 -4.94382512e+01 
 1.89333613e+05 -6.90123749e-01 -5.06670391e+01 
 1.93699595e+05 -7.09897828e-01 -5.19288066e+01 
 1.98166255e+05 -7.31389526e-01 -5.32244290e+01 
 2.02735916e+05 -7.54746836e-01 -5.45547833e+01 
 2.07410951e+05 -7.80129412e-01 -5.59207431e+01 
 2.12193792e+05 -8.07709223e-01 -5.73231739e+01 
 2.17086923e+05 -8.37671283e-01 -5.87629271e+01 
 2.22092889e+05 -8.70214204e-01 -6.02408331e+01 
 2.27214291e+05 -9.05550803e-01 -6.17576940e+01 
 2.32453791e+05 -9.43908616e-01 -6.33142749e+01 
 2.37814113e+05 -9.85530332e-01 -6.49112947e+01 
 2.43298042e+05 -1.03067414e+00 -6.65494157e+01 
 2.48908429e+05 -1.07961384e+00 -6.82292318e+01 
 2.54648190e+05 -1.13263901e+00 -6.99512569e+01 
 2.60520309e+05 -1.19005470e+00 -7.17159116e+01 
 2.66527837e+05 -1.25218114e+00 -7.35235088e+01 
 2.72673897e+05 -1.31935296e+00 -7.53742400e+01 
 2.78961683e+05 -1.39191835e+00 -7.72681598e+01 
 2.85394464e+05 -1.47023773e+00 -7.92051710e+01 
 2.91975583e+05 -1.55468209e+00 -8.11850099e+01 
 2.98708461e+05 -1.64563101e+00 -8.32072313e+01 
 3.05596598e+05 -1.74347023e+00 -8.52711955e+01 
 3.12643573e+05 -1.84858888e+00 -8.73760558e+01 
 3.19853049e+05 -1.96137629e+00 -8.95207485e+01 
 3.27228774e+05 -2.08221847e+00 -9.17039844e+01 
 3.34774581e+05 -2.21149428e+00 -9.39242444e+01 
 3.42494392e+05 -2.34957130e+00 -9.61797773e+01 
 3.50392221e+05 -2.49680158e+00 -9.84686022e+01 
 3.58472171e+05 -2.65351733e+00 -1.00788514e+02 
 3.66738442e+05 -2.82002641e+00 -1.03137097e+02 
 3.75195331e+05 -2.99660838e+00 -1.05511733e+02 
 3.83847234e+05 -3.18351041e+00 -1.07909630e+02 
 3.92698648e+05 -3.38094380e+00 -1.10327838e+02 
 4.01754173e+05 -3.58908092e+00 -1.12763282e+02 
 4.11018515e+05 -3.80805286e+00 -1.15212786e+02 
 4.20496491e+05 -4.03794767e+00 -1.17673114e+02 
 4.30193027e+05 -4.27880939e+00 -1.20140997e+02 
 4.40113162e+05 -4.53063799e+00 -1.22613173e+02 
 4.50262052e+05 -4.79338995e+00 -1.25086418e+02 
 4.60644974e+05 -5.06697973e+00 -1.27557582e+02 
 4.71267322e+05 -5.35128182e+00 -1.30023619e+02 
 4.82134619e+05 -5.64613369e+00 -1.32481615e+02 
 4.93252513e+05 -5.95133899e+00 -1.34928814e+02 
 5.04626783e+05 -6.26667130e+00 -1.37362637e+02 
 5.16263340e+05 -6.59187820e+00 -1.39780697e+02 
 5.28168234e+05 -6.92668546e+00 -1.42180816e+02 
 5.40347650e+05 -7.27080131e+00 -1.44561028e+02 
 5.52807921e+05 -7.62392056e+00 -1.46919581e+02 
 5.65555523e+05 -7.98572877e+00 -1.49254942e+02 
 5.78597080e+05 -8.35590597e+00 -1.51565789e+02 
 5.91939372e+05 -8.73413020e+00 -1.53851003e+02 
 6.05589334e+05 -9.12008060e+00 -1.56109665e+02 
 6.19554061e+05 -9.51344028e+00 -1.58341035e+02 
 6.33840810e+05 -9.91389865e+00 -1.60544547e+02 
 6.48457008e+05 -1.03211535e+01 -1.62719792e+02 
 6.63410251e+05 -1.07349124e+01 -1.64866504e+02 
 6.78708313e+05 -1.11548945e+01 -1.66984547e+02 
 6.94359143e+05 -1.15808307e+01 -1.69073896e+02 
 7.10370877e+05 -1.20124650e+01 -1.71134630e+02 
 7.26751838e+05 -1.24495545e+01 -1.73166912e+02 
 7.43510539e+05 -1.28918695e+01 -1.75170982e+02 
 7.60655691e+05 -1.33391938e+01 -1.77147140e+02 
 7.78196206e+05 -1.37913239e+01 -1.79095740e+02 
 7.96141200e+05 -1.42480694e+01 -1.81017176e+02 
 8.14500001e+05 -1.47092519e+01 -1.82911879e+02 
 8.33282151e+05 -1.51747044e+01 -1.84780301e+02 
 8.52497412e+05 -1.56442715e+01 -1.86622915e+02 
 8.72155772e+05 -1.61178079e+01 -1.88440207e+02 
 8.92267449e+05 -1.65951780e+01 -1.90232671e+02 
 9.12842895e+05 -1.70762554e+01 -1.92000802e+02 
 9.33892805e+05 -1.75609221e+01 -1.93745097e+02 
 9.55428121e+05 -1.80490678e+01 -1.95466048e+02 
 9.77460036e+05 -1.85405892e+01 -1.97164144e+02 
 1.00000000e+06 -1.90353896e+01 -1.98839863e+02 
 1.02305973e+06 -1.95333782e+01 -2.00493677e+02 
 1.04665121e+06 -2.00344695e+01 -2.02126046e+02 
 1.07078670e+06 -2.05385828e+01 -2.03737422e+02 
 1.09547876e+06 -2.10456419e+01 -2.05328243e+02 
 1.12074020e+06 -2.15555744e+01 -2.06898940e+02 
 1.14658417e+06 -2.20683114e+01 -2.08449931e+02 
 1.17302409e+06 -2.25837875e+01 -2.09981622e+02 
 1.20007371e+06 -2.31019396e+01 -2.11494413e+02 
 1.22774708e+06 -2.36227077e+01 -2.12988692e+02 
 1.25605860e+06 -2.41460337e+01 -2.14464839e+02 
 1.28502297e+06 -2.46718618e+01 -2.15923225e+02 
 1.31465525e+06 -2.52001381e+01 -2.17364215e+02 
 1.34497085e+06 -2.57308103e+01 -2.18788167e+02 
 1.37598551e+06 -2.62638277e+01 -2.20195433e+02 
 1.40771537e+06 -2.67991411e+01 -2.21586360e+02 
 1.44017690e+06 -2.73367026e+01 -2.22961290e+02 
 1.47338699e+06 -2.78764655e+01 -2.24320564e+02 
 1.50736290e+06 -2.84183846e+01 -2.25664516e+02 
 1.54212228e+06 -2.89624155e+01 -2.26993482e+02 
 1.57768320e+06 -2.95085152e+01 -2.28307792e+02 
 1.61406415e+06 -3.00566416e+01 -2.29607778e+02 
 1.65128404e+06 -3.06067539e+01 -2.30893770e+02 
 1.68936220e+06 -3.11588122e+01 -2.32166098e+02 
 1.72831844e+06 -3.17127779e+01 -2.33425092e+02 
 1.76817299e+06 -3.22686133e+01 -2.34671081e+02 
 1.80894658e+06 -3.28262819e+01 -2.35904398e+02 
 1.85066040e+06 -3.33857485e+01 -2.37125374e+02 
 1.89333613e+06 -3.39469788e+01 -2.38334341e+02 
 1.93699595e+06 -3.45099399e+01 -2.39531635e+02 
 1.98166255e+06 -3.50746000e+01 -2.40717589e+02 
 2.02735916e+06 -3.56409288e+01 -2.41892542e+02 
 2.07410951e+06 -3.62088969e+01 -2.43056832e+02 
 2.12193792e+06 -3.67784766e+01 -2.44210797e+02 
 2.17086923e+06 -3.73496412e+01 -2.45354778e+02 
 2.22092889e+06 -3.79223658e+01 -2.46489118e+02 
 2.27214291e+06 -3.84966265e+01 -2.47614159e+02 
 2.32453791e+06 -3.90724011e+01 -2.48730244e+02 
 2.37814113e+06 -3.96496688e+01 -2.49837718e+02 
 2.43298042e+06 -4.02284102e+01 -2.50936927e+02 
 2.48908429e+06 -4.08086075e+01 -2.52028214e+02 
 2.54648190e+06 -4.13902443e+01 -2.53111925e+02 
 2.60520309e+06 -4.19733061e+01 -2.54188406e+02 
 2.66527837e+06 -4.25577796e+01 -2.55257999e+02 
 2.72673897e+06 -4.31436532e+01 -2.56321050e+02 
 2.78961683e+06 -4.37309169e+01 -2.57377900e+02 
 2.85394464e+06 -4.43195624e+01 -2.58428890e+02 
 2.91975583e+06 -4.49095828e+01 -2.59474359e+02 
 2.98708461e+06 -4.55009731e+01 -2.60514644e+02 
 3.05596598e+06 -4.60937296e+01 -2.61550081e+02 
 3.12643573e+06 -4.66878504e+01 -2.62581000e+02 
 3.19853049e+06 -4.72833353e+01 -2.63607730e+02 
 3.27228774e+06 -4.78801854e+01 -2.64630596e+02 
 3.34774581e+06 -4.84784039e+01 -2.65649920e+02 
 3.42494392e+06 -4.90779950e+01 -2.66666017e+02 
 3.50392221e+06 -4.96789650e+01 -2.67679199e+02 
 3.58472171e+06 -5.02813214e+01 -2.68689774e+02 
 3.66738442e+06 -5.08850734e+01 -2.69698041e+02 
 3.75195331e+06 -5.14902316e+01 -2.70704298e+02 
 3.83847234e+06 -5.20968084e+01 -2.71708832e+02 
 3.92698648e+06 -5.27048172e+01 -2.72711925e+02 
 4.01754173e+06 -5.33142732e+01 -2.73713852e+02 
 4.11018515e+06 -5.39251928e+01 -2.74714881e+02 
 4.20496491e+06 -5.45375938e+01 -2.75715271e+02 
 4.30193027e+06 -5.51514954e+01 -2.76715272e+02 
 4.40113162e+06 -5.57669178e+01 -2.77715127e+02 
 4.50262052e+06 -5.63838826e+01 -2.78715067e+02 
 4.60644974e+06 -5.70024125e+01 -2.79715318e+02 
 4.71267322e+06 -5.76225314e+01 -2.80716090e+02 
 4.82134619e+06 -5.82442641e+01 -2.81717588e+02 
 4.93252513e+06 -5.88676361e+01 -2.82720004e+02 
 5.04626783e+06 -5.94926744e+01 -2.83723518e+02 
 5.16263340e+06 -6.01194061e+01 -2.84728300e+02 
 5.28168234e+06 -6.07478595e+01 -2.85734509e+02 
 5.40347650e+06 -6.13780633e+01 -2.86742290e+02 
 5.52807921e+06 -6.20100469e+01 -2.87751778e+02 
 5.65555523e+06 -6.26438398e+01 -2.88763094e+02 
 5.78597080e+06 -6.32794723e+01 -2.89776348e+02 
 5.91939372e+06 -6.39169746e+01 -2.90791634e+02 
 6.05589334e+06 -6.45563771e+01 -2.91809038e+02 
 6.19554061e+06 -6.51977103e+01 -2.92828629e+02 
 6.33840810e+06 -6.58410045e+01 -2.93850466e+02 
 6.48457008e+06 -6.64862898e+01 -2.94874593e+02 
 6.63410251e+06 -6.71335962e+01 -2.95901042e+02 
 6.78708313e+06 -6.77829528e+01 -2.96929831e+02 
 6.94359143e+06 -6.84343886e+01 -2.97960969e+02 
 7.10370877e+06 -6.90879316e+01 -2.98994448e+02 
 7.26751838e+06 -6.97436093e+01 -3.00030252e+02 
 7.43510539e+06 -7.04014479e+01 -3.01068350e+02 
 7.60655691e+06 -7.10614729e+01 -3.02108702e+02 
 7.78196206e+06 -7.17237085e+01 -3.03151255e+02 
 7.96141200e+06 -7.23881776e+01 -3.04195948e+02 
 8.14500001e+06 -7.30549019e+01 -3.05242707e+02 
 8.33282151e+06 -7.37239015e+01 -3.06291452e+02 
 8.52497412e+06 -7.43951949e+01 -3.07342092e+02 
 8.72155772e+06 -7.50687992e+01 -3.08394529e+02 
 8.92267449e+06 -7.57447294e+01 -3.09448658e+02 
 9.12842895e+06 -7.64229991e+01 -3.10504367e+02 
 9.33892805e+06 -7.71036196e+01 -3.11561538e+02 
 9.55428121e+06 -7.77866005e+01 -3.12620050e+02 
 9.77460036e+06 -7.84719495e+01 -3.13679776e+02 
 1.00000000e+07 -7.91596720e+01 -3.14740587e+02 
 1.02305973e+07 -7.98497715e+01 -3.15802353e+02 
 1.04665121e+07 -8.05422495e+01 -3.16864942e+02 
 1.07078670e+07 -8.12371051e+01 -3.17928221e+02 
 1.09547876e+07 -8.19343356e+01 -3.18992060e+02 
 1.12074020e+07 -8.26339361e+01 -3.20056329e+02 
 1.14658417e+07 -8.33358995e+01 -3.21120902e+02 
 1.17302409e+07 -8.40402169e+01 -3.22185656e+02 
 1.20007371e+07 -8.47468772e+01 -3.23250473e+02 
 1.22774708e+07 -8.54558673e+01 -3.24315241e+02 
 1.25605860e+07 -8.61671725e+01 -3.25379853e+02 
 1.28502297e+07 -8.68807759e+01 -3.26444210e+02 
 1.31465525e+07 -8.75966590e+01 -3.27508223e+02 
 1.34497085e+07 -8.83148016e+01 -3.28571808e+02 
 1.37598551e+07 -8.90351818e+01 -3.29634895e+02 
 1.40771537e+07 -8.97577764e+01 -3.30697420e+02 
 1.44017690e+07 -9.04825605e+01 -3.31759332e+02 
 1.47338699e+07 -9.12095082e+01 -3.32820591e+02 
 1.50736290e+07 -9.19385922e+01 -3.33881170e+02 
 1.54212228e+07 -9.26697840e+01 -3.34941053e+02 
 1.57768320e+07 -9.34030545e+01 -3.36000238e+02 
 1.61406415e+07 -9.41383734e+01 -3.37058734e+02 
 1.65128404e+07 -9.48757097e+01 -3.38116565e+02 
 1.68936220e+07 -9.56150318e+01 -3.39173770e+02 
 1.72831844e+07 -9.63563077e+01 -3.40230399e+02 
 1.76817299e+07 -9.70995048e+01 -3.41286518e+02 
 1.80894658e+07 -9.78445904e+01 -3.42342207e+02 
 1.85066040e+07 -9.85915314e+01 -3.43397559e+02 
 1.89333613e+07 -9.93402948e+01 -3.44452682e+02 
 1.93699595e+07 -1.00090848e+02 -3.45507699e+02 
 1.98166255e+07 -1.00843157e+02 -3.46562746e+02 
 2.02735916e+07 -1.01597190e+02 -3.47617973e+02 
 2.07410951e+07 -1.02352915e+02 -3.48673544e+02 
 2.12193792e+07 -1.03110300e+02 -3.49729637e+02 
 2.17086923e+07 -1.03869313e+02 -3.50786443e+02 
 2.22092889e+07 -1.04629924e+02 -3.51844166e+02 
 2.27214291e+07 -1.05392103e+02 -3.52903024e+02 
 2.32453791e+07 -1.06155821e+02 -3.53963247e+02 
 2.37814113e+07 -1.06921049e+02 -3.55025077e+02 
 2.43298042e+07 -1.07687759e+02 -3.56088769e+02 
 2.48908429e+07 -1.08455926e+02 -3.57154590e+02 
 2.54648190e+07 -1.09225524e+02 -3.58222817e+02 
 2.60520309e+07 -1.09996528e+02 -3.59293739e+02 
 2.66527837e+07 -1.10768915e+02 -3.60367656e+02 
 2.72673897e+07 -1.11542664e+02 -3.61444878e+02 
 2.78961683e+07 -1.12317754e+02 -3.62525726e+02 
 2.85394464e+07 -1.13094165e+02 -3.63610530e+02 
 2.91975583e+07 -1.13871879e+02 -3.64699629e+02 
 2.98708461e+07 -1.14650879e+02 -3.65793372e+02 
 3.05596598e+07 -1.15431151e+02 -3.66892115e+02 
 3.12643573e+07 -1.16212680e+02 -3.67996225e+02 
 3.19853049e+07 -1.16995454e+02 -3.69106074e+02 
 3.27228774e+07 -1.17779461e+02 -3.70222043e+02 
 3.34774581e+07 -1.18564693e+02 -3.71344521e+02 
 3.42494392e+07 -1.19351142e+02 -3.72473903e+02 
 3.50392221e+07 -1.20138801e+02 -3.73610590e+02 
 3.58472171e+07 -1.20927666e+02 -3.74754989e+02 
 3.66738442e+07 -1.21717733e+02 -3.75907515e+02 
 3.75195331e+07 -1.22509001e+02 -3.77068585e+02 
 3.83847234e+07 -1.23301469e+02 -3.78238624e+02 
 3.92698648e+07 -1.24095141e+02 -3.79418061e+02 
 4.01754173e+07 -1.24890018e+02 -3.80607329e+02 
 4.11018515e+07 -1.25686106e+02 -3.81806864e+02 
 4.20496491e+07 -1.26483411e+02 -3.83017109e+02 
 4.30193027e+07 -1.27281941e+02 -3.84238506e+02 
 4.40113162e+07 -1.28081708e+02 -3.85471503e+02 
 4.50262052e+07 -1.28882721e+02 -3.86716549e+02 
 4.60644974e+07 -1.29684994e+02 -3.87974097e+02 
 4.71267322e+07 -1.30488542e+02 -3.89244600e+02 
 4.82134619e+07 -1.31293381e+02 -3.90528513e+02 
 4.93252513e+07 -1.32099529e+02 -3.91826293e+02 
 5.04626783e+07 -1.32907007e+02 -3.93138398e+02 
 5.16263340e+07 -1.33715834e+02 -3.94465283e+02 
 5.28168234e+07 -1.34526035e+02 -3.95807407e+02 
 5.40347650e+07 -1.35337634e+02 -3.97165226e+02 
 5.52807921e+07 -1.36150656e+02 -3.98539197e+02 
 5.65555523e+07 -1.36965130e+02 -3.99929775e+02 
 5.78597080e+07 -1.37781083e+02 -4.01337411e+02 
 5.91939372e+07 -1.38598548e+02 -4.02762558e+02 
 6.05589334e+07 -1.39417555e+02 -4.04205663e+02 
 6.19554061e+07 -1.40238139e+02 -4.05667173e+02 
 6.33840810e+07 -1.41060334e+02 -4.07147528e+02 
 6.48457008e+07 -1.41884176e+02 -4.08647168e+02 
 6.63410251e+07 -1.42709704e+02 -4.10166527e+02 
 6.78708313e+07 -1.43536955e+02 -4.11706034e+02 
 6.94359143e+07 -1.44365970e+02 -4.13266112e+02 
 7.10370877e+07 -1.45196789e+02 -4.14847182e+02 
 7.26751838e+07 -1.46029456e+02 -4.16449656e+02 
 7.43510539e+07 -1.46864013e+02 -4.18073940e+02 
 7.60655691e+07 -1.47700505e+02 -4.19720435e+02 
 7.78196206e+07 -1.48538977e+02 -4.21389534e+02 
 7.96141200e+07 -1.49379475e+02 -4.23081620e+02 
 8.14500001e+07 -1.50222046e+02 -4.24797073e+02 
 8.33282151e+07 -1.51066737e+02 -4.26536262e+02 
 8.52497412e+07 -1.51913597e+02 -4.28299547e+02 
 8.72155772e+07 -1.52762673e+02 -4.30087280e+02 
 8.92267449e+07 -1.53614016e+02 -4.31899804e+02 
 9.12842895e+07 -1.54467675e+02 -4.33737454e+02 
 9.33892805e+07 -1.55323700e+02 -4.35600553e+02 
 9.55428121e+07 -1.56182139e+02 -4.37489415e+02 
 9.77460036e+07 -1.57043045e+02 -4.39404344e+02 
 1.00000000e+08 -1.57906466e+02 -4.41345636e+02 
 1.02305973e+08 -1.58772453e+02 -4.43313573e+02 
 1.04665121e+08 -1.59641056e+02 -4.45308429e+02 
 1.07078670e+08 -1.60512324e+02 -4.47330467e+02 
 1.09547876e+08 -1.61386307e+02 -4.49379940e+02 
 1.12074020e+08 -1.62263054e+02 -4.51457089e+02 
 1.14658417e+08 -1.63142613e+02 -4.53562146e+02 
 1.17302409e+08 -1.64025033e+02 -4.55695330e+02 
 1.20007371e+08 -1.64910362e+02 -4.57856853e+02 
 1.22774708e+08 -1.65798646e+02 -4.60046912e+02 
 1.25605860e+08 -1.66689931e+02 -4.62265698e+02 
 1.28502297e+08 -1.67584265e+02 -4.64513388e+02 
 1.31465525e+08 -1.68481690e+02 -4.66790149e+02 
 1.34497085e+08 -1.69382253e+02 -4.69096138e+02 
 1.37598551e+08 -1.70285996e+02 -4.71431503e+02 
 1.40771537e+08 -1.71192963e+02 -4.73796379e+02 
 1.44017690e+08 -1.72103195e+02 -4.76190892e+02 
 1.47338699e+08 -1.73016734e+02 -4.78615155e+02 
 1.50736290e+08 -1.73933621e+02 -4.81069274e+02 
 1.54212228e+08 -1.74853897e+02 -4.83553342e+02 
 1.57768320e+08 -1.75777600e+02 -4.86067440e+02 
 1.61406415e+08 -1.76704771e+02 -4.88611641e+02 
 1.65128404e+08 -1.77635448e+02 -4.91186003e+02 
 1.68936220e+08 -1.78569669e+02 -4.93790575e+02 
 1.72831844e+08 -1.79507473e+02 -4.96425392e+02 
 1.76817299e+08 -1.80448898e+02 -4.99090479e+02 
 1.80894658e+08 -1.81393982e+02 -5.01785844e+02 
 1.85066040e+08 -1.82342762e+02 -5.04511486e+02 
 1.89333613e+08 -1.83295277e+02 -5.07267388e+02 
 1.93699595e+08 -1.84251564e+02 -5.10053517e+02 
 1.98166255e+08 -1.85211664e+02 -5.12869827e+02 
 2.02735916e+08 -1.86175614e+02 -5.15716254e+02 
 2.07410951e+08 -1.87143455e+02 -5.18592719e+02 
 2.12193792e+08 -1.88115227e+02 -5.21499125e+02 
 2.17086923e+08 -1.89090971e+02 -5.24435354e+02 
 2.22092889e+08 -1.90070730e+02 -5.27401272e+02 
 2.27214291e+08 -1.91054546e+02 -5.30396723e+02 
 2.32453791e+08 -1.92042464e+02 -5.33421531e+02 
 2.37814113e+08 -1.93034529e+02 -5.36475497e+02 
 2.43298042e+08 -1.94030787e+02 -5.39558399e+02 
 2.48908429e+08 -1.95031288e+02 -5.42669992e+02 
 2.54648190e+08 -1.96036081e+02 -5.45810007e+02 
 2.60520309e+08 -1.97045216e+02 -5.48978147e+02 
 2.66527837e+08 -1.98058746e+02 -5.52174092e+02 
 2.72673897e+08 -1.99076725e+02 -5.55397494e+02 
 2.78961683e+08 -2.00099208e+02 -5.58647977e+02 
 2.85394464e+08 -2.01126254e+02 -5.61925137e+02 
 2.91975583e+08 -2.02157920e+02 -5.65228542e+02 
 2.98708461e+08 -2.03194267e+02 -5.68557732e+02 
 3.05596598e+08 -2.04235356e+02 -5.71912218e+02 
 3.12643573e+08 -2.05281251e+02 -5.75291480e+02 
 3.19853049e+08 -2.06332017e+02 -5.78694971e+02 
 3.27228774e+08 -2.07387719e+02 -5.82122115e+02 
 3.34774581e+08 -2.08448424e+02 -5.85572306e+02 
 3.42494392e+08 -2.09514201e+02 -5.89044911e+02 
 3.50392221e+08 -2.10585119e+02 -5.92539269e+02 
 3.58472171e+08 -2.11661248e+02 -5.96054691e+02 
 3.66738442e+08 -2.12742658e+02 -5.99590465e+02 
 3.75195331e+08 -2.13829422e+02 -6.03145849e+02 
 3.83847234e+08 -2.14921611e+02 -6.06720082e+02 
 3.92698648e+08 -2.16019297e+02 -6.10312378e+02 
 4.01754173e+08 -2.17122553e+02 -6.13921928e+02 
 4.11018515e+08 -2.18231451e+02 -6.17547905e+02 
 4.20496491e+08 -2.19346062e+02 -6.21189464e+02 
 4.30193027e+08 -2.20466459e+02 -6.24845743e+02 
 4.40113162e+08 -2.21592711e+02 -6.28515863e+02 
 4.50262052e+08 -2.22724890e+02 -6.32198936e+02 
 4.60644974e+08 -2.23863065e+02 -6.35894059e+02 
 4.71267322e+08 -2.25007303e+02 -6.39600322e+02 
 4.82134619e+08 -2.26157673e+02 -6.43316808e+02 
 4.93252513e+08 -2.27314238e+02 -6.47042595e+02 
 5.04626783e+08 -2.28477063e+02 -6.50776757e+02 
 5.16263340e+08 -2.29646210e+02 -6.54518368e+02 
 5.28168234e+08 -2.30821740e+02 -6.58266502e+02 
 5.40347650e+08 -2.32003710e+02 -6.62020239e+02 
 5.52807921e+08 -2.33192178e+02 -6.65778661e+02 
 5.65555523e+08 -2.34387197e+02 -6.69540858e+02 
 5.78597080e+08 -2.35588818e+02 -6.73305929e+02 
 5.91939372e+08 -2.36797093e+02 -6.77072986e+02 
 6.05589334e+08 -2.38012066e+02 -6.80841148e+02 
 6.19554061e+08 -2.39233785e+02 -6.84609553e+02 
 6.33840810e+08 -2.40462290e+02 -6.88377353e+02 
 6.48457008e+08 -2.41697621e+02 -6.92143714e+02 
 6.63410251e+08 -2.42939817e+02 -6.95907824e+02 
 6.78708313e+08 -2.44188912e+02 -6.99668887e+02 
 6.94359143e+08 -2.45444937e+02 -7.03426129e+02 
 7.10370877e+08 -2.46707925e+02 -7.07178795e+02 
 7.26751838e+08 -2.47977901e+02 -7.10926153e+02 
 7.43510539e+08 -2.49254892e+02 -7.14667492e+02 
 7.60655691e+08 -2.50538921e+02 -7.18402125e+02 
 7.78196206e+08 -2.51830008e+02 -7.22129385e+02 
 7.96141200e+08 -2.53128172e+02 -7.25848630e+02 
 8.14500001e+08 -2.54433431e+02 -7.29559241e+02 
 8.33282151e+08 -2.55745798e+02 -7.33260621e+02 
 8.52497412e+08 -2.57065286e+02 -7.36952194e+02 
 8.72155772e+08 -2.58391906e+02 -7.40633410e+02 
 8.92267449e+08 -2.59725668e+02 -7.44303736e+02 
 9.12842895e+08 -2.61066578e+02 -7.47962664e+02 
 9.33892805e+08 -2.62414642e+02 -7.51609706e+02 
 9.55428121e+08 -2.63769865e+02 -7.55244391e+02 
 9.77460036e+08 -2.65132247e+02 -7.58866271e+02 
 1.00000000e+09 -2.66501791e+02 -7.62474914e+02 
