 frequency       v(inoise_spectrum) v(onoise_spectrum)
 1.00000000e-01  1.56670632e-05  3.69089831e-04 
 1.02305973e-01  1.54894894e-05  3.64906489e-04 
 1.04665121e-01  1.53139282e-05  3.60770561e-04 
 1.07078670e-01  1.51403569e-05  3.56681510e-04 
 1.09547876e-01  1.49687528e-05  3.52638806e-04 
 1.12074020e-01  1.47990938e-05  3.48641922e-04 
 1.14658417e-01  1.46313577e-05  3.44690341e-04 
 1.17302409e-01  1.44655228e-05  3.40783547e-04 
 1.20007371e-01  1.43015675e-05  3.36921033e-04 
 1.22774708e-01  1.41394705e-05  3.33102299e-04 
 1.25605860e-01  1.39792107e-05  3.29326846e-04 
 1.28502297e-01  1.38207674e-05  3.25594186e-04 
 1.31465525e-01  1.36641198e-05  3.21903832e-04 
 1.34497085e-01  1.35092478e-05  3.18255305e-04 
 1.37598551e-01  1.33561311e-05  3.14648132e-04 
 1.40771537e-01  1.32047499e-05  3.11081843e-04 
 1.44017690e-01  1.30550844e-05  3.07555975e-04 
 1.47338699e-01  1.29071153e-05  3.04070070e-04 
 1.50736290e-01  1.27608233e-05  3.00623675e-04 
 1.54212228e-01  1.26161894e-05  2.97216343e-04 
 1.57768320e-01  1.24731949e-05  2.93847630e-04 
 1.61406415e-01  1.23318210e-05  2.90517098e-04 
 1.65128404e-01  1.21920495e-05  2.87224316e-04 
 1.68936220e-01  1.20538623e-05  2.83968854e-04 
 1.72831844e-01  1.19172412e-05  2.80750291e-04 
 1.76817299e-01  1.17821687e-05  2.77568207e-04 
 1.80894658e-01  1.16486271e-05  2.74422190e-04 
 1.85066040e-01  1.15165991e-05  2.71311831e-04 
 1.89333613e-01  1.13860675e-05  2.68236725e-04 
 1.93699595e-01  1.12570154e-05  2.65196473e-04 
 1.98166255e-01  1.11294260e-05  2.62190680e-04 
 2.02735916e-01  1.10032827e-05  2.59218955e-04 
 2.07410951e-01  1.08785692e-05  2.56280913e-04 
 2.12193792e-01  1.07552692e-05  2.53376170e-04 
 2.17086923e-01  1.06333667e-05  2.50504351e-04 
 2.22092889e-01  1.05128458e-05  2.47665082e-04 
 2.27214291e-01  1.03936910e-05  2.44857993e-04 
 2.32453791e-01  1.02758867e-05  2.42082721e-04 
 2.37814113e-01  1.01594176e-05  2.39338904e-04 
 2.43298042e-01  1.00442686e-05  2.36626186e-04 
 2.48908429e-01  9.93042477e-06  2.33944215e-04 
 2.54648190e-01  9.81787124e-06  2.31292642e-04 
 2.60520309e-01  9.70659341e-06  2.28671122e-04 
 2.66527837e-01  9.59657682e-06  2.26079315e-04 
 2.72673897e-01  9.48780719e-06  2.23516884e-04 
 2.78961683e-01  9.38027038e-06  2.20983497e-04 
 2.85394464e-01  9.27395242e-06  2.18478823e-04 
 2.91975583e-01  9.16883948e-06  2.16002538e-04 
 2.98708461e-01  9.06491792e-06  2.13554320e-04 
 3.05596598e-01  8.96217423e-06  2.11133850e-04 
 3.12643573e-01  8.86059505e-06  2.08740814e-04 
 3.19853049e-01  8.76016720e-06  2.06374902e-04 
 3.27228774e-01  8.66087762e-06  2.04035805e-04 
 3.34774581e-01  8.56271341e-06  2.01723220e-04 
 3.42494392e-01  8.46566181e-06  1.99436847e-04 
 3.50392221e-01  8.36971022e-06  1.97176388e-04 
 3.58472171e-01  8.27484616e-06  1.94941549e-04 
 3.66738442e-01  8.18105731e-06  1.92732041e-04 
 3.75195331e-01  8.08833149e-06  1.90547575e-04 
 3.83847234e-01  7.99665664e-06  1.88387869e-04 
 3.92698648e-01  7.90602085e-06  1.86252641e-04 
 4.01754173e-01  7.81641235e-06  1.84141615e-04 
 4.11018515e-01  7.72781949e-06  1.82054515e-04 
 4.20496491e-01  7.64023077e-06  1.79991071e-04 
 4.30193027e-01  7.55363479e-06  1.77951014e-04 
 4.40113162e-01  7.46802031e-06  1.75934080e-04 
 4.50262052e-01  7.38337620e-06  1.73940006e-04 
 4.60644974e-01  7.29969147e-06  1.71968534e-04 
 4.71267322e-01  7.21695524e-06  1.70019407e-04 
 4.82134619e-01  7.13515676e-06  1.68092371e-04 
 4.93252513e-01  7.05428540e-06  1.66187177e-04 
 5.04626783e-01  6.97433066e-06  1.64303577e-04 
 5.16263340e-01  6.89528214e-06  1.62441326e-04 
 5.28168234e-01  6.81712957e-06  1.60600182e-04 
 5.40347650e-01  6.73986281e-06  1.58779906e-04 
 5.52807921e-01  6.66347180e-06  1.56980262e-04 
 5.65555523e-01  6.58794662e-06  1.55201015e-04 
 5.78597080e-01  6.51327746e-06  1.53441934e-04 
 5.91939372e-01  6.43945462e-06  1.51702791e-04 
 6.05589334e-01  6.36646850e-06  1.49983360e-04 
 6.19554061e-01  6.29430963e-06  1.48283418e-04 
 6.33840810e-01  6.22296862e-06  1.46602743e-04 
 6.48457008e-01  6.15243620e-06  1.44941117e-04 
 6.63410251e-01  6.08270322e-06  1.43298324e-04 
 6.78708313e-01  6.01376060e-06  1.41674151e-04 
 6.94359143e-01  5.94559939e-06  1.40068387e-04 
 7.10370877e-01  5.87821074e-06  1.38480823e-04 
 7.26751838e-01  5.81158589e-06  1.36911253e-04 
 7.43510539e-01  5.74571617e-06  1.35359473e-04 
 7.60655691e-01  5.68059304e-06  1.33825280e-04 
 7.78196206e-01  5.61620803e-06  1.32308477e-04 
 7.96141200e-01  5.55255277e-06  1.30808866e-04 
 8.14500001e-01  5.48961900e-06  1.29326251e-04 
 8.33282151e-01  5.42739853e-06  1.27860441e-04 
 8.52497412e-01  5.36588328e-06  1.26411244e-04 
 8.72155772e-01  5.30506526e-06  1.24978473e-04 
 8.92267449e-01  5.24493657e-06  1.23561942e-04 
 9.12842895e-01  5.18548939e-06  1.22161465e-04 
 9.33892805e-01  5.12671599e-06  1.20776863e-04 
 9.55428121e-01  5.06860875e-06  1.19407953e-04 
 9.77460036e-01  5.01116010e-06  1.18054559e-04 
 1.00000000e+00  4.95436259e-06  1.16716504e-04 
 1.02305973e+00  4.89820884e-06  1.15393616e-04 
 1.04665121e+00  4.84269155e-06  1.14085721e-04 
 1.07078670e+00  4.78780350e-06  1.12792651e-04 
 1.09547876e+00  4.73353757e-06  1.11514236e-04 
 1.12074020e+00  4.67988670e-06  1.10250311e-04 
 1.14658417e+00  4.62684392e-06  1.09000712e-04 
 1.17302409e+00  4.57440233e-06  1.07765276e-04 
 1.20007371e+00  4.52255514e-06  1.06543842e-04 
 1.22774708e+00  4.47129559e-06  1.05336253e-04 
 1.25605860e+00  4.42061703e-06  1.04142351e-04 
 1.28502297e+00  4.37051287e-06  1.02961981e-04 
 1.31465525e+00  4.32097660e-06  1.01794989e-04 
 1.34497085e+00  4.27200179e-06  1.00641224e-04 
 1.37598551e+00  4.22358207e-06  9.95005364e-05 
 1.40771537e+00  4.17571115e-06  9.83727775e-05 
 1.44017690e+00  4.12838281e-06  9.72578009e-05 
 1.47338699e+00  4.08159090e-06  9.61554617e-05 
 1.50736290e+00  4.03532934e-06  9.50656167e-05 
 1.54212228e+00  3.98959212e-06  9.39881242e-05 
 1.57768320e+00  3.94437330e-06  9.29228443e-05 
 1.61406415e+00  3.89966700e-06  9.18696385e-05 
 1.65128404e+00  3.85546741e-06  9.08283700e-05 
 1.68936220e+00  3.81176878e-06  8.97989035e-05 
 1.72831844e+00  3.76856545e-06  8.87811051e-05 
 1.76817299e+00  3.72585180e-06  8.77748428e-05 
 1.80894658e+00  3.68362227e-06  8.67799856e-05 
 1.85066040e+00  3.64187138e-06  8.57964044e-05 
 1.89333613e+00  3.60059370e-06  8.48239714e-05 
 1.93699595e+00  3.55978388e-06  8.38625601e-05 
 1.98166255e+00  3.51943660e-06  8.29120457e-05 
 2.02735916e+00  3.47954663e-06  8.19723046e-05 
 2.07410951e+00  3.44010878e-06  8.10432148e-05 
 2.12193792e+00  3.40111793e-06  8.01246555e-05 
 2.17086923e+00  3.36256901e-06  7.92165074e-05 
 2.22092889e+00  3.32445702e-06  7.83186524e-05 
 2.27214291e+00  3.28677699e-06  7.74309740e-05 
 2.32453791e+00  3.24952404e-06  7.65533567e-05 
 2.37814113e+00  3.21269332e-06  7.56856865e-05 
 2.43298042e+00  3.17628005e-06  7.48278508e-05 
 2.48908429e+00  3.14027950e-06  7.39797379e-05 
 2.54648190e+00  3.10468699e-06  7.31412378e-05 
 2.60520309e+00  3.06949789e-06  7.23122414e-05 
 2.66527837e+00  3.03470763e-06  7.14926410e-05 
 2.72673897e+00  3.00031169e-06  7.06823303e-05 
 2.78961683e+00  2.96630561e-06  6.98812037e-05 
 2.85394464e+00  2.93268496e-06  6.90891574e-05 
 2.91975583e+00  2.89944537e-06  6.83060883e-05 
 2.98708461e+00  2.86658253e-06  6.75318946e-05 
 3.05596598e+00  2.83409217e-06  6.67664759e-05 
 3.12643573e+00  2.80197005e-06  6.60097327e-05 
 3.19853049e+00  2.77021202e-06  6.52615665e-05 
 3.27228774e+00  2.73881395e-06  6.45218803e-05 
 3.34774581e+00  2.70777174e-06  6.37905778e-05 
 3.42494392e+00  2.67708138e-06  6.30675641e-05 
 3.50392221e+00  2.64673887e-06  6.23527453e-05 
 3.58472171e+00  2.61674026e-06  6.16460283e-05 
 3.66738442e+00  2.58708167e-06  6.09473215e-05 
 3.75195331e+00  2.55775924e-06  6.02565340e-05 
 3.83847234e+00  2.52876916e-06  5.95735760e-05 
 3.92698648e+00  2.50010766e-06  5.88983589e-05 
 4.01754173e+00  2.47177101e-06  5.82307949e-05 
 4.11018515e+00  2.44375554e-06  5.75707972e-05 
 4.20496491e+00  2.41605760e-06  5.69182801e-05 
 4.30193027e+00  2.38867360e-06  5.62731588e-05 
 4.40113162e+00  2.36159998e-06  5.56353495e-05 
 4.50262052e+00  2.33483321e-06  5.50047692e-05 
 4.60644974e+00  2.30836983e-06  5.43813362e-05 
 4.71267322e+00  2.28220639e-06  5.37649692e-05 
 4.82134619e+00  2.25633950e-06  5.31555884e-05 
 4.93252513e+00  2.23076578e-06  5.25531144e-05 
 5.04626783e+00  2.20548193e-06  5.19574691e-05 
 5.16263340e+00  2.18048465e-06  5.13685749e-05 
 5.28168234e+00  2.15577069e-06  5.07863554e-05 
 5.40347650e+00  2.13133685e-06  5.02107350e-05 
 5.52807921e+00  2.10717995e-06  4.96416388e-05 
 5.65555523e+00  2.08329685e-06  4.90789929e-05 
 5.78597080e+00  2.05968445e-06  4.85227242e-05 
 5.91939372e+00  2.03633968e-06  4.79727604e-05 
 6.05589334e+00  2.01325951e-06  4.74290300e-05 
 6.19554061e+00  1.99044093e-06  4.68914624e-05 
 6.33840810e+00  1.96788098e-06  4.63599878e-05 
 6.48457008e+00  1.94557674e-06  4.58345371e-05 
 6.63410251e+00  1.92352529e-06  4.53150419e-05 
 6.78708313e+00  1.90172379e-06  4.48014349e-05 
 6.94359143e+00  1.88016939e-06  4.42936492e-05 
 7.10370877e+00  1.85885929e-06  4.37916190e-05 
 7.26751838e+00  1.83779073e-06  4.32952788e-05 
 7.43510539e+00  1.81696097e-06  4.28045644e-05 
 7.60655691e+00  1.79636729e-06  4.23194119e-05 
 7.78196206e+00  1.77600703e-06  4.18397582e-05 
 7.96141200e+00  1.75587754e-06  4.13655410e-05 
 8.14500001e+00  1.73597621e-06  4.08966988e-05 
 8.33282151e+00  1.71630044e-06  4.04331706e-05 
 8.52497412e+00  1.69684768e-06  3.99748961e-05 
 8.72155772e+00  1.67761541e-06  3.95218159e-05 
 8.92267449e+00  1.65860112e-06  3.90738711e-05 
 9.12842895e+00  1.63980235e-06  3.86310033e-05 
 9.33892805e+00  1.62121664e-06  3.81931552e-05 
 9.55428121e+00  1.60284160e-06  3.77602698e-05 
 9.77460036e+00  1.58467482e-06  3.73322908e-05 
 1.00000000e+01  1.56671395e-06  3.69091627e-05 
 1.02305973e+01  1.54895665e-06  3.64908305e-05 
 1.04665121e+01  1.53140062e-06  3.60772398e-05 
 1.07078670e+01  1.51404358e-06  3.56683369e-05 
 1.09547876e+01  1.49688326e-06  3.52640686e-05 
 1.12074020e+01  1.47991745e-06  3.48643824e-05 
 1.14658417e+01  1.46314394e-06  3.44692264e-05 
 1.17302409e+01  1.44656054e-06  3.40785492e-05 
 1.20007371e+01  1.43016510e-06  3.36923001e-05 
 1.22774708e+01  1.41395549e-06  3.33104289e-05 
 1.25605860e+01  1.39792961e-06  3.29328859e-05 
 1.28502297e+01  1.38208538e-06  3.25596222e-05 
 1.31465525e+01  1.36642072e-06  3.21905891e-05 
 1.34497085e+01  1.35093362e-06  3.18257388e-05 
 1.37598551e+01  1.33562205e-06  3.14650239e-05 
 1.40771537e+01  1.32048403e-06  3.11083974e-05 
 1.44017690e+01  1.30551759e-06  3.07558131e-05 
 1.47338699e+01  1.29072079e-06  3.04072250e-05 
 1.50736290e+01  1.27609169e-06  3.00625881e-05 
 1.54212228e+01  1.26162841e-06  2.97218573e-05 
 1.57768320e+01  1.24732906e-06  2.93849886e-05 
 1.61406415e+01  1.23319179e-06  2.90519380e-05 
 1.65128404e+01  1.21921475e-06  2.87226623e-05 
 1.68936220e+01  1.20539614e-06  2.83971189e-05 
 1.72831844e+01  1.19173415e-06  2.80752652e-05 
 1.76817299e+01  1.17822701e-06  2.77570596e-05 
 1.80894658e+01  1.16487296e-06  2.74424606e-05 
 1.85066040e+01  1.15167028e-06  2.71314274e-05 
 1.89333613e+01  1.13861724e-06  2.68239196e-05 
 1.93699595e+01  1.12571215e-06  2.65198973e-05 
 1.98166255e+01  1.11295333e-06  2.62193208e-05 
 2.02735916e+01  1.10033913e-06  2.59221512e-05 
 2.07410951e+01  1.08786790e-06  2.56283499e-05 
 2.12193792e+01  1.07553802e-06  2.53378787e-05 
 2.17086923e+01  1.06334790e-06  2.50506997e-05 
 2.22092889e+01  1.05129594e-06  2.47667758e-05 
 2.27214291e+01  1.03938059e-06  2.44860700e-05 
 2.32453791e+01  1.02760029e-06  2.42085459e-05 
 2.37814113e+01  1.01595352e-06  2.39341674e-05 
 2.43298042e+01  1.00443876e-06  2.36628988e-05 
 2.48908429e+01  9.93054505e-07  2.33947048e-05 
 2.54648190e+01  9.81799290e-07  2.31295508e-05 
 2.60520309e+01  9.70671646e-07  2.28674021e-05 
 2.66527837e+01  9.59670129e-07  2.26082247e-05 
 2.72673897e+01  9.48793309e-07  2.23519850e-05 
 2.78961683e+01  9.38039772e-07  2.20986497e-05 
 2.85394464e+01  9.27408121e-07  2.18481857e-05 
 2.91975583e+01  9.16896975e-07  2.16005607e-05 
 2.98708461e+01  9.06504968e-07  2.13557424e-05 
 3.05596598e+01  8.96230750e-07  2.11136990e-05 
 3.12643573e+01  8.86072986e-07  2.08743990e-05 
 3.19853049e+01  8.76030355e-07  2.06378114e-05 
 3.27228774e+01  8.66101553e-07  2.04039054e-05 
 3.34774581e+01  8.56285290e-07  2.01726507e-05 
 3.42494392e+01  8.46580290e-07  1.99440171e-05 
 3.50392221e+01  8.36985292e-07  1.97179750e-05 
 3.58472171e+01  8.27499050e-07  1.94944950e-05 
 3.66738442e+01  8.18120331e-07  1.92735480e-05 
 3.75195331e+01  8.08847916e-07  1.90551054e-05 
 3.83847234e+01  7.99680600e-07  1.88391388e-05 
 3.92698648e+01  7.90617193e-07  1.86256200e-05 
 4.01754173e+01  7.81656516e-07  1.84145215e-05 
 4.11018515e+01  7.72797406e-07  1.82058156e-05 
 4.20496491e+01  7.64038710e-07  1.79994754e-05 
 4.30193027e+01  7.55379292e-07  1.77954739e-05 
 4.40113162e+01  7.46818025e-07  1.75937848e-05 
 4.50262052e+01  7.38353798e-07  1.73943818e-05 
 4.60644974e+01  7.29985510e-07  1.71972389e-05 
 4.71267322e+01  7.21712074e-07  1.70023306e-05 
 4.82134619e+01  7.13532416e-07  1.68096315e-05 
 4.93252513e+01  7.05445472e-07  1.66191166e-05 
 5.04626783e+01  6.97450192e-07  1.64307612e-05 
 5.16263340e+01  6.89545536e-07  1.62445407e-05 
 5.28168234e+01  6.81730478e-07  1.60604310e-05 
 5.40347650e+01  6.74004002e-07  1.58784081e-05 
 5.52807921e+01  6.66365105e-07  1.56984484e-05 
 5.65555523e+01  6.58812792e-07  1.55205286e-05 
 5.78597080e+01  6.51346085e-07  1.53446254e-05 
 5.91939372e+01  6.43964011e-07  1.51707161e-05 
 6.05589334e+01  6.36665612e-07  1.49987780e-05 
 6.19554061e+01  6.29449939e-07  1.48287888e-05 
 6.33840810e+01  6.22316056e-07  1.46607264e-05 
 6.48457008e+01  6.15263034e-07  1.44945690e-05 
 6.63410251e+01  6.08289958e-07  1.43302950e-05 
 6.78708313e+01  6.01395921e-07  1.41678830e-05 
 6.94359143e+01  5.94580028e-07  1.40073120e-05 
 7.10370877e+01  5.87841394e-07  1.38485610e-05 
 7.26751838e+01  5.81179141e-07  1.36916095e-05 
 7.43510539e+01  5.74592405e-07  1.35364370e-05 
 7.60655691e+01  5.68080331e-07  1.33830234e-05 
 7.78196206e+01  5.61642071e-07  1.32313487e-05 
 7.96141200e+01  5.55276789e-07  1.30813933e-05 
 8.14500001e+01  5.48983658e-07  1.29331377e-05 
 8.33282151e+01  5.42761860e-07  1.27865625e-05 
 8.52497412e+01  5.36610588e-07  1.26416488e-05 
 8.72155772e+01  5.30529041e-07  1.24983777e-05 
 8.92267449e+01  5.24516430e-07  1.23567307e-05 
 9.12842895e+01  5.18571972e-07  1.22166892e-05 
 9.33892805e+01  5.12694897e-07  1.20782351e-05 
 9.55428121e+01  5.06884440e-07  1.19413504e-05 
 9.77460036e+01  5.01139845e-07  1.18060174e-05 
 1.00000000e+02  4.95460368e-07  1.16722184e-05 
 1.02305973e+02  4.89845269e-07  1.15399360e-05 
 1.04665121e+02  4.84293819e-07  1.14091532e-05 
 1.07078670e+02  4.78805297e-07  1.12798528e-05 
 1.09547876e+02  4.73378990e-07  1.11520180e-05 
 1.12074020e+02  4.68014192e-07  1.10256324e-05 
 1.14658417e+02  4.62710206e-07  1.09006793e-05 
 1.17302409e+02  4.57466344e-07  1.07771427e-05 
 1.20007371e+02  4.52281924e-07  1.06550064e-05 
 1.22774708e+02  4.47156272e-07  1.05342546e-05 
 1.25605860e+02  4.42088722e-07  1.04148716e-05 
 1.28502297e+02  4.37078616e-07  1.02968419e-05 
 1.31465525e+02  4.32125302e-07  1.01801501e-05 
 1.34497085e+02  4.27228138e-07  1.00647811e-05 
 1.37598551e+02  4.22386487e-07  9.95071985e-06 
 1.40771537e+02  4.17599719e-07  9.83795160e-06 
 1.44017690e+02  4.12867213e-07  9.72646166e-06 
 1.47338699e+02  4.08188353e-07  9.61623556e-06 
 1.50736290e+02  4.03562533e-07  9.50725896e-06 
 1.54212228e+02  3.98989150e-07  9.39951770e-06 
 1.57768320e+02  3.94467611e-07  9.29299779e-06 
 1.61406415e+02  3.89997328e-07  9.18768539e-06 
 1.65128404e+02  3.85577720e-07  9.08356681e-06 
 1.68936220e+02  3.81208213e-07  8.98062852e-06 
 1.72831844e+02  3.76888239e-07  8.87885715e-06 
 1.76817299e+02  3.72617236e-07  8.77823948e-06 
 1.80894658e+02  3.68394651e-07  8.67876242e-06 
 1.85066040e+02  3.64219934e-07  8.58041305e-06 
 1.89333613e+02  3.60092542e-07  8.48317860e-06 
 1.93699595e+02  3.56011940e-07  8.38704643e-06 
 1.98166255e+02  3.51977597e-07  8.29200405e-06 
 2.02735916e+02  3.47988989e-07  8.19803911e-06 
 2.07410951e+02  3.44045597e-07  8.10513940e-06 
 2.12193792e+02  3.40146910e-07  8.01329285e-06 
 2.17086923e+02  3.36292421e-07  7.92248752e-06 
 2.22092889e+02  3.32481629e-07  7.83271161e-06 
 2.27214291e+02  3.28714038e-07  7.74395347e-06 
 2.32453791e+02  3.24989159e-07  7.65620155e-06 
 2.37814113e+02  3.21306509e-07  7.56944446e-06 
 2.43298042e+02  3.17665608e-07  7.48367092e-06 
 2.48908429e+02  3.14065984e-07  7.39886979e-06 
 2.54648190e+02  3.10507168e-07  7.31503005e-06 
 2.60520309e+02  3.06988700e-07  7.23214080e-06 
 2.66527837e+02  3.03510120e-07  7.15019127e-06 
 2.72673897e+02  3.00070977e-07  7.06917082e-06 
 2.78961683e+02  2.96670825e-07  6.98906892e-06 
 2.85394464e+02  2.93309222e-07  6.90987515e-06 
 2.91975583e+02  2.89985730e-07  6.83157924e-06 
 2.98708461e+02  2.86699918e-07  6.75417100e-06 
 3.05596598e+02  2.83451359e-07  6.67764038e-06 
 3.12643573e+02  2.80239631e-07  6.60197743e-06 
 3.19853049e+02  2.77064316e-07  6.52717233e-06 
 3.27228774e+02  2.73925003e-07  6.45321534e-06 
 3.34774581e+02  2.70821282e-07  6.38009687e-06 
 3.42494392e+02  2.67752751e-07  6.30780741e-06 
 3.50392221e+02  2.64719012e-07  6.23633757e-06 
 3.58472171e+02  2.61719669e-07  6.16567806e-06 
 3.66738442e+02  2.58754333e-07  6.09581971e-06 
 3.75195331e+02  2.55822619e-07  6.02675342e-06 
 3.83847234e+02  2.52924146e-07  5.95847023e-06 
 3.92698648e+02  2.50058537e-07  5.89096127e-06 
 4.01754173e+02  2.47225420e-07  5.82421777e-06 
 4.11018515e+02  2.44424426e-07  5.75823105e-06 
 4.20496491e+02  2.41655193e-07  5.69299253e-06 
 4.30193027e+02  2.38917359e-07  5.62849375e-06 
 4.40113162e+02  2.36210570e-07  5.56472631e-06 
 4.50262052e+02  2.33534473e-07  5.50168194e-06 
 4.60644974e+02  2.30888721e-07  5.43935245e-06 
 4.71267322e+02  2.28272970e-07  5.37772972e-06 
 4.82134619e+02  2.25686881e-07  5.31680577e-06 
 4.93252513e+02  2.23130116e-07  5.25657266e-06 
 5.04626783e+02  2.20602344e-07  5.19702258e-06 
 5.16263340e+02  2.18103237e-07  5.13814779e-06 
 5.28168234e+02  2.15632469e-07  5.07994063e-06 
 5.40347650e+02  2.13189720e-07  5.02239354e-06 
 5.52807921e+02  2.10774672e-07  4.96549905e-06 
 5.65555523e+02  2.08387012e-07  4.90924976e-06 
 5.78597080e+02  2.06026429e-07  4.85363836e-06 
 5.91939372e+02  2.03692616e-07  4.79865764e-06 
 6.05589334e+02  2.01385271e-07  4.74430043e-06 
 6.19554061e+02  1.99104093e-07  4.69055969e-06 
 6.33840810e+02  1.96848786e-07  4.63742842e-06 
 6.48457008e+02  1.94619057e-07  4.58489973e-06 
 6.63410251e+02  1.92414616e-07  4.53296679e-06 
 6.78708313e+02  1.90235177e-07  4.48162284e-06 
 6.94359143e+02  1.88080457e-07  4.43086123e-06 
 7.10370877e+02  1.85950175e-07  4.38067535e-06 
 7.26751838e+02  1.83844055e-07  4.33105868e-06 
 7.43510539e+02  1.81761823e-07  4.28200478e-06 
 7.60655691e+02  1.79703209e-07  4.23350727e-06 
 7.78196206e+02  1.77667945e-07  4.18555984e-06 
 7.96141200e+02  1.75655767e-07  4.13815628e-06 
 8.14500001e+02  1.73666413e-07  4.09129042e-06 
 8.33282151e+02  1.71699624e-07  4.04495616e-06 
 8.52497412e+02  1.69755146e-07  3.99914750e-06 
 8.72155772e+02  1.67832725e-07  3.95385847e-06 
 8.92267449e+02  1.65932112e-07  3.90908320e-06 
 9.12842895e+02  1.64053059e-07  3.86481586e-06 
 9.33892805e+02  1.62195323e-07  3.82105070e-06 
 9.55428121e+02  1.60358663e-07  3.77778204e-06 
 9.77460036e+02  1.58542838e-07  3.73500426e-06 
 1.00000000e+03  1.56747615e-07  3.69271178e-06 
 1.02305973e+03  1.54972759e-07  3.65089913e-06 
 1.04665121e+03  1.53218039e-07  3.60956087e-06 
 1.07078670e+03  1.51483228e-07  3.56869162e-06 
 1.09547876e+03  1.49768101e-07  3.52828607e-06 
 1.12074020e+03  1.48072433e-07  3.48833898e-06 
 1.14658417e+03  1.46396006e-07  3.44884516e-06 
 1.17302409e+03  1.44738602e-07  3.40979946e-06 
 1.20007371e+03  1.43100004e-07  3.37119683e-06 
 1.22774708e+03  1.41480000e-07  3.33303224e-06 
 1.25605860e+03  1.39878379e-07  3.29530073e-06 
 1.28502297e+03  1.38294934e-07  3.25799740e-06 
 1.31465525e+03  1.36729459e-07  3.22111741e-06 
 1.34497085e+03  1.35181749e-07  3.18465596e-06 
 1.37598551e+03  1.33651605e-07  3.14860832e-06 
 1.40771537e+03  1.32138827e-07  3.11296979e-06 
 1.44017690e+03  1.30643219e-07  3.07773575e-06 
 1.47338699e+03  1.29164586e-07  3.04290163e-06 
 1.50736290e+03  1.27702737e-07  3.00846289e-06 
 1.54212228e+03  1.26257481e-07  2.97441506e-06 
 1.57768320e+03  1.24828630e-07  2.94075371e-06 
 1.61406415e+03  1.23415999e-07  2.90747448e-06 
 1.65128404e+03  1.22019404e-07  2.87457304e-06 
 1.68936220e+03  1.20638664e-07  2.84204510e-06 
 1.72831844e+03  1.19273600e-07  2.80988646e-06 
 1.76817299e+03  1.17924033e-07  2.77809292e-06 
 1.80894658e+03  1.16589790e-07  2.74666036e-06 
 1.85066040e+03  1.15270695e-07  2.71558469e-06 
 1.89333613e+03  1.13966579e-07  2.68486187e-06 
 1.93699595e+03  1.12677271e-07  2.65448791e-06 
 1.98166255e+03  1.11402603e-07  2.62445887e-06 
 2.02735916e+03  1.10142412e-07  2.59477085e-06 
 2.07410951e+03  1.08896531e-07  2.56541998e-06 
 2.12193792e+03  1.07664800e-07  2.53640245e-06 
 2.17086923e+03  1.06447059e-07  2.50771449e-06 
 2.22092889e+03  1.05243149e-07  2.47935237e-06 
 2.27214291e+03  1.04052915e-07  2.45131241e-06 
 2.32453791e+03  1.02876200e-07  2.42359097e-06 
 2.37814113e+03  1.01712853e-07  2.39618444e-06 
 2.43298042e+03  1.00562722e-07  2.36908926e-06 
 2.48908429e+03  9.94256577e-08  2.34230191e-06 
 2.54648190e+03  9.83015124e-08  2.31581892e-06 
 2.60520309e+03  9.71901401e-08  2.28963683e-06 
 2.66527837e+03  9.60913964e-08  2.26375224e-06 
 2.72673897e+03  9.50051384e-08  2.23816180e-06 
 2.78961683e+03  9.39312250e-08  2.21286218e-06 
 2.85394464e+03  9.28695167e-08  2.18785009e-06 
 2.91975583e+03  9.18198755e-08  2.16312227e-06 
 2.98708461e+03  9.07821649e-08  2.13867553e-06 
 3.05596598e+03  8.97562503e-08  2.11450667e-06 
 3.12643573e+03  8.87419983e-08  2.09061257e-06 
 3.19853049e+03  8.77392770e-08  2.06699011e-06 
 3.27228774e+03  8.67479562e-08  2.04363622e-06 
 3.34774581e+03  8.57679070e-08  2.02054788e-06 
 3.42494392e+03  8.47990022e-08  1.99772207e-06 
 3.50392221e+03  8.38411158e-08  1.97515585e-06 
 3.58472171e+03  8.28941233e-08  1.95284626e-06 
 3.66738442e+03  8.19579017e-08  1.93079042e-06 
 3.75195331e+03  8.10323294e-08  1.90898545e-06 
 3.83847234e+03  8.01172861e-08  1.88742853e-06 
 3.92698648e+03  7.92126528e-08  1.86611685e-06 
 4.01754173e+03  7.83183120e-08  1.84504765e-06 
 4.11018515e+03  7.74341475e-08  1.82421818e-06 
 4.20496491e+03  7.65600444e-08  1.80362573e-06 
 4.30193027e+03  7.56958892e-08  1.78326765e-06 
 4.40113162e+03  7.48415695e-08  1.76314127e-06 
 4.50262052e+03  7.39969743e-08  1.74324398e-06 
 4.60644974e+03  7.31619938e-08  1.72357320e-06 
 4.71267322e+03  7.23365197e-08  1.70412636e-06 
 4.82134619e+03  7.15204445e-08  1.68490096e-06 
 4.93252513e+03  7.07136623e-08  1.66589447e-06 
 5.04626783e+03  6.99160683e-08  1.64710445e-06 
 5.16263340e+03  6.91275586e-08  1.62852843e-06 
 5.28168234e+03  6.83480310e-08  1.61016402e-06 
 5.40347650e+03  6.75773842e-08  1.59200882e-06 
 5.52807921e+03  6.68155178e-08  1.57406047e-06 
 5.65555523e+03  6.60623331e-08  1.55631664e-06 
 5.78597080e+03  6.53177320e-08  1.53877503e-06 
 5.91939372e+03  6.45816179e-08  1.52143336e-06 
 6.05589334e+03  6.38538950e-08  1.50428936e-06 
 6.19554061e+03  6.31344688e-08  1.48734083e-06 
 6.33840810e+03  6.24232459e-08  1.47058554e-06 
 6.48457008e+03  6.17201337e-08  1.45402133e-06 
 6.63410251e+03  6.10250410e-08  1.43764604e-06 
 6.78708313e+03  6.03378773e-08  1.42145754e-06 
 6.94359143e+03  5.96585534e-08  1.40545374e-06 
 7.10370877e+03  5.89869811e-08  1.38963254e-06 
 7.26751838e+03  5.83230729e-08  1.37399190e-06 
 7.43510539e+03  5.76667428e-08  1.35852978e-06 
 7.60655691e+03  5.70179052e-08  1.34324417e-06 
 7.78196206e+03  5.63764760e-08  1.32813308e-06 
 7.96141200e+03  5.57423718e-08  1.31319456e-06 
 8.14500001e+03  5.51155102e-08  1.29842666e-06 
 8.33282151e+03  5.44958096e-08  1.28382746e-06 
 8.52497412e+03  5.38831897e-08  1.26939506e-06 
 8.72155772e+03  5.32775706e-08  1.25512758e-06 
 8.92267449e+03  5.26788738e-08  1.24102319e-06 
 9.12842895e+03  5.20870215e-08  1.22708003e-06 
 9.33892805e+03  5.15019366e-08  1.21329629e-06 
 9.55428121e+03  5.09235432e-08  1.19967020e-06 
 9.77460036e+03  5.03517660e-08  1.18619996e-06 
 1.00000000e+04  4.97865309e-08  1.17288385e-06 
 1.02305973e+04  4.92277642e-08  1.15972011e-06 
 1.04665121e+04  4.86753935e-08  1.14670705e-06 
 1.07078670e+04  4.81293468e-08  1.13384296e-06 
 1.09547876e+04  4.75895532e-08  1.12112619e-06 
 1.12074020e+04  4.70559426e-08  1.10855507e-06 
 1.14658417e+04  4.65284456e-08  1.09612797e-06 
 1.17302409e+04  4.60069936e-08  1.08384328e-06 
 1.20007371e+04  4.54915188e-08  1.07169939e-06 
 1.22774708e+04  4.49819543e-08  1.05969473e-06 
 1.25605860e+04  4.44782338e-08  1.04782775e-06 
 1.28502297e+04  4.39802917e-08  1.03609689e-06 
 1.31465525e+04  4.34880635e-08  1.02450063e-06 
 1.34497085e+04  4.30014851e-08  1.01303746e-06 
 1.37598551e+04  4.25204932e-08  1.00170590e-06 
 1.40771537e+04  4.20450253e-08  9.90504462e-07 
 1.44017690e+04  4.15750196e-08  9.79431700e-07 
 1.47338699e+04  4.11104149e-08  9.68486172e-07 
 1.50736290e+04  4.06511510e-08  9.57666453e-07 
 1.54212228e+04  4.01971681e-08  9.46971137e-07 
 1.57768320e+04  3.97484070e-08  9.36398834e-07 
 1.61406415e+04  3.93048096e-08  9.25948167e-07 
 1.65128404e+04  3.88663181e-08  9.15617778e-07 
 1.68936220e+04  3.84328754e-08  9.05406323e-07 
 1.72831844e+04  3.80044253e-08  8.95312474e-07 
 1.76817299e+04  3.75809120e-08  8.85334919e-07 
 1.80894658e+04  3.71622805e-08  8.75472358e-07 
 1.85066040e+04  3.67484762e-08  8.65723510e-07 
 1.89333613e+04  3.63394454e-08  8.56087106e-07 
 1.93699595e+04  3.59351348e-08  8.46561893e-07 
 1.98166255e+04  3.55354919e-08  8.37146630e-07 
 2.02735916e+04  3.51404648e-08  8.27840093e-07 
 2.07410951e+04  3.47500019e-08  8.18641071e-07 
 2.12193792e+04  3.43640525e-08  8.09548367e-07 
 2.17086923e+04  3.39825665e-08  8.00560798e-07 
 2.22092889e+04  3.36054941e-08  7.91677193e-07 
 2.27214291e+04  3.32327863e-08  7.82896397e-07 
 2.32453791e+04  3.28643947e-08  7.74217266e-07 
 2.37814113e+04  3.25002712e-08  7.65638671e-07 
 2.43298042e+04  3.21403685e-08  7.57159494e-07 
 2.48908429e+04  3.17846397e-08  7.48778632e-07 
 2.54648190e+04  3.14330386e-08  7.40494994e-07 
 2.60520309e+04  3.10855194e-08  7.32307500e-07 
 2.66527837e+04  3.07420368e-08  7.24215084e-07 
 2.72673897e+04  3.04025462e-08  7.16216693e-07 
 2.78961683e+04  3.00670033e-08  7.08311283e-07 
 2.85394464e+04  2.97353644e-08  7.00497826e-07 
 2.91975583e+04  2.94075864e-08  6.92775303e-07 
 2.98708461e+04  2.90836265e-08  6.85142707e-07 
 3.05596598e+04  2.87634426e-08  6.77599044e-07 
 3.12643573e+04  2.84469930e-08  6.70143331e-07 
 3.19853049e+04  2.81342364e-08  6.62774595e-07 
 3.27228774e+04  2.78251321e-08  6.55491875e-07 
 3.34774581e+04  2.75196397e-08  6.48294223e-07 
 3.42494392e+04  2.72177196e-08  6.41180698e-07 
 3.50392221e+04  2.69193324e-08  6.34150372e-07 
 3.58472171e+04  2.66244390e-08  6.27202330e-07 
 3.66738442e+04  2.63330012e-08  6.20335662e-07 
 3.75195331e+04  2.60449808e-08  6.13549475e-07 
 3.83847234e+04  2.57603404e-08  6.06842880e-07 
 3.92698648e+04  2.54790428e-08  6.00215002e-07 
 4.01754173e+04  2.52010513e-08  5.93664977e-07 
 4.11018515e+04  2.49263296e-08  5.87191947e-07 
 4.20496491e+04  2.46548418e-08  5.80795066e-07 
 4.30193027e+04  2.43865527e-08  5.74473500e-07 
 4.40113162e+04  2.41214270e-08  5.68226420e-07 
 4.50262052e+04  2.38594302e-08  5.62053010e-07 
 4.60644974e+04  2.36005280e-08  5.55952462e-07 
 4.71267322e+04  2.33446867e-08  5.49923978e-07 
 4.82134619e+04  2.30918727e-08  5.43966768e-07 
 4.93252513e+04  2.28420531e-08  5.38080052e-07 
 5.04626783e+04  2.25951952e-08  5.32263060e-07 
 5.16263340e+04  2.23512667e-08  5.26515028e-07 
 5.28168234e+04  2.21102357e-08  5.20835202e-07 
 5.40347650e+04  2.18720706e-08  5.15222839e-07 
 5.52807921e+04  2.16367403e-08  5.09677201e-07 
 5.65555523e+04  2.14042139e-08  5.04197561e-07 
 5.78597080e+04  2.11744611e-08  4.98783198e-07 
 5.91939372e+04  2.09474516e-08  4.93433401e-07 
 6.05589334e+04  2.07231557e-08  4.88147467e-07 
 6.19554061e+04  2.05015440e-08  4.82924700e-07 
 6.33840810e+04  2.02825875e-08  4.77764413e-07 
 6.48457008e+04  2.00662573e-08  4.72665927e-07 
 6.63410251e+04  1.98525251e-08  4.67628569e-07 
 6.78708313e+04  1.96413629e-08  4.62651676e-07 
 6.94359143e+04  1.94327428e-08  4.57734590e-07 
 7.10370877e+04  1.92266374e-08  4.52876662e-07 
 7.26751838e+04  1.90230197e-08  4.48077251e-07 
 7.43510539e+04  1.88218627e-08  4.43335721e-07 
 7.60655691e+04  1.86231401e-08  4.38651446e-07 
 7.78196206e+04  1.84268255e-08  4.34023805e-07 
 7.96141200e+04  1.82328932e-08  4.29452184e-07 
 8.14500001e+04  1.80413176e-08  4.24935977e-07 
 8.33282151e+04  1.78520733e-08  4.20474585e-07 
 8.52497412e+04  1.76651354e-08  4.16067413e-07 
 8.72155772e+04  1.74804791e-08  4.11713876e-07 
 8.92267449e+04  1.72980800e-08  4.07413394e-07 
 9.12842895e+04  1.71179139e-08  4.03165392e-07 
 9.33892805e+04  1.69399570e-08  3.98969305e-07 
 9.55428121e+04  1.67641857e-08  3.94824571e-07 
 9.77460036e+04  1.65905766e-08  3.90730635e-07 
 1.00000000e+05  1.64191067e-08  3.86686950e-07 
 1.02305973e+05  1.62497531e-08  3.82692971e-07 
 1.04665121e+05  1.60824934e-08  3.78748162e-07 
 1.07078670e+05  1.59173051e-08  3.74851993e-07 
 1.09547876e+05  1.57541664e-08  3.71003938e-07 
 1.12074020e+05  1.55930553e-08  3.67203478e-07 
 1.14658417e+05  1.54339505e-08  3.63450098e-07 
 1.17302409e+05  1.52768304e-08  3.59743290e-07 
 1.20007371e+05  1.51216742e-08  3.56082551e-07 
 1.22774708e+05  1.49684610e-08  3.52467384e-07 
 1.25605860e+05  1.48171702e-08  3.48897295e-07 
 1.28502297e+05  1.46677814e-08  3.45371797e-07 
 1.31465525e+05  1.45202745e-08  3.41890407e-07 
 1.34497085e+05  1.43746297e-08  3.38452649e-07 
 1.37598551e+05  1.42308271e-08  3.35058049e-07 
 1.40771537e+05  1.40888475e-08  3.31706140e-07 
 1.44017690e+05  1.39486714e-08  3.28396458e-07 
 1.47338699e+05  1.38102799e-08  3.25128546e-07 
 1.50736290e+05  1.36736542e-08  3.21901949e-07 
 1.54212228e+05  1.35387755e-08  3.18716217e-07 
 1.57768320e+05  1.34056256e-08  3.15570906e-07 
 1.61406415e+05  1.32741862e-08  3.12465575e-07 
 1.65128404e+05  1.31444392e-08  3.09399787e-07 
 1.68936220e+05  1.30163668e-08  3.06373110e-07 
 1.72831844e+05  1.28899515e-08  3.03385115e-07 
 1.76817299e+05  1.27651757e-08  3.00435377e-07 
 1.80894658e+05  1.26420222e-08  2.97523476e-07 
 1.85066040e+05  1.25204740e-08  2.94648995e-07 
 1.89333613e+05  1.24005140e-08  2.91811520e-07 
 1.93699595e+05  1.22821257e-08  2.89010642e-07 
 1.98166255e+05  1.21652924e-08  2.86245955e-07 
 2.02735916e+05  1.20499979e-08  2.83517055e-07 
 2.07410951e+05  1.19362258e-08  2.80823544e-07 
 2.12193792e+05  1.18239602e-08  2.78165025e-07 
 2.17086923e+05  1.17131852e-08  2.75541105e-07 
 2.22092889e+05  1.16038851e-08  2.72951393e-07 
 2.27214291e+05  1.14960444e-08  2.70395504e-07 
 2.32453791e+05  1.13896476e-08  2.67873051e-07 
 2.37814113e+05  1.12846796e-08  2.65383655e-07 
 2.43298042e+05  1.11811252e-08  2.62926936e-07 
 2.48908429e+05  1.10789695e-08  2.60502518e-07 
 2.54648190e+05  1.09781978e-08  2.58110026e-07 
 2.60520309e+05  1.08787953e-08  2.55749091e-07 
 2.66527837e+05  1.07807477e-08  2.53419342e-07 
 2.72673897e+05  1.06840405e-08  2.51120413e-07 
 2.78961683e+05  1.05886595e-08  2.48851939e-07 
 2.85394464e+05  1.04945906e-08  2.46613556e-07 
 2.91975583e+05  1.04018199e-08  2.44404905e-07 
 2.98708461e+05  1.03103336e-08  2.42225626e-07 
 3.05596598e+05  1.02201180e-08  2.40075361e-07 
 3.12643573e+05  1.01311594e-08  2.37953755e-07 
 3.19853049e+05  1.00434445e-08  2.35860453e-07 
 3.27228774e+05  9.95695993e-09  2.33795101e-07 
 3.34774581e+05  9.87169250e-09  2.31757349e-07 
 3.42494392e+05  9.78762913e-09  2.29746845e-07 
 3.50392221e+05  9.70475684e-09  2.27763239e-07 
 3.58472171e+05  9.62306278e-09  2.25806183e-07 
 3.66738442e+05  9.54253422e-09  2.23875329e-07 
 3.75195331e+05  9.46315852e-09  2.21970329e-07 
 3.83847234e+05  9.38492316e-09  2.20090836e-07 
 3.92698648e+05  9.30781572e-09  2.18236505e-07 
 4.01754173e+05  9.23182389e-09  2.16406989e-07 
 4.11018515e+05  9.15693546e-09  2.14601942e-07 
 4.20496491e+05  9.08313832e-09  2.12821018e-07 
 4.30193027e+05  9.01042046e-09  2.11063872e-07 
 4.40113162e+05  8.93876997e-09  2.09330157e-07 
 4.50262052e+05  8.86817503e-09  2.07619527e-07 
 4.60644974e+05  8.79862391e-09  2.05931635e-07 
 4.71267322e+05  8.73010500e-09  2.04266134e-07 
 4.82134619e+05  8.66260674e-09  2.02622675e-07 
 4.93252513e+05  8.59611769e-09  2.01000910e-07 
 5.04626783e+05  8.53062649e-09  1.99400487e-07 
 5.16263340e+05  8.46612187e-09  1.97821057e-07 
 5.28168234e+05  8.40259263e-09  1.96262267e-07 
 5.40347650e+05  8.34002768e-09  1.94723763e-07 
 5.52807921e+05  8.27841599e-09  1.93205188e-07 
 5.65555523e+05  8.21774662e-09  1.91706187e-07 
 5.78597080e+05  8.15800872e-09  1.90226400e-07 
 5.91939372e+05  8.09919150e-09  1.88765466e-07 
 6.05589334e+05  8.04128427e-09  1.87323021e-07 
 6.19554061e+05  7.98427641e-09  1.85898702e-07 
 6.33840810e+05  7.92815736e-09  1.84492138e-07 
 6.48457008e+05  7.87291665e-09  1.83102961e-07 
 6.63410251e+05  7.81854390e-09  1.81730796e-07 
 6.78708313e+05  7.76502878e-09  1.80375268e-07 
 6.94359143e+05  7.71236104e-09  1.79035997e-07 
 7.10370877e+05  7.66053051e-09  1.77712603e-07 
 7.26751838e+05  7.60952707e-09  1.76404698e-07 
 7.43510539e+05  7.55934070e-09  1.75111894e-07 
 7.60655691e+05  7.50996144e-09  1.73833799e-07 
 7.78196206e+05  7.46137939e-09  1.72570017e-07 
 7.96141200e+05  7.41358472e-09  1.71320147e-07 
 8.14500001e+05  7.36656768e-09  1.70083787e-07 
 8.33282151e+05  7.32031859e-09  1.68860529e-07 
 8.52497412e+05  7.27482783e-09  1.67649960e-07 
 8.72155772e+05  7.23008584e-09  1.66451666e-07 
 8.92267449e+05  7.18608314e-09  1.65265226e-07 
 9.12842895e+05  7.14281032e-09  1.64090216e-07 
 9.33892805e+05  7.10025802e-09  1.62926207e-07 
 9.55428121e+05  7.05841697e-09  1.61772766e-07 
 9.77460036e+05  7.01727794e-09  1.60629457e-07 
 1.00000000e+06  6.97683178e-09  1.59495838e-07 
 1.02305973e+06  6.93706941e-09  1.58371462e-07 
 1.04665121e+06  6.89798182e-09  1.57255880e-07 
 1.07078670e+06  6.85956004e-09  1.56148637e-07 
 1.09547876e+06  6.82179520e-09  1.55049276e-07 
 1.12074020e+06  6.78467846e-09  1.53957333e-07 
 1.14658417e+06  6.74820109e-09  1.52872343e-07 
 1.17302409e+06  6.71235438e-09  1.51793837e-07 
 1.20007371e+06  6.67712972e-09  1.50721340e-07 
 1.22774708e+06  6.64251856e-09  1.49654377e-07 
 1.25605860e+06  6.60851239e-09  1.48592470e-07 
 1.28502297e+06  6.57510280e-09  1.47535136e-07 
 1.31465525e+06  6.54228144e-09  1.46481892e-07 
 1.34497085e+06  6.51004001e-09  1.45432253e-07 
 1.37598551e+06  6.47837029e-09  1.44385734e-07 
 1.40771537e+06  6.44726413e-09  1.43341847e-07 
 1.44017690e+06  6.41671344e-09  1.42300104e-07 
 1.47338699e+06  6.38671020e-09  1.41260021e-07 
 1.50736290e+06  6.35724646e-09  1.40221112e-07 
 1.54212228e+06  6.32831434e-09  1.39182894e-07 
 1.57768320e+06  6.29990602e-09  1.38144887e-07 
 1.61406415e+06  6.27201375e-09  1.37106615e-07 
 1.65128404e+06  6.24462986e-09  1.36067605e-07 
 1.68936220e+06  6.21774674e-09  1.35027392e-07 
 1.72831844e+06  6.19135685e-09  1.33985516e-07 
 1.76817299e+06  6.16545273e-09  1.32941525e-07 
 1.80894658e+06  6.14002698e-09  1.31894976e-07 
 1.85066040e+06  6.11507226e-09  1.30845437e-07 
 1.89333613e+06  6.09058132e-09  1.29792484e-07 
 1.93699595e+06  6.06654698e-09  1.28735711e-07 
 1.98166255e+06  6.04296211e-09  1.27674721e-07 
 2.02735916e+06  6.01981968e-09  1.26609134e-07 
 2.07410951e+06  5.99711271e-09  1.25538587e-07 
 2.12193792e+06  5.97483429e-09  1.24462735e-07 
 2.17086923e+06  5.95297761e-09  1.23381252e-07 
 2.22092889e+06  5.93153590e-09  1.22293834e-07 
 2.27214291e+06  5.91050247e-09  1.21200197e-07 
 2.32453791e+06  5.88987072e-09  1.20100084e-07 
 2.37814113e+06  5.86963410e-09  1.18993259e-07 
 2.43298042e+06  5.84978614e-09  1.17879516e-07 
 2.48908429e+06  5.83032045e-09  1.16758676e-07 
 2.54648190e+06  5.81123071e-09  1.15630588e-07 
 2.60520309e+06  5.79251066e-09  1.14495131e-07 
 2.66527837e+06  5.77415413e-09  1.13352216e-07 
 2.72673897e+06  5.75615502e-09  1.12201787e-07 
 2.78961683e+06  5.73850728e-09  1.11043818e-07 
 2.85394464e+06  5.72120498e-09  1.09878321e-07 
 2.91975583e+06  5.70424221e-09  1.08705339e-07 
 2.98708461e+06  5.68761317e-09  1.07524952e-07 
 3.05596598e+06  5.67131212e-09  1.06337273e-07 
 3.12643573e+06  5.65533339e-09  1.05142453e-07 
 3.19853049e+06  5.63967139e-09  1.03940677e-07 
 3.27228774e+06  5.62432059e-09  1.02732164e-07 
 3.34774581e+06  5.60927554e-09  1.01517171e-07 
 3.42494392e+06  5.59453087e-09  1.00295985e-07 
 3.50392221e+06  5.58008127e-09  9.90689309e-08 
 3.58472171e+06  5.56592151e-09  9.78363626e-08 
 3.66738442e+06  5.55204643e-09  9.65986672e-08 
 3.75195331e+06  5.53845093e-09  9.53562617e-08 
 3.83847234e+06  5.52512999e-09  9.41095918e-08 
 3.92698648e+06  5.51207867e-09  9.28591303e-08 
 4.01754173e+06  5.49929209e-09  9.16053754e-08 
 4.11018515e+06  5.48676544e-09  9.03488486e-08 
 4.20496491e+06  5.47449398e-09  8.90900933e-08 
 4.30193027e+06  5.46247305e-09  8.78296717e-08 
 4.40113162e+06  5.45069803e-09  8.65681633e-08 
 4.50262052e+06  5.43916441e-09  8.53061625e-08 
 4.60644974e+06  5.42786773e-09  8.40442760e-08 
 4.71267322e+06  5.41680358e-09  8.27831205e-08 
 4.82134619e+06  5.40596764e-09  8.15233203e-08 
 4.93252513e+06  5.39535565e-09  8.02655047e-08 
 5.04626783e+06  5.38496342e-09  7.90103060e-08 
 5.16263340e+06  5.37478682e-09  7.77583566e-08 
 5.28168234e+06  5.36482179e-09  7.65102869e-08 
 5.40347650e+06  5.35506434e-09  7.52667231e-08 
 5.52807921e+06  5.34551054e-09  7.40282848e-08 
 5.65555523e+06  5.33615653e-09  7.27955829e-08 
 5.78597080e+06  5.32699849e-09  7.15692178e-08 
 5.91939372e+06  5.31803269e-09  7.03497773e-08 
 6.05589334e+06  5.30925546e-09  6.91378349e-08 
 6.19554061e+06  5.30066318e-09  6.79339481e-08 
 6.33840810e+06  5.29225231e-09  6.67386570e-08 
 6.48457008e+06  5.28401935e-09  6.55524829e-08 
 6.63410251e+06  5.27596087e-09  6.43759271e-08 
 6.78708313e+06  5.26807350e-09  6.32094697e-08 
 6.94359143e+06  5.26035394e-09  6.20535689e-08 
 7.10370877e+06  5.25279894e-09  6.09086600e-08 
 7.26751838e+06  5.24540529e-09  5.97751550e-08 
 7.43510539e+06  5.23816988e-09  5.86534420e-08 
 7.60655691e+06  5.23108962e-09  5.75438845e-08 
 7.78196206e+06  5.22416150e-09  5.64468220e-08 
 7.96141200e+06  5.21738255e-09  5.53625690e-08 
 8.14500001e+06  5.21074987e-09  5.42914156e-08 
 8.33282151e+06  5.20426060e-09  5.32336273e-08 
 8.52497412e+06  5.19791195e-09  5.21894455e-08 
 8.72155772e+06  5.19170117e-09  5.11590873e-08 
 8.92267449e+06  5.18562558e-09  5.01427467e-08 
 9.12842895e+06  5.17968254e-09  4.91405943e-08 
 9.33892805e+06  5.17386947e-09  4.81527783e-08 
 9.55428121e+06  5.16818384e-09  4.71794248e-08 
 9.77460036e+06  5.16262317e-09  4.62206388e-08 
 1.00000000e+07  5.15718503e-09  4.52765047e-08 
 1.02305973e+07  5.15186704e-09  4.43470868e-08 
 1.04665121e+07  5.14666688e-09  4.34324307e-08 
 1.07078670e+07  5.14158227e-09  4.25325634e-08 
 1.09547876e+07  5.13661099e-09  4.16474946e-08 
 1.12074020e+07  5.13175085e-09  4.07772171e-08 
 1.14658417e+07  5.12699972e-09  3.99217083e-08 
 1.17302409e+07  5.12235552e-09  3.90809302e-08 
 1.20007371e+07  5.11781623e-09  3.82548308e-08 
 1.22774708e+07  5.11337984e-09  3.74433448e-08 
 1.25605860e+07  5.10904441e-09  3.66463943e-08 
 1.28502297e+07  5.10480807e-09  3.58638897e-08 
 1.31465525e+07  5.10066895e-09  3.50957304e-08 
 1.34497085e+07  5.09662526e-09  3.43418057e-08 
 1.37598551e+07  5.09267523e-09  3.36019955e-08 
 1.40771537e+07  5.08881716e-09  3.28761708e-08 
 1.44017690e+07  5.08504939e-09  3.21641949e-08 
 1.47338699e+07  5.08137029e-09  3.14659235e-08 
 1.50736290e+07  5.07777828e-09  3.07812058e-08 
 1.54212228e+07  5.07427183e-09  3.01098849e-08 
 1.57768320e+07  5.07084946e-09  2.94517985e-08 
 1.61406415e+07  5.06750972e-09  2.88067792e-08 
 1.65128404e+07  5.06425122e-09  2.81746555e-08 
 1.68936220e+07  5.06107259e-09  2.75552522e-08 
 1.72831844e+07  5.05797253e-09  2.69483903e-08 
 1.76817299e+07  5.05494976e-09  2.63538885e-08 
 1.80894658e+07  5.05200307e-09  2.57715627e-08 
 1.85066040e+07  5.04913128e-09  2.52012270e-08 
 1.89333613e+07  5.04633325e-09  2.46426937e-08 
 1.93699595e+07  5.04360788e-09  2.40957741e-08 
 1.98166255e+07  5.04095414e-09  2.35602784e-08 
 2.02735916e+07  5.03837102e-09  2.30360164e-08 
 2.07410951e+07  5.03585756e-09  2.25227975e-08 
 2.12193792e+07  5.03341285e-09  2.20204310e-08 
 2.17086923e+07  5.03103601e-09  2.15287267e-08 
 2.22092889e+07  5.02872624e-09  2.10474948e-08 
 2.27214291e+07  5.02648276e-09  2.05765461e-08 
 2.32453791e+07  5.02430483e-09  2.01156926e-08 
 2.37814113e+07  5.02219177e-09  1.96647471e-08 
 2.43298042e+07  5.02014296e-09  1.92235239e-08 
 2.48908429e+07  5.01815779e-09  1.87918387e-08 
 2.54648190e+07  5.01623575e-09  1.83695087e-08 
 2.60520309e+07  5.01437633e-09  1.79563531e-08 
 2.66527837e+07  5.01257910e-09  1.75521925e-08 
 2.72673897e+07  5.01084368e-09  1.71568497e-08 
 2.78961683e+07  5.00916974e-09  1.67701497e-08 
 2.85394464e+07  5.00755698e-09  1.63919193e-08 
 2.91975583e+07  5.00600518e-09  1.60219876e-08 
 2.98708461e+07  5.00451418e-09  1.56601861e-08 
 3.05596598e+07  5.00308386e-09  1.53063486e-08 
 3.12643573e+07  5.00171416e-09  1.49603110e-08 
 3.19853049e+07  5.00040508e-09  1.46219119e-08 
 3.27228774e+07  4.99915668e-09  1.42909923e-08 
 3.34774581e+07  4.99796910e-09  1.39673955e-08 
 3.42494392e+07  4.99684251e-09  1.36509676e-08 
 3.50392221e+07  4.99577718e-09  1.33415570e-08 
 3.58472171e+07  4.99477341e-09  1.30390146e-08 
 3.66738442e+07  4.99383161e-09  1.27431939e-08 
 3.75195331e+07  4.99295223e-09  1.24539509e-08 
 3.83847234e+07  4.99213580e-09  1.21711444e-08 
 3.92698648e+07  4.99138295e-09  1.18946352e-08 
 4.01754173e+07  4.99069434e-09  1.16242871e-08 
 4.11018515e+07  4.99007076e-09  1.13599662e-08 
 4.20496491e+07  4.98951305e-09  1.11015412e-08 
 4.30193027e+07  4.98902216e-09  1.08488830e-08 
 4.40113162e+07  4.98859909e-09  1.06018654e-08 
 4.50262052e+07  4.98824499e-09  1.03603642e-08 
 4.60644974e+07  4.98796104e-09  1.01242579e-08 
 4.71267322e+07  4.98774858e-09  9.89342735e-09 
 4.82134619e+07  4.98760900e-09  9.66775568e-09 
 4.93252513e+07  4.98754383e-09  9.44712840e-09 
 5.04626783e+07  4.98755469e-09  9.23143334e-09 
 5.16263340e+07  4.98764333e-09  9.02056059e-09 
 5.28168234e+07  4.98781161e-09  8.81440250e-09 
 5.40347650e+07  4.98806150e-09  8.61285362e-09 
 5.52807921e+07  4.98839512e-09  8.41581072e-09 
 5.65555523e+07  4.98881470e-09  8.22317270e-09 
 5.78597080e+07  4.98932262e-09  8.03484057e-09 
 5.91939372e+07  4.98992140e-09  7.85071746e-09 
 6.05589334e+07  4.99061371e-09  7.67070854e-09 
 6.19554061e+07  4.99140236e-09  7.49472099e-09 
 6.33840810e+07  4.99229034e-09  7.32266400e-09 
 6.48457008e+07  4.99328080e-09  7.15444870e-09 
 6.63410251e+07  4.99437705e-09  6.98998816e-09 
 6.78708313e+07  4.99558258e-09  6.82919732e-09 
 6.94359143e+07  4.99690109e-09  6.67199300e-09 
 7.10370877e+07  4.99833645e-09  6.51829381e-09 
 7.26751838e+07  4.99989274e-09  6.36802019e-09 
 7.43510539e+07  5.00157425e-09  6.22109432e-09 
 7.60655691e+07  5.00338550e-09  6.07744011e-09 
 7.78196206e+07  5.00533121e-09  5.93698317e-09 
 7.96141200e+07  5.00741636e-09  5.79965077e-09 
 8.14500001e+07  5.00964616e-09  5.66537183e-09 
 8.33282151e+07  5.01202610e-09  5.53407687e-09 
 8.52497412e+07  5.01456190e-09  5.40569798e-09 
 8.72155772e+07  5.01725958e-09  5.28016880e-09 
 8.92267449e+07  5.02012545e-09  5.15742451e-09 
 9.12842895e+07  5.02316611e-09  5.03740175e-09 
 9.33892805e+07  5.02638846e-09  4.92003864e-09 
 9.55428121e+07  5.02979974e-09  4.80527473e-09 
 9.77460036e+07  5.03340753e-09  4.69305101e-09 
 1.00000000e+08  5.03721974e-09  4.58330982e-09 
 1.02305973e+08  5.04124464e-09  4.47599487e-09 
 1.04665121e+08  5.04549091e-09  4.37105121e-09 
 1.07078670e+08  5.04996757e-09  4.26842520e-09 
 1.09547876e+08  5.05468409e-09  4.16806449e-09 
 1.12074020e+08  5.05965033e-09  4.06991799e-09 
 1.14658417e+08  5.06487661e-09  3.97393585e-09 
 1.17302409e+08  5.07037368e-09  3.88006945e-09 
 1.20007371e+08  5.07615278e-09  3.78827136e-09 
 1.22774708e+08  5.08222561e-09  3.69849531e-09 
 1.25605860e+08  5.08860441e-09  3.61069621e-09 
 1.28502297e+08  5.09530192e-09  3.52483010e-09 
 1.31465525e+08  5.10233141e-09  3.44085412e-09 
 1.34497085e+08  5.10970673e-09  3.35872650e-09 
 1.37598551e+08  5.11744231e-09  3.27840658e-09 
 1.40771537e+08  5.12555316e-09  3.19985470e-09 
 1.44017690e+08  5.13405493e-09  3.12303228e-09 
 1.47338699e+08  5.14296388e-09  3.04790174e-09 
 1.50736290e+08  5.15229697e-09  2.97442647e-09 
 1.54212228e+08  5.16207182e-09  2.90257088e-09 
 1.57768320e+08  5.17230674e-09  2.83230030e-09 
 1.61406415e+08  5.18302078e-09  2.76358102e-09 
 1.65128404e+08  5.19423375e-09  2.69638024e-09 
 1.68936220e+08  5.20596620e-09  2.63066606e-09 
 1.72831844e+08  5.21823950e-09  2.56640746e-09 
 1.76817299e+08  5.23107581e-09  2.50357426e-09 
 1.80894658e+08  5.24449813e-09  2.44213714e-09 
 1.85066040e+08  5.25853035e-09  2.38206760e-09 
 1.89333613e+08  5.27319720e-09  2.32333791e-09 
 1.93699595e+08  5.28852434e-09  2.26592114e-09 
 1.98166255e+08  5.30453834e-09  2.20979110e-09 
 2.02735916e+08  5.32126674e-09  2.15492233e-09 
 2.07410951e+08  5.33873804e-09  2.10129009e-09 
 2.12193792e+08  5.35698173e-09  2.04887032e-09 
 2.17086923e+08  5.37602831e-09  1.99763960e-09 
 2.22092889e+08  5.39590934e-09  1.94757517e-09 
 2.27214291e+08  5.41665740e-09  1.89865488e-09 
 2.32453791e+08  5.43830617e-09  1.85085715e-09 
 2.37814113e+08  5.46089042e-09  1.80416100e-09 
 2.43298042e+08  5.48444603e-09  1.75854594e-09 
 2.48908429e+08  5.50901001e-09  1.71399203e-09 
 2.54648190e+08  5.53462052e-09  1.67047978e-09 
 2.60520309e+08  5.56131689e-09  1.62799020e-09 
 2.66527837e+08  5.58913962e-09  1.58650470e-09 
 2.72673897e+08  5.61813041e-09  1.54600512e-09 
 2.78961683e+08  5.64833215e-09  1.50647367e-09 
 2.85394464e+08  5.67978898e-09  1.46789291e-09 
 2.91975583e+08  5.71254625e-09  1.43024577e-09 
 2.98708461e+08  5.74665055e-09  1.39351544e-09 
 3.05596598e+08  5.78214972e-09  1.35768544e-09 
 3.12643573e+08  5.81909288e-09  1.32273951e-09 
 3.19853049e+08  5.85753038e-09  1.28866168e-09 
 3.27228774e+08  5.89751387e-09  1.25543616e-09 
 3.34774581e+08  5.93909626e-09  1.22304738e-09 
 3.42494392e+08  5.98233175e-09  1.19147995e-09 
 3.50392221e+08  6.02727583e-09  1.16071866e-09 
 3.58472171e+08  6.07398526e-09  1.13074843e-09 
 3.66738442e+08  6.12251809e-09  1.10155432e-09 
 3.75195331e+08  6.17293369e-09  1.07312154e-09 
 3.83847234e+08  6.22529268e-09  1.04543540e-09 
 3.92698648e+08  6.27965700e-09  1.01848130e-09 
 4.01754173e+08  6.33608989e-09  9.92244757e-10 
 4.11018515e+08  6.39465584e-09  9.66711378e-10 
 4.20496491e+08  6.45542069e-09  9.41866855e-10 
 4.30193027e+08  6.51845154e-09  9.17696965e-10 
 4.40113162e+08  6.58381679e-09  8.94187570e-10 
 4.50262052e+08  6.65158614e-09  8.71324616e-10 
 4.60644974e+08  6.72183059e-09  8.49094132e-10 
 4.71267322e+08  6.79462244e-09  8.27482238e-10 
 4.82134619e+08  6.87003531e-09  8.06475143e-10 
 4.93252513e+08  6.94814410e-09  7.86059154e-10 
 5.04626783e+08  7.02902504e-09  7.66220680e-10 
 5.16263340e+08  7.11275570e-09  7.46946237e-10 
 5.28168234e+08  7.19941496e-09  7.28222457e-10 
 5.40347650e+08  7.28908304e-09  7.10036097e-10 
 5.52807921e+08  7.38184152e-09  6.92374041e-10 
 5.65555523e+08  7.47777333e-09  6.75223315e-10 
 5.78597080e+08  7.57696279e-09  6.58571092e-10 
 5.91939372e+08  7.67949558e-09  6.42404699e-10 
 6.05589334e+08  7.78545880e-09  6.26711629e-10 
 6.19554061e+08  7.89494096e-09  6.11479546e-10 
 6.33840810e+08  8.00803200e-09  5.96696296e-10 
 6.48457008e+08  8.12482332e-09  5.82349909e-10 
 6.63410251e+08  8.24540775e-09  5.68428611e-10 
 6.78708313e+08  8.36987963e-09  5.54920831e-10 
 6.94359143e+08  8.49833476e-09  5.41815201e-10 
 7.10370877e+08  8.63087045e-09  5.29100568e-10 
 7.26751838e+08  8.76758552e-09  5.16765995e-10 
 7.43510539e+08  8.90858032e-09  5.04800767e-10 
 7.60655691e+08  9.05395671e-09  4.93194391e-10 
 7.78196206e+08  9.20381806e-09  4.81936604e-10 
 7.96141200e+08  9.35826928e-09  4.71017371e-10 
 8.14500001e+08  9.51741677e-09  4.60426885e-10 
 8.33282151e+08  9.68136844e-09  4.50155574e-10 
 8.52497412e+08  9.85023366e-09  4.40194095e-10 
 8.72155772e+08  1.00241232e-08  4.30533335e-10 
 8.92267449e+08  1.02031494e-08  4.21164410e-10 
 9.12842895e+08  1.03874256e-08  4.12078664e-10 
 9.33892805e+08  1.05770669e-08  4.03267666e-10 
 9.55428121e+08  1.07721892e-08  3.94723207e-10 
 9.77460036e+08  1.09729097e-08  3.86437297e-10 
 1.00000000e+09  1.11793468e-08  3.78402159e-10 
