 frequency       v(Amag_dB)      v(Aarg)        
 1.00000000e+00  2.43583540e+01 -1.50231282e-06 
 1.02305973e+00  2.43583540e+01 -1.53695574e-06 
 1.04665121e+00  2.43583540e+01 -1.57239753e-06 
 1.07078670e+00  2.43583540e+01 -1.60865659e-06 
 1.09547876e+00  2.43583540e+01 -1.64575178e-06 
 1.12074020e+00  2.43583540e+01 -1.68370237e-06 
 1.14658417e+00  2.43583540e+01 -1.72252809e-06 
 1.17302409e+00  2.43583540e+01 -1.76224912e-06 
 1.20007371e+00  2.43583540e+01 -1.80288611e-06 
 1.22774708e+00  2.43583540e+01 -1.84446018e-06 
 1.25605860e+00  2.43583540e+01 -1.88699293e-06 
 1.28502297e+00  2.43583540e+01 -1.93050648e-06 
 1.31465525e+00  2.43583540e+01 -1.97502344e-06 
 1.34497085e+00  2.43583540e+01 -2.02056694e-06 
 1.37598551e+00  2.43583540e+01 -2.06716067e-06 
 1.40771537e+00  2.43583540e+01 -2.11482884e-06 
 1.44017690e+00  2.43583540e+01 -2.16359622e-06 
 1.47338699e+00  2.43583540e+01 -2.21348816e-06 
 1.50736290e+00  2.43583540e+01 -2.26453060e-06 
 1.54212228e+00  2.43583540e+01 -2.31675007e-06 
 1.57768320e+00  2.43583540e+01 -2.37017370e-06 
 1.61406415e+00  2.43583540e+01 -2.42482926e-06 
 1.65128404e+00  2.43583540e+01 -2.48074517e-06 
 1.68936220e+00  2.43583540e+01 -2.53795048e-06 
 1.72831844e+00  2.43583540e+01 -2.59647494e-06 
 1.76817299e+00  2.43583540e+01 -2.65634895e-06 
 1.80894658e+00  2.43583540e+01 -2.71760364e-06 
 1.85066040e+00  2.43583540e+01 -2.78027084e-06 
 1.89333613e+00  2.43583540e+01 -2.84438314e-06 
 1.93699595e+00  2.43583540e+01 -2.90997384e-06 
 1.98166255e+00  2.43583540e+01 -2.97707705e-06 
 2.02735916e+00  2.43583540e+01 -3.04572765e-06 
 2.07410951e+00  2.43583540e+01 -3.11596130e-06 
 2.12193792e+00  2.43583540e+01 -3.18781453e-06 
 2.17086923e+00  2.43583540e+01 -3.26132467e-06 
 2.22092889e+00  2.43583540e+01 -3.33652994e-06 
 2.27214291e+00  2.43583540e+01 -3.41346941e-06 
 2.32453791e+00  2.43583540e+01 -3.49218310e-06 
 2.37814113e+00  2.43583540e+01 -3.57271190e-06 
 2.43298042e+00  2.43583540e+01 -3.65509767e-06 
 2.48908429e+00  2.43583540e+01 -3.73938323e-06 
 2.54648190e+00  2.43583540e+01 -3.82561240e-06 
 2.60520309e+00  2.43583540e+01 -3.91382999e-06 
 2.66527837e+00  2.43583540e+01 -4.00408185e-06 
 2.72673897e+00  2.43583540e+01 -4.09641490e-06 
 2.78961683e+00  2.43583540e+01 -4.19087712e-06 
 2.85394464e+00  2.43583540e+01 -4.28751761e-06 
 2.91975583e+00  2.43583540e+01 -4.38638661e-06 
 2.98708461e+00  2.43583540e+01 -4.48753550e-06 
 3.05596598e+00  2.43583540e+01 -4.59101685e-06 
 3.12643573e+00  2.43583540e+01 -4.69688446e-06 
 3.19853049e+00  2.43583540e+01 -4.80519335e-06 
 3.27228774e+00  2.43583540e+01 -4.91599981e-06 
 3.34774581e+00  2.43583540e+01 -5.02936144e-06 
 3.42494392e+00  2.43583540e+01 -5.14533715e-06 
 3.50392221e+00  2.43583540e+01 -5.26398724e-06 
 3.58472171e+00  2.43583540e+01 -5.38537336e-06 
 3.66738442e+00  2.43583540e+01 -5.50955862e-06 
 3.75195331e+00  2.43583540e+01 -5.63660755e-06 
 3.83847234e+00  2.43583540e+01 -5.76658620e-06 
 3.92698648e+00  2.43583540e+01 -5.89956212e-06 
 4.01754173e+00  2.43583540e+01 -6.03560443e-06 
 4.11018515e+00  2.43583540e+01 -6.17478383e-06 
 4.20496491e+00  2.43583540e+01 -6.31717268e-06 
 4.30193027e+00  2.43583540e+01 -6.46284498e-06 
 4.40113162e+00  2.43583540e+01 -6.61187643e-06 
 4.50262052e+00  2.43583540e+01 -6.76434452e-06 
 4.60644974e+00  2.43583540e+01 -6.92032848e-06 
 4.71267322e+00  2.43583540e+01 -7.07990938e-06 
 4.82134619e+00  2.43583540e+01 -7.24317018e-06 
 4.93252513e+00  2.43583540e+01 -7.41019573e-06 
 5.04626783e+00  2.43583540e+01 -7.58107284e-06 
 5.16263340e+00  2.43583540e+01 -7.75589033e-06 
 5.28168234e+00  2.43583540e+01 -7.93473907e-06 
 5.40347650e+00  2.43583540e+01 -8.11771200e-06 
 5.52807921e+00  2.43583540e+01 -8.30490425e-06 
 5.65555523e+00  2.43583540e+01 -8.49641310e-06 
 5.78597080e+00  2.43583540e+01 -8.69233809e-06 
 5.91939372e+00  2.43583540e+01 -8.89278106e-06 
 6.05589334e+00  2.43583540e+01 -9.09784619e-06 
 6.19554061e+00  2.43583540e+01 -9.30764006e-06 
 6.33840810e+00  2.43583540e+01 -9.52227173e-06 
 6.48457008e+00  2.43583540e+01 -9.74185274e-06 
 6.63410251e+00  2.43583540e+01 -9.96649723e-06 
 6.78708313e+00  2.43583540e+01 -1.01963220e-05 
 6.94359143e+00  2.43583540e+01 -1.04314464e-05 
 7.10370877e+00  2.43583540e+01 -1.06719927e-05 
 7.26751838e+00  2.43583540e+01 -1.09180860e-05 
 7.43510539e+00  2.43583540e+01 -1.11698541e-05 
 7.60655691e+00  2.43583540e+01 -1.14274279e-05 
 7.78196206e+00  2.43583540e+01 -1.16909413e-05 
 7.96141200e+00  2.43583540e+01 -1.19605313e-05 
 8.14500001e+00  2.43583540e+01 -1.22363379e-05 
 8.33282151e+00  2.43583540e+01 -1.25185045e-05 
 8.52497412e+00  2.43583540e+01 -1.28071779e-05 
 8.72155772e+00  2.43583540e+01 -1.31025079e-05 
 8.92267449e+00  2.43583540e+01 -1.34046482e-05 
 9.12842895e+00  2.43583540e+01 -1.37137558e-05 
 9.33892805e+00  2.43583540e+01 -1.40299913e-05 
 9.55428121e+00  2.43583540e+01 -1.43535191e-05 
 9.77460036e+00  2.43583540e+01 -1.46845074e-05 
 1.00000000e+01  2.43583540e+01 -1.50231282e-05 
 1.02305973e+01  2.43583540e+01 -1.53695574e-05 
 1.04665121e+01  2.43583540e+01 -1.57239753e-05 
 1.07078670e+01  2.43583540e+01 -1.60865659e-05 
 1.09547876e+01  2.43583540e+01 -1.64575178e-05 
 1.12074020e+01  2.43583540e+01 -1.68370237e-05 
 1.14658417e+01  2.43583540e+01 -1.72252809e-05 
 1.17302409e+01  2.43583540e+01 -1.76224912e-05 
 1.20007371e+01  2.43583540e+01 -1.80288611e-05 
 1.22774708e+01  2.43583540e+01 -1.84446018e-05 
 1.25605860e+01  2.43583540e+01 -1.88699293e-05 
 1.28502297e+01  2.43583540e+01 -1.93050648e-05 
 1.31465525e+01  2.43583540e+01 -1.97502344e-05 
 1.34497085e+01  2.43583540e+01 -2.02056694e-05 
 1.37598551e+01  2.43583540e+01 -2.06716067e-05 
 1.40771537e+01  2.43583540e+01 -2.11482884e-05 
 1.44017690e+01  2.43583540e+01 -2.16359622e-05 
 1.47338699e+01  2.43583540e+01 -2.21348816e-05 
 1.50736290e+01  2.43583540e+01 -2.26453060e-05 
 1.54212228e+01  2.43583540e+01 -2.31675007e-05 
 1.57768320e+01  2.43583540e+01 -2.37017370e-05 
 1.61406415e+01  2.43583540e+01 -2.42482926e-05 
 1.65128404e+01  2.43583540e+01 -2.48074517e-05 
 1.68936220e+01  2.43583540e+01 -2.53795048e-05 
 1.72831844e+01  2.43583540e+01 -2.59647494e-05 
 1.76817299e+01  2.43583540e+01 -2.65634895e-05 
 1.80894658e+01  2.43583540e+01 -2.71760364e-05 
 1.85066040e+01  2.43583540e+01 -2.78027084e-05 
 1.89333613e+01  2.43583540e+01 -2.84438314e-05 
 1.93699595e+01  2.43583540e+01 -2.90997384e-05 
 1.98166255e+01  2.43583540e+01 -2.97707705e-05 
 2.02735916e+01  2.43583540e+01 -3.04572765e-05 
 2.07410951e+01  2.43583540e+01 -3.11596130e-05 
 2.12193792e+01  2.43583540e+01 -3.18781453e-05 
 2.17086923e+01  2.43583540e+01 -3.26132467e-05 
 2.22092889e+01  2.43583540e+01 -3.33652994e-05 
 2.27214291e+01  2.43583540e+01 -3.41346941e-05 
 2.32453791e+01  2.43583540e+01 -3.49218310e-05 
 2.37814113e+01  2.43583540e+01 -3.57271190e-05 
 2.43298042e+01  2.43583540e+01 -3.65509767e-05 
 2.48908429e+01  2.43583540e+01 -3.73938323e-05 
 2.54648190e+01  2.43583540e+01 -3.82561240e-05 
 2.60520309e+01  2.43583540e+01 -3.91382999e-05 
 2.66527837e+01  2.43583540e+01 -4.00408185e-05 
 2.72673897e+01  2.43583540e+01 -4.09641490e-05 
 2.78961683e+01  2.43583540e+01 -4.19087712e-05 
 2.85394464e+01  2.43583540e+01 -4.28751761e-05 
 2.91975583e+01  2.43583540e+01 -4.38638661e-05 
 2.98708461e+01  2.43583540e+01 -4.48753550e-05 
 3.05596598e+01  2.43583540e+01 -4.59101685e-05 
 3.12643573e+01  2.43583540e+01 -4.69688446e-05 
 3.19853049e+01  2.43583540e+01 -4.80519335e-05 
 3.27228774e+01  2.43583540e+01 -4.91599981e-05 
 3.34774581e+01  2.43583540e+01 -5.02936144e-05 
 3.42494392e+01  2.43583540e+01 -5.14533715e-05 
 3.50392221e+01  2.43583540e+01 -5.26398724e-05 
 3.58472171e+01  2.43583540e+01 -5.38537336e-05 
 3.66738442e+01  2.43583540e+01 -5.50955862e-05 
 3.75195331e+01  2.43583540e+01 -5.63660755e-05 
 3.83847234e+01  2.43583540e+01 -5.76658620e-05 
 3.92698648e+01  2.43583540e+01 -5.89956212e-05 
 4.01754173e+01  2.43583540e+01 -6.03560443e-05 
 4.11018515e+01  2.43583540e+01 -6.17478383e-05 
 4.20496491e+01  2.43583540e+01 -6.31717268e-05 
 4.30193027e+01  2.43583540e+01 -6.46284498e-05 
 4.40113162e+01  2.43583540e+01 -6.61187643e-05 
 4.50262052e+01  2.43583540e+01 -6.76434452e-05 
 4.60644974e+01  2.43583540e+01 -6.92032848e-05 
 4.71267322e+01  2.43583540e+01 -7.07990938e-05 
 4.82134619e+01  2.43583540e+01 -7.24317018e-05 
 4.93252513e+01  2.43583540e+01 -7.41019573e-05 
 5.04626783e+01  2.43583540e+01 -7.58107284e-05 
 5.16263340e+01  2.43583540e+01 -7.75589033e-05 
 5.28168234e+01  2.43583540e+01 -7.93473907e-05 
 5.40347650e+01  2.43583540e+01 -8.11771200e-05 
 5.52807921e+01  2.43583540e+01 -8.30490425e-05 
 5.65555523e+01  2.43583540e+01 -8.49641310e-05 
 5.78597080e+01  2.43583540e+01 -8.69233809e-05 
 5.91939372e+01  2.43583540e+01 -8.89278106e-05 
 6.05589334e+01  2.43583540e+01 -9.09784619e-05 
 6.19554061e+01  2.43583540e+01 -9.30764006e-05 
 6.33840810e+01  2.43583540e+01 -9.52227173e-05 
 6.48457008e+01  2.43583540e+01 -9.74185274e-05 
 6.63410251e+01  2.43583540e+01 -9.96649723e-05 
 6.78708313e+01  2.43583540e+01 -1.01963220e-04 
 6.94359143e+01  2.43583540e+01 -1.04314464e-04 
 7.10370877e+01  2.43583540e+01 -1.06719927e-04 
 7.26751838e+01  2.43583540e+01 -1.09180860e-04 
 7.43510539e+01  2.43583540e+01 -1.11698541e-04 
 7.60655691e+01  2.43583540e+01 -1.14274279e-04 
 7.78196206e+01  2.43583540e+01 -1.16909413e-04 
 7.96141200e+01  2.43583540e+01 -1.19605313e-04 
 8.14500001e+01  2.43583540e+01 -1.22363379e-04 
 8.33282151e+01  2.43583540e+01 -1.25185045e-04 
 8.52497412e+01  2.43583540e+01 -1.28071779e-04 
 8.72155772e+01  2.43583540e+01 -1.31025079e-04 
 8.92267449e+01  2.43583540e+01 -1.34046482e-04 
 9.12842895e+01  2.43583540e+01 -1.37137558e-04 
 9.33892805e+01  2.43583540e+01 -1.40299913e-04 
 9.55428121e+01  2.43583540e+01 -1.43535191e-04 
 9.77460036e+01  2.43583540e+01 -1.46845074e-04 
 1.00000000e+02  2.43583540e+01 -1.50231282e-04 
 1.02305973e+02  2.43583540e+01 -1.53695574e-04 
 1.04665121e+02  2.43583540e+01 -1.57239753e-04 
 1.07078670e+02  2.43583540e+01 -1.60865659e-04 
 1.09547876e+02  2.43583540e+01 -1.64575178e-04 
 1.12074020e+02  2.43583540e+01 -1.68370237e-04 
 1.14658417e+02  2.43583540e+01 -1.72252809e-04 
 1.17302409e+02  2.43583540e+01 -1.76224912e-04 
 1.20007371e+02  2.43583540e+01 -1.80288611e-04 
 1.22774708e+02  2.43583540e+01 -1.84446018e-04 
 1.25605860e+02  2.43583540e+01 -1.88699293e-04 
 1.28502297e+02  2.43583540e+01 -1.93050648e-04 
 1.31465525e+02  2.43583540e+01 -1.97502344e-04 
 1.34497085e+02  2.43583540e+01 -2.02056694e-04 
 1.37598551e+02  2.43583540e+01 -2.06716067e-04 
 1.40771537e+02  2.43583540e+01 -2.11482884e-04 
 1.44017690e+02  2.43583540e+01 -2.16359622e-04 
 1.47338699e+02  2.43583540e+01 -2.21348816e-04 
 1.50736290e+02  2.43583540e+01 -2.26453060e-04 
 1.54212228e+02  2.43583540e+01 -2.31675007e-04 
 1.57768320e+02  2.43583540e+01 -2.37017370e-04 
 1.61406415e+02  2.43583540e+01 -2.42482926e-04 
 1.65128404e+02  2.43583540e+01 -2.48074517e-04 
 1.68936220e+02  2.43583540e+01 -2.53795048e-04 
 1.72831844e+02  2.43583540e+01 -2.59647494e-04 
 1.76817299e+02  2.43583540e+01 -2.65634895e-04 
 1.80894658e+02  2.43583540e+01 -2.71760364e-04 
 1.85066040e+02  2.43583540e+01 -2.78027084e-04 
 1.89333613e+02  2.43583540e+01 -2.84438314e-04 
 1.93699595e+02  2.43583540e+01 -2.90997384e-04 
 1.98166255e+02  2.43583540e+01 -2.97707705e-04 
 2.02735916e+02  2.43583540e+01 -3.04572765e-04 
 2.07410951e+02  2.43583540e+01 -3.11596130e-04 
 2.12193792e+02  2.43583540e+01 -3.18781453e-04 
 2.17086923e+02  2.43583540e+01 -3.26132467e-04 
 2.22092889e+02  2.43583540e+01 -3.33652994e-04 
 2.27214291e+02  2.43583540e+01 -3.41346941e-04 
 2.32453791e+02  2.43583540e+01 -3.49218310e-04 
 2.37814113e+02  2.43583540e+01 -3.57271190e-04 
 2.43298042e+02  2.43583540e+01 -3.65509767e-04 
 2.48908429e+02  2.43583540e+01 -3.73938323e-04 
 2.54648190e+02  2.43583540e+01 -3.82561240e-04 
 2.60520309e+02  2.43583540e+01 -3.91382999e-04 
 2.66527837e+02  2.43583540e+01 -4.00408185e-04 
 2.72673897e+02  2.43583540e+01 -4.09641490e-04 
 2.78961683e+02  2.43583540e+01 -4.19087712e-04 
 2.85394464e+02  2.43583540e+01 -4.28751761e-04 
 2.91975583e+02  2.43583540e+01 -4.38638661e-04 
 2.98708461e+02  2.43583540e+01 -4.48753550e-04 
 3.05596598e+02  2.43583540e+01 -4.59101685e-04 
 3.12643573e+02  2.43583540e+01 -4.69688446e-04 
 3.19853049e+02  2.43583540e+01 -4.80519335e-04 
 3.27228774e+02  2.43583540e+01 -4.91599981e-04 
 3.34774581e+02  2.43583540e+01 -5.02936144e-04 
 3.42494392e+02  2.43583540e+01 -5.14533715e-04 
 3.50392221e+02  2.43583540e+01 -5.26398724e-04 
 3.58472171e+02  2.43583540e+01 -5.38537336e-04 
 3.66738442e+02  2.43583540e+01 -5.50955862e-04 
 3.75195331e+02  2.43583540e+01 -5.63660755e-04 
 3.83847234e+02  2.43583540e+01 -5.76658620e-04 
 3.92698648e+02  2.43583540e+01 -5.89956212e-04 
 4.01754173e+02  2.43583540e+01 -6.03560443e-04 
 4.11018515e+02  2.43583540e+01 -6.17478383e-04 
 4.20496491e+02  2.43583540e+01 -6.31717268e-04 
 4.30193027e+02  2.43583540e+01 -6.46284498e-04 
 4.40113162e+02  2.43583540e+01 -6.61187643e-04 
 4.50262052e+02  2.43583540e+01 -6.76434452e-04 
 4.60644974e+02  2.43583540e+01 -6.92032848e-04 
 4.71267322e+02  2.43583540e+01 -7.07990938e-04 
 4.82134619e+02  2.43583540e+01 -7.24317018e-04 
 4.93252513e+02  2.43583540e+01 -7.41019573e-04 
 5.04626783e+02  2.43583540e+01 -7.58107284e-04 
 5.16263340e+02  2.43583540e+01 -7.75589033e-04 
 5.28168234e+02  2.43583540e+01 -7.93473906e-04 
 5.40347650e+02  2.43583540e+01 -8.11771200e-04 
 5.52807921e+02  2.43583540e+01 -8.30490425e-04 
 5.65555523e+02  2.43583540e+01 -8.49641310e-04 
 5.78597080e+02  2.43583540e+01 -8.69233809e-04 
 5.91939372e+02  2.43583540e+01 -8.89278106e-04 
 6.05589334e+02  2.43583540e+01 -9.09784619e-04 
 6.19554061e+02  2.43583540e+01 -9.30764006e-04 
 6.33840810e+02  2.43583540e+01 -9.52227173e-04 
 6.48457008e+02  2.43583540e+01 -9.74185274e-04 
 6.63410251e+02  2.43583540e+01 -9.96649723e-04 
 6.78708313e+02  2.43583540e+01 -1.01963220e-03 
 6.94359143e+02  2.43583540e+01 -1.04314464e-03 
 7.10370877e+02  2.43583540e+01 -1.06719927e-03 
 7.26751838e+02  2.43583540e+01 -1.09180860e-03 
 7.43510539e+02  2.43583540e+01 -1.11698541e-03 
 7.60655691e+02  2.43583540e+01 -1.14274279e-03 
 7.78196206e+02  2.43583540e+01 -1.16909413e-03 
 7.96141200e+02  2.43583540e+01 -1.19605313e-03 
 8.14500001e+02  2.43583540e+01 -1.22363379e-03 
 8.33282151e+02  2.43583540e+01 -1.25185045e-03 
 8.52497412e+02  2.43583540e+01 -1.28071779e-03 
 8.72155772e+02  2.43583540e+01 -1.31025079e-03 
 8.92267449e+02  2.43583540e+01 -1.34046482e-03 
 9.12842895e+02  2.43583540e+01 -1.37137558e-03 
 9.33892805e+02  2.43583540e+01 -1.40299913e-03 
 9.55428121e+02  2.43583540e+01 -1.43535191e-03 
 9.77460036e+02  2.43583540e+01 -1.46845074e-03 
 1.00000000e+03  2.43583540e+01 -1.50231282e-03 
 1.02305973e+03  2.43583540e+01 -1.53695574e-03 
 1.04665121e+03  2.43583540e+01 -1.57239753e-03 
 1.07078670e+03  2.43583540e+01 -1.60865659e-03 
 1.09547876e+03  2.43583540e+01 -1.64575178e-03 
 1.12074020e+03  2.43583540e+01 -1.68370237e-03 
 1.14658417e+03  2.43583540e+01 -1.72252809e-03 
 1.17302409e+03  2.43583540e+01 -1.76224912e-03 
 1.20007371e+03  2.43583540e+01 -1.80288611e-03 
 1.22774708e+03  2.43583540e+01 -1.84446018e-03 
 1.25605860e+03  2.43583540e+01 -1.88699293e-03 
 1.28502297e+03  2.43583540e+01 -1.93050648e-03 
 1.31465525e+03  2.43583540e+01 -1.97502344e-03 
 1.34497085e+03  2.43583540e+01 -2.02056694e-03 
 1.37598551e+03  2.43583540e+01 -2.06716067e-03 
 1.40771537e+03  2.43583540e+01 -2.11482884e-03 
 1.44017690e+03  2.43583540e+01 -2.16359622e-03 
 1.47338699e+03  2.43583540e+01 -2.21348816e-03 
 1.50736290e+03  2.43583540e+01 -2.26453060e-03 
 1.54212228e+03  2.43583540e+01 -2.31675007e-03 
 1.57768320e+03  2.43583540e+01 -2.37017370e-03 
 1.61406415e+03  2.43583540e+01 -2.42482926e-03 
 1.65128404e+03  2.43583540e+01 -2.48074517e-03 
 1.68936220e+03  2.43583540e+01 -2.53795048e-03 
 1.72831844e+03  2.43583540e+01 -2.59647493e-03 
 1.76817299e+03  2.43583540e+01 -2.65634895e-03 
 1.80894658e+03  2.43583540e+01 -2.71760363e-03 
 1.85066040e+03  2.43583540e+01 -2.78027084e-03 
 1.89333613e+03  2.43583540e+01 -2.84438313e-03 
 1.93699595e+03  2.43583540e+01 -2.90997384e-03 
 1.98166255e+03  2.43583540e+01 -2.97707705e-03 
 2.02735916e+03  2.43583540e+01 -3.04572764e-03 
 2.07410951e+03  2.43583540e+01 -3.11596130e-03 
 2.12193792e+03  2.43583540e+01 -3.18781453e-03 
 2.17086923e+03  2.43583540e+01 -3.26132467e-03 
 2.22092889e+03  2.43583540e+01 -3.33652993e-03 
 2.27214291e+03  2.43583540e+01 -3.41346941e-03 
 2.32453791e+03  2.43583540e+01 -3.49218309e-03 
 2.37814113e+03  2.43583540e+01 -3.57271189e-03 
 2.43298042e+03  2.43583540e+01 -3.65509766e-03 
 2.48908429e+03  2.43583540e+01 -3.73938323e-03 
 2.54648190e+03  2.43583540e+01 -3.82561239e-03 
 2.60520309e+03  2.43583540e+01 -3.91382998e-03 
 2.66527837e+03  2.43583540e+01 -4.00408184e-03 
 2.72673897e+03  2.43583540e+01 -4.09641489e-03 
 2.78961683e+03  2.43583540e+01 -4.19087711e-03 
 2.85394464e+03  2.43583540e+01 -4.28751760e-03 
 2.91975583e+03  2.43583540e+01 -4.38638660e-03 
 2.98708461e+03  2.43583540e+01 -4.48753549e-03 
 3.05596598e+03  2.43583540e+01 -4.59101685e-03 
 3.12643573e+03  2.43583540e+01 -4.69688446e-03 
 3.19853049e+03  2.43583540e+01 -4.80519334e-03 
 3.27228774e+03  2.43583540e+01 -4.91599980e-03 
 3.34774581e+03  2.43583540e+01 -5.02936143e-03 
 3.42494392e+03  2.43583540e+01 -5.14533714e-03 
 3.50392221e+03  2.43583540e+01 -5.26398723e-03 
 3.58472171e+03  2.43583540e+01 -5.38537335e-03 
 3.66738442e+03  2.43583540e+01 -5.50955860e-03 
 3.75195331e+03  2.43583540e+01 -5.63660754e-03 
 3.83847234e+03  2.43583540e+01 -5.76658618e-03 
 3.92698648e+03  2.43583540e+01 -5.89956210e-03 
 4.01754173e+03  2.43583540e+01 -6.03560441e-03 
 4.11018515e+03  2.43583540e+01 -6.17478382e-03 
 4.20496491e+03  2.43583540e+01 -6.31717266e-03 
 4.30193027e+03  2.43583540e+01 -6.46284496e-03 
 4.40113162e+03  2.43583540e+01 -6.61187641e-03 
 4.50262052e+03  2.43583540e+01 -6.76434450e-03 
 4.60644974e+03  2.43583540e+01 -6.92032845e-03 
 4.71267322e+03  2.43583540e+01 -7.07990936e-03 
 4.82134619e+03  2.43583540e+01 -7.24317015e-03 
 4.93252513e+03  2.43583540e+01 -7.41019570e-03 
 5.04626783e+03  2.43583540e+01 -7.58107281e-03 
 5.16263340e+03  2.43583540e+01 -7.75589030e-03 
 5.28168234e+03  2.43583540e+01 -7.93473903e-03 
 5.40347650e+03  2.43583540e+01 -8.11771197e-03 
 5.52807921e+03  2.43583540e+01 -8.30490421e-03 
 5.65555523e+03  2.43583540e+01 -8.49641306e-03 
 5.78597080e+03  2.43583540e+01 -8.69233804e-03 
 5.91939372e+03  2.43583540e+01 -8.89278101e-03 
 6.05589334e+03  2.43583540e+01 -9.09784613e-03 
 6.19554061e+03  2.43583540e+01 -9.30764000e-03 
 6.33840810e+03  2.43583539e+01 -9.52227167e-03 
 6.48457008e+03  2.43583539e+01 -9.74185268e-03 
 6.63410251e+03  2.43583539e+01 -9.96649716e-03 
 6.78708313e+03  2.43583539e+01 -1.01963219e-02 
 6.94359143e+03  2.43583539e+01 -1.04314463e-02 
 7.10370877e+03  2.43583539e+01 -1.06719926e-02 
 7.26751838e+03  2.43583539e+01 -1.09180859e-02 
 7.43510539e+03  2.43583539e+01 -1.11698540e-02 
 7.60655691e+03  2.43583539e+01 -1.14274278e-02 
 7.78196206e+03  2.43583539e+01 -1.16909412e-02 
 7.96141200e+03  2.43583539e+01 -1.19605312e-02 
 8.14500001e+03  2.43583539e+01 -1.22363378e-02 
 8.33282151e+03  2.43583539e+01 -1.25185044e-02 
 8.52497412e+03  2.43583539e+01 -1.28071777e-02 
 8.72155772e+03  2.43583539e+01 -1.31025078e-02 
 8.92267449e+03  2.43583539e+01 -1.34046481e-02 
 9.12842895e+03  2.43583538e+01 -1.37137556e-02 
 9.33892805e+03  2.43583538e+01 -1.40299911e-02 
 9.55428121e+03  2.43583538e+01 -1.43535189e-02 
 9.77460036e+03  2.43583538e+01 -1.46845072e-02 
 1.00000000e+04  2.43583538e+01 -1.50231279e-02 
 1.02305973e+04  2.43583538e+01 -1.53695572e-02 
 1.04665121e+04  2.43583538e+01 -1.57239750e-02 
 1.07078670e+04  2.43583538e+01 -1.60865656e-02 
 1.09547876e+04  2.43583538e+01 -1.64575175e-02 
 1.12074020e+04  2.43583537e+01 -1.68370233e-02 
 1.14658417e+04  2.43583537e+01 -1.72252805e-02 
 1.17302409e+04  2.43583537e+01 -1.76224908e-02 
 1.20007371e+04  2.43583537e+01 -1.80288607e-02 
 1.22774708e+04  2.43583537e+01 -1.84446013e-02 
 1.25605860e+04  2.43583537e+01 -1.88699288e-02 
 1.28502297e+04  2.43583537e+01 -1.93050643e-02 
 1.31465525e+04  2.43583536e+01 -1.97502338e-02 
 1.34497085e+04  2.43583536e+01 -2.02056689e-02 
 1.37598551e+04  2.43583536e+01 -2.06716061e-02 
 1.40771537e+04  2.43583536e+01 -2.11482877e-02 
 1.44017690e+04  2.43583536e+01 -2.16359615e-02 
 1.47338699e+04  2.43583535e+01 -2.21348809e-02 
 1.50736290e+04  2.43583535e+01 -2.26453052e-02 
 1.54212228e+04  2.43583535e+01 -2.31674998e-02 
 1.57768320e+04  2.43583535e+01 -2.37017360e-02 
 1.61406415e+04  2.43583534e+01 -2.42482916e-02 
 1.65128404e+04  2.43583534e+01 -2.48074506e-02 
 1.68936220e+04  2.43583534e+01 -2.53795037e-02 
 1.72831844e+04  2.43583533e+01 -2.59647481e-02 
 1.76817299e+04  2.43583533e+01 -2.65634882e-02 
 1.80894658e+04  2.43583533e+01 -2.71760350e-02 
 1.85066040e+04  2.43583532e+01 -2.78027069e-02 
 1.89333613e+04  2.43583532e+01 -2.84438297e-02 
 1.93699595e+04  2.43583532e+01 -2.90997367e-02 
 1.98166255e+04  2.43583531e+01 -2.97707687e-02 
 2.02735916e+04  2.43583531e+01 -3.04572745e-02 
 2.07410951e+04  2.43583530e+01 -3.11596109e-02 
 2.12193792e+04  2.43583530e+01 -3.18781430e-02 
 2.17086923e+04  2.43583529e+01 -3.26132443e-02 
 2.22092889e+04  2.43583529e+01 -3.33652968e-02 
 2.27214291e+04  2.43583528e+01 -3.41346914e-02 
 2.32453791e+04  2.43583528e+01 -3.49218280e-02 
 2.37814113e+04  2.43583527e+01 -3.57271158e-02 
 2.43298042e+04  2.43583527e+01 -3.65509733e-02 
 2.48908429e+04  2.43583526e+01 -3.73938287e-02 
 2.54648190e+04  2.43583525e+01 -3.82561201e-02 
 2.60520309e+04  2.43583524e+01 -3.91382957e-02 
 2.66527837e+04  2.43583524e+01 -4.00408140e-02 
 2.72673897e+04  2.43583523e+01 -4.09641441e-02 
 2.78961683e+04  2.43583522e+01 -4.19087660e-02 
 2.85394464e+04  2.43583521e+01 -4.28751706e-02 
 2.91975583e+04  2.43583520e+01 -4.38638602e-02 
 2.98708461e+04  2.43583519e+01 -4.48753487e-02 
 3.05596598e+04  2.43583518e+01 -4.59101618e-02 
 3.12643573e+04  2.43583517e+01 -4.69688374e-02 
 3.19853049e+04  2.43583516e+01 -4.80519257e-02 
 3.27228774e+04  2.43583515e+01 -4.91599898e-02 
 3.34774581e+04  2.43583514e+01 -5.02936055e-02 
 3.42494392e+04  2.43583513e+01 -5.14533620e-02 
 3.50392221e+04  2.43583512e+01 -5.26398622e-02 
 3.58472171e+04  2.43583510e+01 -5.38537227e-02 
 3.66738442e+04  2.43583509e+01 -5.50955745e-02 
 3.75195331e+04  2.43583507e+01 -5.63660630e-02 
 3.83847234e+04  2.43583506e+01 -5.76658486e-02 
 3.92698648e+04  2.43583504e+01 -5.89956068e-02 
 4.01754173e+04  2.43583502e+01 -6.03560289e-02 
 4.11018515e+04  2.43583501e+01 -6.17478219e-02 
 4.20496491e+04  2.43583499e+01 -6.31717092e-02 
 4.30193027e+04  2.43583497e+01 -6.46284309e-02 
 4.40113162e+04  2.43583495e+01 -6.61187442e-02 
 4.50262052e+04  2.43583493e+01 -6.76434236e-02 
 4.60644974e+04  2.43583490e+01 -6.92032616e-02 
 4.71267322e+04  2.43583488e+01 -7.07990690e-02 
 4.82134619e+04  2.43583486e+01 -7.24316752e-02 
 4.93252513e+04  2.43583483e+01 -7.41019288e-02 
 5.04626783e+04  2.43583480e+01 -7.58106979e-02 
 5.16263340e+04  2.43583478e+01 -7.75588707e-02 
 5.28168234e+04  2.43583475e+01 -7.93473558e-02 
 5.40347650e+04  2.43583472e+01 -8.11770827e-02 
 5.52807921e+04  2.43583468e+01 -8.30490025e-02 
 5.65555523e+04  2.43583465e+01 -8.49640881e-02 
 5.78597080e+04  2.43583462e+01 -8.69233350e-02 
 5.91939372e+04  2.43583458e+01 -8.89277614e-02 
 6.05589334e+04  2.43583454e+01 -9.09784093e-02 
 6.19554061e+04  2.43583450e+01 -9.30763443e-02 
 6.33840810e+04  2.43583446e+01 -9.52226570e-02 
 6.48457008e+04  2.43583441e+01 -9.74184628e-02 
 6.63410251e+04  2.43583437e+01 -9.96649032e-02 
 6.78708313e+04  2.43583432e+01 -1.01963146e-01 
 6.94359143e+04  2.43583427e+01 -1.04314385e-01 
 7.10370877e+04  2.43583422e+01 -1.06719842e-01 
 7.26751838e+04  2.43583416e+01 -1.09180769e-01 
 7.43510539e+04  2.43583410e+01 -1.11698444e-01 
 7.60655691e+04  2.43583404e+01 -1.14274175e-01 
 7.78196206e+04  2.43583398e+01 -1.16909302e-01 
 7.96141200e+04  2.43583391e+01 -1.19605193e-01 
 8.14500001e+04  2.43583384e+01 -1.22363251e-01 
 8.33282151e+04  2.43583377e+01 -1.25184908e-01 
 8.52497412e+04  2.43583369e+01 -1.28071632e-01 
 8.72155772e+04  2.43583361e+01 -1.31024922e-01 
 8.92267449e+04  2.43583353e+01 -1.34046314e-01 
 9.12842895e+04  2.43583344e+01 -1.37137378e-01 
 9.33892805e+04  2.43583335e+01 -1.40299720e-01 
 9.55428121e+04  2.43583326e+01 -1.43534985e-01 
 9.77460036e+04  2.43583316e+01 -1.46844853e-01 
 1.00000000e+05  2.43583305e+01 -1.50231045e-01 
 1.02305973e+05  2.43583294e+01 -1.53695321e-01 
 1.04665121e+05  2.43583283e+01 -1.57239481e-01 
 1.07078670e+05  2.43583271e+01 -1.60865368e-01 
 1.09547876e+05  2.43583258e+01 -1.64574866e-01 
 1.12074020e+05  2.43583245e+01 -1.68369903e-01 
 1.14658417e+05  2.43583231e+01 -1.72252452e-01 
 1.17302409e+05  2.43583216e+01 -1.76224530e-01 
 1.20007371e+05  2.43583201e+01 -1.80288202e-01 
 1.22774708e+05  2.43583186e+01 -1.84445579e-01 
 1.25605860e+05  2.43583169e+01 -1.88698824e-01 
 1.28502297e+05  2.43583152e+01 -1.93050145e-01 
 1.31465525e+05  2.43583134e+01 -1.97501805e-01 
 1.34497085e+05  2.43583115e+01 -2.02056118e-01 
 1.37598551e+05  2.43583095e+01 -2.06715450e-01 
 1.40771537e+05  2.43583074e+01 -2.11482223e-01 
 1.44017690e+05  2.43583052e+01 -2.16358914e-01 
 1.47338699e+05  2.43583029e+01 -2.21348059e-01 
 1.50736290e+05  2.43583006e+01 -2.26452249e-01 
 1.54212228e+05  2.43582981e+01 -2.31674138e-01 
 1.57768320e+05  2.43582954e+01 -2.37016440e-01 
 1.61406415e+05  2.43582927e+01 -2.42481930e-01 
 1.65128404e+05  2.43582898e+01 -2.48073451e-01 
 1.68936220e+05  2.43582869e+01 -2.53793906e-01 
 1.72831844e+05  2.43582837e+01 -2.59646271e-01 
 1.76817299e+05  2.43582804e+01 -2.65633585e-01 
 1.80894658e+05  2.43582770e+01 -2.71758962e-01 
 1.85066040e+05  2.43582734e+01 -2.78025583e-01 
 1.89333613e+05  2.43582697e+01 -2.84436706e-01 
 1.93699595e+05  2.43582657e+01 -2.90995663e-01 
 1.98166255e+05  2.43582616e+01 -2.97705862e-01 
 2.02735916e+05  2.43582573e+01 -3.04570791e-01 
 2.07410951e+05  2.43582528e+01 -3.11594017e-01 
 2.12193792e+05  2.43582480e+01 -3.18779190e-01 
 2.17086923e+05  2.43582431e+01 -3.26130044e-01 
 2.22092889e+05  2.43582379e+01 -3.33650399e-01 
 2.27214291e+05  2.43582325e+01 -3.41344163e-01 
 2.32453791e+05  2.43582268e+01 -3.49215335e-01 
 2.37814113e+05  2.43582209e+01 -3.57268004e-01 
 2.43298042e+05  2.43582147e+01 -3.65506356e-01 
 2.48908429e+05  2.43582082e+01 -3.73934671e-01 
 2.54648190e+05  2.43582014e+01 -3.82557329e-01 
 2.60520309e+05  2.43581943e+01 -3.91378811e-01 
 2.66527837e+05  2.43581868e+01 -4.00403701e-01 
 2.72673897e+05  2.43581790e+01 -4.09636688e-01 
 2.78961683e+05  2.43581708e+01 -4.19082570e-01 
 2.85394464e+05  2.43581623e+01 -4.28746256e-01 
 2.91975583e+05  2.43581533e+01 -4.38632766e-01 
 2.98708461e+05  2.43581440e+01 -4.48747237e-01 
 3.05596598e+05  2.43581342e+01 -4.59094926e-01 
 3.12643573e+05  2.43581239e+01 -4.69681209e-01 
 3.19853049e+05  2.43581132e+01 -4.80511585e-01 
 3.27228774e+05  2.43581020e+01 -4.91591682e-01 
 3.34774581e+05  2.43580902e+01 -5.02927258e-01 
 3.42494392e+05  2.43580779e+01 -5.14524200e-01 
 3.50392221e+05  2.43580650e+01 -5.26388535e-01 
 3.58472171e+05  2.43580515e+01 -5.38526426e-01 
 3.66738442e+05  2.43580374e+01 -5.50944180e-01 
 3.75195331e+05  2.43580226e+01 -5.63648246e-01 
 3.83847234e+05  2.43580072e+01 -5.76645225e-01 
 3.92698648e+05  2.43579910e+01 -5.89941869e-01 
 4.01754173e+05  2.43579741e+01 -6.03545085e-01 
 4.11018515e+05  2.43579563e+01 -6.17461939e-01 
 4.20496491e+05  2.43579378e+01 -6.31699659e-01 
 4.30193027e+05  2.43579184e+01 -6.46265643e-01 
 4.40113162e+05  2.43578980e+01 -6.61167454e-01 
 4.50262052e+05  2.43578768e+01 -6.76412833e-01 
 4.60644974e+05  2.43578545e+01 -6.92009699e-01 
 4.71267322e+05  2.43578312e+01 -7.07966151e-01 
 4.82134619e+05  2.43578068e+01 -7.24290476e-01 
 4.93252513e+05  2.43577813e+01 -7.40991152e-01 
 5.04626783e+05  2.43577546e+01 -7.58076851e-01 
 5.16263340e+05  2.43577266e+01 -7.75556446e-01 
 5.28168234e+05  2.43576973e+01 -7.93439013e-01 
 5.40347650e+05  2.43576667e+01 -8.11733837e-01 
 5.52807921e+05  2.43576346e+01 -8.30450417e-01 
 5.65555523e+05  2.43576011e+01 -8.49598470e-01 
 5.78597080e+05  2.43575660e+01 -8.69187937e-01 
 5.91939372e+05  2.43575292e+01 -8.89228987e-01 
 6.05589334e+05  2.43574907e+01 -9.09732023e-01 
 6.19554061e+05  2.43574505e+01 -9.30707688e-01 
 6.33840810e+05  2.43574083e+01 -9.52166868e-01 
 6.48457008e+05  2.43573642e+01 -9.74120701e-01 
 6.63410251e+05  2.43573180e+01 -9.96580580e-01 
 6.78708313e+05  2.43572697e+01 -1.01955816e+00 
 6.94359143e+05  2.43572191e+01 -1.04306536e+00 
 7.10370877e+05  2.43571662e+01 -1.06711438e+00 
 7.26751838e+05  2.43571108e+01 -1.09171770e+00 
 7.43510539e+05  2.43570528e+01 -1.11688808e+00 
 7.60655691e+05  2.43569921e+01 -1.14263857e+00 
 7.78196206e+05  2.43569285e+01 -1.16898254e+00 
 7.96141200e+05  2.43568621e+01 -1.19593363e+00 
 8.14500001e+05  2.43567925e+01 -1.22350584e+00 
 8.33282151e+05  2.43567196e+01 -1.25171345e+00 
 8.52497412e+05  2.43566434e+01 -1.28057108e+00 
 8.72155772e+05  2.43565636e+01 -1.31009371e+00 
 8.92267449e+05  2.43564801e+01 -1.34029662e+00 
 9.12842895e+05  2.43563927e+01 -1.37119547e+00 
 9.33892805e+05  2.43563012e+01 -1.40280628e+00 
 9.55428121e+05  2.43562055e+01 -1.43514541e+00 
 9.77460036e+05  2.43561053e+01 -1.46822962e+00 
 1.00000000e+06  2.43560004e+01 -1.50207605e+00 
 1.02305973e+06  2.43558906e+01 -1.53670222e+00 
 1.04665121e+06  2.43557757e+01 -1.57212606e+00 
 1.07078670e+06  2.43556555e+01 -1.60836591e+00 
 1.09547876e+06  2.43555296e+01 -1.64544053e+00 
 1.12074020e+06  2.43553979e+01 -1.68336909e+00 
 1.14658417e+06  2.43552601e+01 -1.72217123e+00 
 1.17302409e+06  2.43551158e+01 -1.76186701e+00 
 1.20007371e+06  2.43549648e+01 -1.80247696e+00 
 1.22774708e+06  2.43548067e+01 -1.84402207e+00 
 1.25605860e+06  2.43546413e+01 -1.88652382e+00 
 1.28502297e+06  2.43544682e+01 -1.93000418e+00 
 1.31465525e+06  2.43542870e+01 -1.97448559e+00 
 1.34497085e+06  2.43540973e+01 -2.01999104e+00 
 1.37598551e+06  2.43538988e+01 -2.06654402e+00 
 1.40771537e+06  2.43536911e+01 -2.11416855e+00 
 1.44017690e+06  2.43534737e+01 -2.16288922e+00 
 1.47338699e+06  2.43532462e+01 -2.21273114e+00 
 1.50736290e+06  2.43530080e+01 -2.26372001e+00 
 1.54212228e+06  2.43527588e+01 -2.31588213e+00 
 1.57768320e+06  2.43524979e+01 -2.36924435e+00 
 1.61406415e+06  2.43522249e+01 -2.42383417e+00 
 1.65128404e+06  2.43519392e+01 -2.47967968e+00 
 1.68936220e+06  2.43516401e+01 -2.53680962e+00 
 1.72831844e+06  2.43513272e+01 -2.59525337e+00 
 1.76817299e+06  2.43509996e+01 -2.65504096e+00 
 1.80894658e+06  2.43506568e+01 -2.71620313e+00 
 1.85066040e+06  2.43502981e+01 -2.77877127e+00 
 1.89333613e+06  2.43499226e+01 -2.84277750e+00 
 1.93699595e+06  2.43495297e+01 -2.90825464e+00 
 1.98166255e+06  2.43491184e+01 -2.97523626e+00 
 2.02735916e+06  2.43486880e+01 -3.04375666e+00 
 2.07410951e+06  2.43482376e+01 -3.11385093e+00 
 2.12193792e+06  2.43477662e+01 -3.18555491e+00 
 2.17086923e+06  2.43472729e+01 -3.25890527e+00 
 2.22092889e+06  2.43467566e+01 -3.33393945e+00 
 2.27214291e+06  2.43462163e+01 -3.41069576e+00 
 2.32453791e+06  2.43456509e+01 -3.48921334e+00 
 2.37814113e+06  2.43450592e+01 -3.56953217e+00 
 2.43298042e+06  2.43444399e+01 -3.65169315e+00 
 2.48908429e+06  2.43437919e+01 -3.73573804e+00 
 2.54648190e+06  2.43431137e+01 -3.82170954e+00 
 2.60520309e+06  2.43424040e+01 -3.90965126e+00 
 2.66527837e+06  2.43416613e+01 -3.99960778e+00 
 2.72673897e+06  2.43408841e+01 -4.09162463e+00 
 2.78961683e+06  2.43400708e+01 -4.18574833e+00 
 2.85394464e+06  2.43392196e+01 -4.28202641e+00 
 2.91975583e+06  2.43383290e+01 -4.38050742e+00 
 2.98708461e+06  2.43373970e+01 -4.48124094e+00 
 3.05596598e+06  2.43364217e+01 -4.58427762e+00 
 3.12643573e+06  2.43354012e+01 -4.68966918e+00 
 3.19853049e+06  2.43343333e+01 -4.79746845e+00 
 3.27228774e+06  2.43332159e+01 -4.90772935e+00 
 3.34774581e+06  2.43320466e+01 -5.02050695e+00 
 3.42494392e+06  2.43308231e+01 -5.13585747e+00 
 3.50392221e+06  2.43295429e+01 -5.25383829e+00 
 3.58472171e+06  2.43282034e+01 -5.37450799e+00 
 3.66738442e+06  2.43268018e+01 -5.49792634e+00 
 3.75195331e+06  2.43253353e+01 -5.62415435e+00 
 3.83847234e+06  2.43238009e+01 -5.75325427e+00 
 3.92698648e+06  2.43221954e+01 -5.88528959e+00 
 4.01754173e+06  2.43205157e+01 -6.02032510e+00 
 4.11018515e+06  2.43187583e+01 -6.15842685e+00 
 4.20496491e+06  2.43169197e+01 -6.29966223e+00 
 4.30193027e+06  2.43149961e+01 -6.44409994e+00 
 4.40113162e+06  2.43129837e+01 -6.59181001e+00 
 4.50262052e+06  2.43108784e+01 -6.74286383e+00 
 4.60644974e+06  2.43086759e+01 -6.89733415e+00 
 4.71267322e+06  2.43063718e+01 -7.05529510e+00 
 4.82134619e+06  2.43039615e+01 -7.21682220e+00 
 4.93252513e+06  2.43014402e+01 -7.38199237e+00 
 5.04626783e+06  2.42988027e+01 -7.55088393e+00 
 5.16263340e+06  2.42960439e+01 -7.72357662e+00 
 5.28168234e+06  2.42931583e+01 -7.90015160e+00 
 5.40347650e+06  2.42901400e+01 -8.08069147e+00 
 5.52807921e+06  2.42869830e+01 -8.26528023e+00 
 5.65555523e+06  2.42836812e+01 -8.45400336e+00 
 5.78597080e+06  2.42802280e+01 -8.64694771e+00 
 5.91939372e+06  2.42766166e+01 -8.84420162e+00 
 6.05589334e+06  2.42728398e+01 -9.04585480e+00 
 6.19554061e+06  2.42688903e+01 -9.25199841e+00 
 6.33840810e+06  2.42647602e+01 -9.46272500e+00 
 6.48457008e+06  2.42604416e+01 -9.67812852e+00 
 6.63410251e+06  2.42559259e+01 -9.89830429e+00 
 6.78708313e+06  2.42512045e+01 -1.01233490e+01 
 6.94359143e+06  2.42462682e+01 -1.03533606e+01 
 7.10370877e+06  2.42411075e+01 -1.05884385e+01 
 7.26751838e+06  2.42357124e+01 -1.08286833e+01 
 7.43510539e+06  2.42300726e+01 -1.10741967e+01 
 7.60655691e+06  2.42241773e+01 -1.13250818e+01 
 7.78196206e+06  2.42180154e+01 -1.15814429e+01 
 7.96141200e+06  2.42115751e+01 -1.18433851e+01 
 8.14500001e+06  2.42048442e+01 -1.21110149e+01 
 8.33282151e+06  2.41978103e+01 -1.23844396e+01 
 8.52497412e+06  2.41904601e+01 -1.26637674e+01 
 8.72155772e+06  2.41827799e+01 -1.29491074e+01 
 8.92267449e+06  2.41747556e+01 -1.32405696e+01 
 9.12842895e+06  2.41663724e+01 -1.35382644e+01 
 9.33892805e+06  2.41576150e+01 -1.38423030e+01 
 9.55428121e+06  2.41484674e+01 -1.41527971e+01 
 9.77460036e+06  2.41389131e+01 -1.44698585e+01 
 1.00000000e+07  2.41289349e+01 -1.47935997e+01 
 1.02305973e+07  2.41185151e+01 -1.51241329e+01 
 1.04665121e+07  2.41076353e+01 -1.54615705e+01 
 1.07078670e+07  2.40962762e+01 -1.58060247e+01 
 1.09547876e+07  2.40844181e+01 -1.61576074e+01 
 1.12074020e+07  2.40720405e+01 -1.65164300e+01 
 1.14658417e+07  2.40591221e+01 -1.68826032e+01 
 1.17302409e+07  2.40456410e+01 -1.72562370e+01 
 1.20007371e+07  2.40315744e+01 -1.76374402e+01 
 1.22774708e+07  2.40168990e+01 -1.80263203e+01 
 1.25605860e+07  2.40015905e+01 -1.84229836e+01 
 1.28502297e+07  2.39856238e+01 -1.88275344e+01 
 1.31465525e+07  2.39689733e+01 -1.92400752e+01 
 1.34497085e+07  2.39516122e+01 -1.96607063e+01 
 1.37598551e+07  2.39335132e+01 -2.00895254e+01 
 1.40771537e+07  2.39146481e+01 -2.05266277e+01 
 1.44017690e+07  2.38949879e+01 -2.09721050e+01 
 1.47338699e+07  2.38745028e+01 -2.14260461e+01 
 1.50736290e+07  2.38531622e+01 -2.18885361e+01 
 1.54212228e+07  2.38309347e+01 -2.23596560e+01 
 1.57768320e+07  2.38077880e+01 -2.28394825e+01 
 1.61406415e+07  2.37836893e+01 -2.33280880e+01 
 1.65128404e+07  2.37586047e+01 -2.38255396e+01 
 1.68936220e+07  2.37324998e+01 -2.43318993e+01 
 1.72831844e+07  2.37053394e+01 -2.48472232e+01 
 1.76817299e+07  2.36770874e+01 -2.53715617e+01 
 1.80894658e+07  2.36477074e+01 -2.59049586e+01 
 1.85066040e+07  2.36171620e+01 -2.64474510e+01 
 1.89333613e+07  2.35854135e+01 -2.69990691e+01 
 1.93699595e+07  2.35524233e+01 -2.75598353e+01 
 1.98166255e+07  2.35181525e+01 -2.81297646e+01 
 2.02735916e+07  2.34825617e+01 -2.87088636e+01 
 2.07410951e+07  2.34456111e+01 -2.92971306e+01 
 2.12193792e+07  2.34072603e+01 -2.98945549e+01 
 2.17086923e+07  2.33674690e+01 -3.05011169e+01 
 2.22092889e+07  2.33261963e+01 -3.11167875e+01 
 2.27214291e+07  2.32834013e+01 -3.17415282e+01 
 2.32453791e+07  2.32390430e+01 -3.23752903e+01 
 2.37814113e+07  2.31930803e+01 -3.30180152e+01 
 2.43298042e+07  2.31454725e+01 -3.36696338e+01 
 2.48908429e+07  2.30961786e+01 -3.43300670e+01 
 2.54648190e+07  2.30451582e+01 -3.49992246e+01 
 2.60520309e+07  2.29923710e+01 -3.56770061e+01 
 2.66527837e+07  2.29377775e+01 -3.63633002e+01 
 2.72673897e+07  2.28813383e+01 -3.70579849e+01 
 2.78961683e+07  2.28230151e+01 -3.77609278e+01 
 2.85394464e+07  2.27627700e+01 -3.84719855e+01 
 2.91975583e+07  2.27005661e+01 -3.91910047e+01 
 2.98708461e+07  2.26363676e+01 -3.99178216e+01 
 3.05596598e+07  2.25701395e+01 -4.06522625e+01 
 3.12643573e+07  2.25018482e+01 -4.13941442e+01 
 3.19853049e+07  2.24314612e+01 -4.21432739e+01 
 3.27228774e+07  2.23589476e+01 -4.28994504e+01 
 3.34774581e+07  2.22842777e+01 -4.36624635e+01 
 3.42494392e+07  2.22074236e+01 -4.44320957e+01 
 3.50392221e+07  2.21283589e+01 -4.52081215e+01 
 3.58472171e+07  2.20470589e+01 -4.59903093e+01 
 3.66738442e+07  2.19635010e+01 -4.67784210e+01 
 3.75195331e+07  2.18776640e+01 -4.75722134e+01 
 3.83847234e+07  2.17895291e+01 -4.83714383e+01 
 3.92698648e+07  2.16990793e+01 -4.91758440e+01 
 4.01754173e+07  2.16062995e+01 -4.99851757e+01 
 4.11018515e+07  2.15111769e+01 -5.07991762e+01 
 4.20496491e+07  2.14137008e+01 -5.16175870e+01 
 4.30193027e+07  2.13138624e+01 -5.24401493e+01 
 4.40113162e+07  2.12116554e+01 -5.32666043e+01 
 4.50262052e+07  2.11070752e+01 -5.40966950e+01 
 4.60644974e+07  2.10001196e+01 -5.49301662e+01 
 4.71267322e+07  2.08907885e+01 -5.57667657e+01 
 4.82134619e+07  2.07790837e+01 -5.66062456e+01 
 4.93252513e+07  2.06650091e+01 -5.74483623e+01 
 5.04626783e+07  2.05485707e+01 -5.82928782e+01 
 5.16263340e+07  2.04297762e+01 -5.91395620e+01 
 5.28168234e+07  2.03086354e+01 -5.99881894e+01 
 5.40347650e+07  2.01851595e+01 -6.08385442e+01 
 5.52807921e+07  2.00593618e+01 -6.16904189e+01 
 5.65555523e+07  1.99312569e+01 -6.25436149e+01 
 5.78597080e+07  1.98008609e+01 -6.33979437e+01 
 5.91939372e+07  1.96681916e+01 -6.42532273e+01 
 6.05589334e+07  1.95332676e+01 -6.51092983e+01 
 6.19554061e+07  1.93961092e+01 -6.59660009e+01 
 6.33840810e+07  1.92567372e+01 -6.68231910e+01 
 6.48457008e+07  1.91151738e+01 -6.76807362e+01 
 6.63410251e+07  1.89714418e+01 -6.85385169e+01 
 6.78708313e+07  1.88255647e+01 -6.93964256e+01 
 6.94359143e+07  1.86775666e+01 -7.02543678e+01 
 7.10370877e+07  1.85274719e+01 -7.11122616e+01 
 7.26751838e+07  1.83753056e+01 -7.19700377e+01 
 7.43510539e+07  1.82210927e+01 -7.28276400e+01 
 7.60655691e+07  1.80648582e+01 -7.36850248e+01 
 7.78196206e+07  1.79066273e+01 -7.45421611e+01 
 7.96141200e+07  1.77464248e+01 -7.53990302e+01 
 8.14500001e+07  1.75842754e+01 -7.62556258e+01 
 8.33282151e+07  1.74202035e+01 -7.71119534e+01 
 8.52497412e+07  1.72542327e+01 -7.79680301e+01 
 8.72155772e+07  1.70863863e+01 -7.88238845e+01 
 8.92267449e+07  1.69166868e+01 -7.96795558e+01 
 9.12842895e+07  1.67451560e+01 -8.05350941e+01 
 9.33892805e+07  1.65718148e+01 -8.13905592e+01 
 9.55428121e+07  1.63966831e+01 -8.22460208e+01 
 9.77460036e+07  1.62197801e+01 -8.31015573e+01 
 1.00000000e+08  1.60411235e+01 -8.39572562e+01 
 1.02305973e+08  1.58607300e+01 -8.48132126e+01 
 1.04665121e+08  1.56786154e+01 -8.56695294e+01 
 1.07078670e+08  1.54947938e+01 -8.65263160e+01 
 1.09547876e+08  1.53092782e+01 -8.73836886e+01 
 1.12074020e+08  1.51220803e+01 -8.82417686e+01 
 1.14658417e+08  1.49332104e+01 -8.91006830e+01 
 1.17302409e+08  1.47426772e+01 -8.99605627e+01 
 1.20007371e+08  1.45504882e+01 -9.08215429e+01 
 1.22774708e+08  1.43566494e+01 -9.16837618e+01 
 1.25605860e+08  1.41611651e+01 -9.25473600e+01 
 1.28502297e+08  1.39640384e+01 -9.34124801e+01 
 1.31465525e+08  1.37652707e+01 -9.42792660e+01 
 1.34497085e+08  1.35648621e+01 -9.51478621e+01 
 1.37598551e+08  1.33628110e+01 -9.60184128e+01 
 1.40771537e+08  1.31591145e+01 -9.68910616e+01 
 1.44017690e+08  1.29537682e+01 -9.77659509e+01 
 1.47338699e+08  1.27467662e+01 -9.86432208e+01 
 1.50736290e+08  1.25381013e+01 -9.95230090e+01 
 1.54212228e+08  1.23277649e+01 -1.00405450e+02 
 1.57768320e+08  1.21157470e+01 -1.01290674e+02 
 1.61406415e+08  1.19020364e+01 -1.02178806e+02 
 1.65128404e+08  1.16866208e+01 -1.03069969e+02 
 1.68936220e+08  1.14694863e+01 -1.03964276e+02 
 1.72831844e+08  1.12506185e+01 -1.04861837e+02 
 1.76817299e+08  1.10300014e+01 -1.05762755e+02 
 1.80894658e+08  1.08076183e+01 -1.06667122e+02 
 1.85066040e+08  1.05834516e+01 -1.07575028e+02 
 1.89333613e+08  1.03574830e+01 -1.08486550e+02 
 1.93699595e+08  1.01296931e+01 -1.09401758e+02 
 1.98166255e+08  9.90006237e+00 -1.10320714e+02 
 2.02735916e+08  9.66857041e+00 -1.11243467e+02 
 2.07410951e+08  9.43519654e+00 -1.12170060e+02 
 2.12193792e+08  9.19991975e+00 -1.13100524e+02 
 2.17086923e+08  8.96271887e+00 -1.14034879e+02 
 2.22092889e+08  8.72357260e+00 -1.14973135e+02 
 2.27214291e+08  8.48245972e+00 -1.15915291e+02 
 2.32453791e+08  8.23935917e+00 -1.16861335e+02 
 2.37814113e+08  7.99425020e+00 -1.17811243e+02 
 2.43298042e+08  7.74711247e+00 -1.18764981e+02 
 2.48908429e+08  7.49792619e+00 -1.19722504e+02 
 2.54648190e+08  7.24667228e+00 -1.20683755e+02 
 2.60520309e+08  6.99333247e+00 -1.21648665e+02 
 2.66527837e+08  6.73788942e+00 -1.22617157e+02 
 2.72673897e+08  6.48032692e+00 -1.23589142e+02 
 2.78961683e+08  6.22062993e+00 -1.24564519e+02 
 2.85394464e+08  5.95878477e+00 -1.25543181e+02 
 2.91975583e+08  5.69477922e+00 -1.26525008e+02 
 2.98708461e+08  5.42860264e+00 -1.27509873e+02 
 3.05596598e+08  5.16024611e+00 -1.28497639e+02 
 3.12643573e+08  4.88970249e+00 -1.29488162e+02 
 3.19853049e+08  4.61696658e+00 -1.30481291e+02 
 3.27228774e+08  4.34203519e+00 -1.31476867e+02 
 3.34774581e+08  4.06490723e+00 -1.32474727e+02 
 3.42494392e+08  3.78558383e+00 -1.33474701e+02 
 3.50392221e+08  3.50406833e+00 -1.34476614e+02 
 3.58472171e+08  3.22036647e+00 -1.35480290e+02 
 3.66738442e+08  2.93448632e+00 -1.36485549e+02 
 3.75195331e+08  2.64643843e+00 -1.37492207e+02 
 3.83847234e+08  2.35623583e+00 -1.38500080e+02 
 3.92698648e+08  2.06389403e+00 -1.39508986e+02 
 4.01754173e+08  1.76943109e+00 -1.40518739e+02 
 4.11018515e+08  1.47286761e+00 -1.41529159e+02 
 4.20496491e+08  1.17422671e+00 -1.42540065e+02 
 4.30193027e+08  8.73534065e-01 -1.43551279e+02 
 4.40113162e+08  5.70817848e-01 -1.44562628e+02 
 4.50262052e+08  2.66108718e-01 -1.45573943e+02 
 4.60644974e+08 -4.05602134e-02 -1.46585061e+02 
 4.71267322e+08 -3.49153430e-01 -1.47595822e+02 
 4.82134619e+08 -6.59633059e-01 -1.48606076e+02 
 4.93252513e+08 -9.71958930e-01 -1.49615678e+02 
 5.04626783e+08 -1.28608864e+00 -1.50624490e+02 
 5.16263340e+08 -1.60197761e+00 -1.51632383e+02 
 5.28168234e+08 -1.91957919e+00 -1.52639238e+02 
 5.40347650e+08 -2.23884470e+00 -1.53644942e+02 
 5.52807921e+08 -2.55972353e+00 -1.54649391e+02 
 5.65555523e+08 -2.88216325e+00 -1.55652493e+02 
 5.78597080e+08 -3.20610965e+00 -1.56654163e+02 
 5.91939372e+08 -3.53150685e+00 -1.57654327e+02 
 6.05589334e+08 -3.85829741e+00 -1.58652920e+02 
 6.19554061e+08 -4.18642238e+00 -1.59649885e+02 
 6.33840810e+08 -4.51582145e+00 -1.60645177e+02 
 6.48457008e+08 -4.84643298e+00 -1.61638760e+02 
 6.63410251e+08 -5.17819411e+00 -1.62630605e+02 
 6.78708313e+08 -5.51104086e+00 -1.63620693e+02 
 6.94359143e+08 -5.84490824e+00 -1.64609015e+02 
 7.10370877e+08 -6.17973025e+00 -1.65595567e+02 
 7.26751838e+08 -6.51544007e+00 -1.66580357e+02 
 7.43510539e+08 -6.85197007e+00 -1.67563396e+02 
 7.60655691e+08 -7.18925191e+00 -1.68544704e+02 
 7.78196206e+08 -7.52721661e+00 -1.69524307e+02 
 7.96141200e+08 -7.86579465e+00 -1.70502237e+02 
 8.14500001e+08 -8.20491601e+00 -1.71478531e+02 
 8.33282151e+08 -8.54451026e+00 -1.72453229e+02 
 8.52497412e+08 -8.88450662e+00 -1.73426377e+02 
 8.72155772e+08 -9.22483405e+00 -1.74398023e+02 
 8.92267449e+08 -9.56542128e+00 -1.75368216e+02 
 9.12842895e+08 -9.90619689e+00 -1.76337011e+02 
 9.33892805e+08 -1.02470894e+01 -1.77304458e+02 
 9.55428121e+08 -1.05880272e+01 -1.78270613e+02 
 9.77460036e+08 -1.09289390e+01 -1.79235528e+02 
 1.00000000e+09 -1.12697532e+01 -1.80199255e+02 
