 time            v(vin_tg)       v(vout_tg_on)   v(vout_tg_off) 
 0.00000000e+00  7.50000000e-01  7.49999996e-01  6.63445642e-01 
 1.00000000e-07  7.50471239e-01  7.50470600e-01  6.63451221e-01 
 2.00000000e-07  7.50942478e-01  7.50941838e-01  6.63456801e-01 
 4.00000000e-07  7.51884954e-01  7.51884314e-01  6.63467959e-01 
 8.00000000e-07  7.53769895e-01  7.53769256e-01  6.63490273e-01 
 1.60000000e-06  7.57539695e-01  7.57539056e-01  6.63534892e-01 
 3.20000000e-06  7.65078629e-01  7.65077989e-01  6.63624086e-01 
 6.40000000e-06  7.80151162e-01  7.80150524e-01  6.63802265e-01 
 1.28000000e-05  8.10253575e-01  8.10252943e-01  6.64157539e-01 
 2.28000000e-05  8.57075348e-01  8.57074742e-01  6.64708592e-01 
 3.28000000e-05  9.03474544e-01  9.03473974e-01  6.65252786e-01 
 4.28000000e-05  9.49268046e-01  9.49267520e-01  6.65787979e-01 
 5.28000000e-05  9.94275128e-01  9.94274651e-01  6.66312067e-01 
 6.28000000e-05  1.03831817e+00  1.03831774e+00  6.66822989e-01 
 7.28000000e-05  1.08122335e+00  1.08122296e+00  6.67318738e-01 
 8.28000000e-05  1.12282134e+00  1.12282099e+00  6.67797379e-01 
 9.28000000e-05  1.16294798e+00  1.16294765e+00  6.68257076e-01 
 1.02800000e-04  1.20144490e+00  1.20144460e+00  6.68696178e-01 
 1.12800000e-04  1.23816017e+00  1.23815990e+00  6.69113460e-01 
 1.22800000e-04  1.27294890e+00  1.27294865e+00  6.69508765e-01 
 1.32800000e-04  1.30567378e+00  1.30567356e+00  6.69884590e-01 
 1.42800000e-04  1.33620568e+00  1.33620547e+00  6.70249638e-01 
 1.52800000e-04  1.36442409e+00  1.36442390e+00  6.70625826e-01 
 1.62800000e-04  1.39021765e+00  1.39021748e+00  6.71060205e-01 
 1.72800000e-04  1.41348456e+00  1.41348441e+00  6.71641612e-01 
 1.82800000e-04  1.43413301e+00  1.43413287e+00  6.72517623e-01 
 1.92800000e-04  1.45208149e+00  1.45208137e+00  6.73900874e-01 
 2.02800000e-04  1.46725918e+00  1.46725907e+00  6.76049045e-01 
 2.12800000e-04  1.47960617e+00  1.47960608e+00  6.79206507e-01 
 2.22800000e-04  1.48907374e+00  1.48907366e+00  6.83513142e-01 
 2.32800000e-04  1.49562453e+00  1.49562447e+00  6.88912001e-01 
 2.42800000e-04  1.49923267e+00  1.49923263e+00  6.95104364e-01 
 2.52800000e-04  1.49988394e+00  1.49988391e+00  7.01589146e-01 
 2.62800000e-04  1.49757575e+00  1.49757574e+00  7.07783059e-01 
 2.72800000e-04  1.49231723e+00  1.49231724e+00  7.13173289e-01 
 2.82800000e-04  1.48412912e+00  1.48412914e+00  7.17437264e-01 
 2.92800000e-04  1.47304374e+00  1.47304378e+00  7.20485244e-01 
 3.02800000e-04  1.45910483e+00  1.45910489e+00  7.22423965e-01 
 3.12800000e-04  1.44236741e+00  1.44236749e+00  7.23474416e-01 
 3.22800000e-04  1.42289754e+00  1.42289763e+00  7.23886403e-01 
 3.32800000e-04  1.40077204e+00  1.40077215e+00  7.23879112e-01 
 3.42800000e-04  1.37607825e+00  1.37607838e+00  7.23615376e-01 
 3.52800000e-04  1.34891360e+00  1.34891376e+00  7.23201653e-01 
 3.62800000e-04  1.31938533e+00  1.31938550e+00  7.22700713e-01 
 3.72800000e-04  1.28760994e+00  1.28761014e+00  7.22146656e-01 
 3.82800000e-04  1.25371286e+00  1.25371308e+00  7.21557027e-01 
 3.92800000e-04  1.21782785e+00  1.21782810e+00  7.20940769e-01 
 4.02800000e-04  1.18009654e+00  1.18009681e+00  7.20302743e-01 
 4.12800000e-04  1.14066784e+00  1.14066814e+00  7.19646041e-01 
 4.22800000e-04  1.09969734e+00  1.09969768e+00  7.18973051e-01 
 4.32800000e-04  1.05734676e+00  1.05734714e+00  7.18285918e-01 
 4.42800000e-04  1.01378321e+00  1.01378363e+00  7.17586731e-01 
 4.52800000e-04  9.69178632e-01  9.69179111e-01  7.16877583e-01 
 4.62800000e-04  9.23709057e-01  9.23709586e-01  7.16160594e-01 
 4.72800000e-04  8.77553931e-01  8.77554504e-01  7.15437913e-01 
 4.82800000e-04  8.30895409e-01  8.30896015e-01  7.14711711e-01 
 4.92800000e-04  7.83917629e-01  7.83918255e-01  7.13984174e-01 
 5.02800000e-04  7.36805991e-01  7.36806630e-01  7.13257499e-01 
 5.12800000e-04  6.89746425e-01  6.89747055e-01  7.12533878e-01 
 5.22800000e-04  6.42924652e-01  6.42925252e-01  7.11815491e-01 
 5.32800000e-04  5.96525456e-01  5.96526019e-01  7.11104504e-01 
 5.42800000e-04  5.50731954e-01  5.50732469e-01  7.10403056e-01 
 5.52800000e-04  5.05724872e-01  5.05725334e-01  7.09713249e-01 
 5.62800000e-04  4.61681832e-01  4.61682243e-01  7.09037143e-01 
 5.72800000e-04  4.18776653e-01  4.18777019e-01  7.08376744e-01 
 5.82800000e-04  3.77178661e-01  3.77178990e-01  7.07733995e-01 
 5.92800000e-04  3.37052024e-01  3.37052322e-01  7.07110761e-01 
 6.02800000e-04  2.98555104e-01  2.98555376e-01  7.06508795e-01 
 6.12800000e-04  2.61839831e-01  2.61840080e-01  7.05929650e-01 
 6.22800000e-04  2.27051103e-01  2.27051332e-01  7.05374458e-01 
 6.32800000e-04  1.94326216e-01  1.94326426e-01  7.04843384e-01 
 6.42800000e-04  1.63794319e-01  1.63794512e-01  7.04334407e-01 
 6.52800000e-04  1.35575908e-01  1.35576086e-01  7.03840935e-01 
 6.62800000e-04  1.09782348e-01  1.09782512e-01  7.03347734e-01 
 6.72800000e-04  8.65154352e-02  8.65155852e-02  7.02825256e-01 
 6.82800000e-04  6.58669925e-02  6.58671294e-02  7.02223850e-01 
 6.92800000e-04  4.79185103e-02  4.79186342e-02  7.01471514e-01 
 7.02800000e-04  3.27408229e-02  3.27409340e-02  7.00480489e-01 
 7.12800000e-04  2.03938299e-02  2.03939280e-02  6.99166753e-01 
 7.22800000e-04  1.09262590e-02  1.09263440e-02  6.97480807e-01 
 7.32800000e-04  4.37547462e-03  4.37554593e-03  6.95439424e-01 
 7.42800000e-04  7.67329559e-04  7.67386715e-04  6.93151447e-01 
 7.52800000e-04  1.16063554e-04  1.16106084e-04  6.90772072e-01 
 7.62800000e-04  2.42424686e-03  2.42427415e-03  6.88510803e-01 
 7.72800000e-04  7.68277012e-03  7.68278149e-03  6.86541075e-01 
 7.82800000e-04  1.58708804e-02  1.58708752e-02  6.84980313e-01 
 7.92800000e-04  2.69562628e-02  2.69562406e-02  6.83863292e-01 
 8.02800000e-04  4.08951686e-02  4.08951287e-02  6.83154825e-01 
 8.12800000e-04  5.76325872e-02  5.76325290e-02  6.82778520e-01 
 8.22800000e-04  7.71024637e-02  7.71023866e-02  6.82646951e-01 
 8.32800000e-04  9.92279593e-02  9.92278629e-02  6.82682852e-01 
 8.42800000e-04  1.23921755e-01  1.23921638e-01  6.82828409e-01 
 8.52800000e-04  1.51086395e-01  1.51086258e-01  6.83045435e-01 
 8.62800000e-04  1.80614674e-01  1.80614515e-01  6.83310987e-01 
 8.72800000e-04  2.12390056e-01  2.12389875e-01  6.83612128e-01 
 8.82800000e-04  2.46287140e-01  2.46286934e-01  6.83941672e-01 
 8.92800000e-04  2.82172148e-01  2.82171916e-01  6.84295399e-01 
 9.02800000e-04  3.19903458e-01  3.19903197e-01  6.84670466e-01 
 9.12800000e-04  3.59332164e-01  3.59331870e-01  6.85064601e-01 
 9.22800000e-04  4.00302656e-01  4.00302326e-01  6.85475730e-01 
 9.32800000e-04  4.42653245e-01  4.42652870e-01  6.85901821e-01 
 9.42800000e-04  4.86216790e-01  4.86216365e-01  6.86340826e-01 
 9.52800000e-04  5.30821368e-01  5.30820886e-01  6.86790662e-01 
 9.62800000e-04  5.76290943e-01  5.76290407e-01  6.87249209e-01 
 9.72800000e-04  6.22446069e-01  6.22445486e-01  6.87714316e-01 
 9.82800000e-04  6.69104591e-01  6.69103975e-01  6.88183810e-01 
 9.92800000e-04  7.16082371e-01  7.16081730e-01  6.88655501e-01 
 1.00280000e-03  7.63194009e-01  7.63193362e-01  6.89127189e-01 
 1.01280000e-03  8.10253575e-01  8.10252945e-01  6.89596676e-01 
 1.02280000e-03  8.57075348e-01  8.57074742e-01  6.90061776e-01 
 1.03280000e-03  9.03474544e-01  9.03473974e-01  6.90520321e-01 
 1.04280000e-03  9.49268046e-01  9.49267520e-01  6.90970170e-01 
 1.05280000e-03  9.94275128e-01  9.94274651e-01  6.91409215e-01 
 1.06280000e-03  1.03831817e+00  1.03831774e+00  6.91835397e-01 
 1.07280000e-03  1.08122335e+00  1.08122296e+00  6.92246708e-01 
 1.08280000e-03  1.12282134e+00  1.12282099e+00  6.92641210e-01 
 1.09280000e-03  1.16294798e+00  1.16294765e+00  6.93017064e-01 
 1.10280000e-03  1.20144490e+00  1.20144460e+00  6.93372616e-01 
 1.11280000e-03  1.23816017e+00  1.23815990e+00  6.93706625e-01 
 1.12280000e-03  1.27294890e+00  1.27294865e+00  6.94018893e-01 
 1.13280000e-03  1.30567378e+00  1.30567356e+00  6.94311813e-01 
 1.14280000e-03  1.33620568e+00  1.33620547e+00  6.94593827e-01 
 1.15280000e-03  1.36442409e+00  1.36442390e+00  6.94886271e-01 
 1.16280000e-03  1.39021765e+00  1.39021748e+00  6.95235014e-01 
 1.17280000e-03  1.41348456e+00  1.41348441e+00  6.95726736e-01 
 1.18280000e-03  1.43413301e+00  1.43413287e+00  6.96505513e-01 
 1.19280000e-03  1.45208149e+00  1.45208137e+00  6.97779067e-01 
 1.20280000e-03  1.46725918e+00  1.46725907e+00  6.99799287e-01 
 1.21280000e-03  1.47960617e+00  1.47960608e+00  7.02805284e-01 
 1.22280000e-03  1.48907374e+00  1.48907366e+00  7.06934289e-01 
 1.23280000e-03  1.49562453e+00  1.49562447e+00  7.12131266e-01 
 1.24280000e-03  1.49923267e+00  1.49923263e+00  7.18104727e-01 
 1.25280000e-03  1.49988394e+00  1.49988391e+00  7.24364987e-01 
 1.26280000e-03  1.49757575e+00  1.49757574e+00  7.30341533e-01 
 1.27280000e-03  1.49231723e+00  1.49231724e+00  7.35532429e-01 
 1.28280000e-03  1.48412912e+00  1.48412914e+00  7.39621688e-01 
 1.29280000e-03  1.47304374e+00  1.47304378e+00  7.42521159e-01 
 1.30280000e-03  1.45910483e+00  1.45910489e+00  7.44335069e-01 
 1.31280000e-03  1.44236741e+00  1.44236749e+00  7.45279562e-01 
 1.32280000e-03  1.42289754e+00  1.42289763e+00  7.45599055e-01 
 1.33280000e-03  1.40077204e+00  1.40077215e+00  7.45508024e-01 
 1.34280000e-03  1.37607825e+00  1.37607838e+00  7.45165806e-01 
 1.35280000e-03  1.34891360e+00  1.34891376e+00  7.44676572e-01 
 1.36280000e-03  1.31938533e+00  1.31938550e+00  7.44101749e-01 
 1.37280000e-03  1.28760994e+00  1.28761014e+00  7.43474717e-01 
 1.38280000e-03  1.25371286e+00  1.25371308e+00  7.42812665e-01 
 1.39280000e-03  1.21782785e+00  1.21782810e+00  7.42124371e-01 
 1.40280000e-03  1.18009654e+00  1.18009681e+00  7.41414627e-01 
 1.41280000e-03  1.14066784e+00  1.14066814e+00  7.40686492e-01 
 1.42280000e-03  1.09969734e+00  1.09969768e+00  7.39942342e-01 
 1.43280000e-03  1.05734676e+00  1.05734714e+00  7.39184319e-01 
 1.44280000e-03  1.01378321e+00  1.01378363e+00  7.38414507e-01 
 1.45280000e-03  9.69178632e-01  9.69179111e-01  7.37634997e-01 
 1.46280000e-03  9.23709057e-01  9.23709586e-01  7.36847908e-01 
 1.47280000e-03  8.77553931e-01  8.77554504e-01  7.36055385e-01 
 1.48280000e-03  8.30895409e-01  8.30896015e-01  7.35259600e-01 
 1.49280000e-03  7.83917629e-01  7.83918255e-01  7.34462736e-01 
 1.50280000e-03  7.36805991e-01  7.36806630e-01  7.33666988e-01 
 1.51280000e-03  6.89746425e-01  6.89747055e-01  7.32874547e-01 
 1.52280000e-03  6.42924652e-01  6.42925252e-01  7.32087589e-01 
 1.53280000e-03  5.96525456e-01  5.96526019e-01  7.31308280e-01 
 1.54280000e-03  5.50731954e-01  5.50732469e-01  7.30538755e-01 
 1.55280000e-03  5.05724872e-01  5.05725334e-01  7.29781116e-01 
 1.56280000e-03  4.61681832e-01  4.61682243e-01  7.29037419e-01 
 1.57280000e-03  4.18776653e-01  4.18777019e-01  7.28309670e-01 
 1.58280000e-03  3.77178661e-01  3.77178990e-01  7.27599808e-01 
 1.59280000e-03  3.37052024e-01  3.37052322e-01  7.26909696e-01 
 1.60280000e-03  2.98555104e-01  2.98555376e-01  7.26241083e-01 
 1.61280000e-03  2.61839831e-01  2.61840080e-01  7.25595516e-01 
 1.62280000e-03  2.27051103e-01  2.27051332e-01  7.24974112e-01 
 1.63280000e-03  1.94326216e-01  1.94326426e-01  7.24377000e-01 
 1.64280000e-03  1.63794319e-01  1.63794512e-01  7.23802079e-01 
 1.65280000e-03  1.35575908e-01  1.35576086e-01  7.23242576e-01 
 1.66280000e-03  1.09782348e-01  1.09782512e-01  7.22682906e-01 
 1.67280000e-03  8.65154352e-02  8.65155852e-02  7.22092893e-01 
 1.68280000e-03  6.58669925e-02  6.58671294e-02  7.21421884e-01 
 1.69280000e-03  4.79185103e-02  4.79186342e-02  7.20596486e-01 
 1.70280000e-03  3.27408229e-02  3.27409340e-02  7.19527306e-01 
 1.71280000e-03  2.03938299e-02  2.03939280e-02  7.18128825e-01 
 1.72280000e-03  1.09262590e-02  1.09263440e-02  7.16350737e-01 
 1.73280000e-03  4.37547462e-03  4.37554593e-03  7.14210247e-01 
 1.74280000e-03  7.67329559e-04  7.67386715e-04  7.11818272e-01 
 1.75280000e-03  1.16063554e-04  1.16106084e-04  7.09332920e-01 
 1.76280000e-03  2.42424686e-03  2.42427415e-03  7.06967534e-01 
 1.77280000e-03  7.68277012e-03  7.68278149e-03  7.04898701e-01 
 1.78280000e-03  1.58708804e-02  1.58708752e-02  7.03246006e-01 
 1.79280000e-03  2.69562628e-02  2.69562406e-02  7.02044893e-01 
 1.80280000e-03  4.08951686e-02  4.08951287e-02  7.01259586e-01 
 1.81280000e-03  5.76325872e-02  5.76325290e-02  7.00812332e-01 
 1.82280000e-03  7.71024637e-02  7.71023866e-02  7.00614122e-01 
 1.83280000e-03  9.92279593e-02  9.92278629e-02  7.00586262e-01 
 1.84280000e-03  1.23921755e-01  1.23921638e-01  7.00669860e-01 
 1.85280000e-03  1.51086395e-01  1.51086258e-01  7.00826004e-01 
 1.86280000e-03  1.80614674e-01  1.80614515e-01  7.01031325e-01 
 1.87280000e-03  2.12390056e-01  2.12389875e-01  7.01272645e-01 
 1.88280000e-03  2.46287140e-01  2.46286934e-01  7.01542662e-01 
 1.89280000e-03  2.82172148e-01  2.82171916e-01  7.01837099e-01 
 1.90280000e-03  3.19903458e-01  3.19903197e-01  7.02153089e-01 
 1.91280000e-03  3.59332164e-01  3.59331870e-01  7.02488349e-01 
 1.92280000e-03  4.00302656e-01  4.00302326e-01  7.02840801e-01 
 1.93280000e-03  4.42653245e-01  4.42652870e-01  7.03208412e-01 
 1.94280000e-03  4.86216790e-01  4.86216365e-01  7.03589131e-01 
 1.95280000e-03  5.30821368e-01  5.30820886e-01  7.03980876e-01 
 1.96280000e-03  5.76290943e-01  5.76290407e-01  7.04381528e-01 
 1.97280000e-03  6.22446069e-01  6.22445486e-01  7.04788934e-01 
 1.98280000e-03  6.69104591e-01  6.69103975e-01  7.05200919e-01 
 1.99280000e-03  7.16082371e-01  7.16081730e-01  7.05615295e-01 
 2.00280000e-03  7.63194009e-01  7.63193362e-01  7.06029861e-01 
 2.01280000e-03  8.10253575e-01  8.10252945e-01  7.06442420e-01 
 2.02280000e-03  8.57075348e-01  8.57074742e-01  7.06850784e-01 
 2.03280000e-03  9.03474544e-01  9.03473974e-01  7.07252785e-01 
 2.04280000e-03  9.49268046e-01  9.49267520e-01  7.07646280e-01 
 2.05280000e-03  9.94275128e-01  9.94274651e-01  7.08029165e-01 
 2.06280000e-03  1.03831817e+00  1.03831774e+00  7.08399377e-01 
 2.07280000e-03  1.08122335e+00  1.08122296e+00  7.08754908e-01 
 2.08280000e-03  1.12282134e+00  1.12282099e+00  7.09093820e-01 
 2.09280000e-03  1.16294798e+00  1.16294765e+00  7.09414273e-01 
 2.10280000e-03  1.20144490e+00  1.20144460e+00  7.09714609e-01 
 2.11280000e-03  1.23816017e+00  1.23815990e+00  7.09993579e-01 
 2.12280000e-03  1.27294890e+00  1.27294865e+00  7.10250959e-01 
 2.13280000e-03  1.30567378e+00  1.30567356e+00  7.10489071e-01 
 2.14280000e-03  1.33620568e+00  1.33620547e+00  7.10716194e-01 
 2.15280000e-03  1.36442409e+00  1.36442390e+00  7.10953285e-01 
 2.16280000e-03  1.39021765e+00  1.39021748e+00  7.11245449e-01 
 2.17280000e-03  1.41348456e+00  1.41348441e+00  7.11677964e-01 
 2.18280000e-03  1.43413301e+00  1.43413287e+00  7.12392639e-01 
 2.19280000e-03  1.45208149e+00  1.45208137e+00  7.13594002e-01 
 2.20280000e-03  1.46725918e+00  1.46725907e+00  7.15530175e-01 
 2.21280000e-03  1.47960617e+00  1.47960608e+00  7.18436843e-01 
 2.22280000e-03  1.48907374e+00  1.48907366e+00  7.22449487e-01 
 2.23280000e-03  1.49562453e+00  1.49562447e+00  7.27514285e-01 
 2.24280000e-03  1.49923267e+00  1.49923263e+00  7.33344416e-01 
 2.25280000e-03  1.49988394e+00  1.49988391e+00  7.39457587e-01 
 2.26280000e-03  1.49757575e+00  1.49757574e+00  7.45291587e-01 
 2.27280000e-03  1.49231723e+00  1.49231724e+00  7.50351566e-01 
 2.28280000e-03  1.48412912e+00  1.48412914e+00  7.54325843e-01 
 2.29280000e-03  1.47304374e+00  1.47304378e+00  7.57127328e-01 
 2.30280000e-03  1.45910483e+00  1.45910489e+00  7.58858634e-01 
 2.31280000e-03  1.44236741e+00  1.44236749e+00  7.59732773e-01 
 2.32280000e-03  1.42289754e+00  1.42289763e+00  7.59990665e-01 
 2.33280000e-03  1.40077204e+00  1.40077215e+00  7.59843732e-01 
 2.34280000e-03  1.37607825e+00  1.37607838e+00  7.59449039e-01 
 2.35280000e-03  1.34891360e+00  1.34891376e+00  7.58909274e-01 
 2.36280000e-03  1.31938533e+00  1.31938550e+00  7.58284991e-01 
 2.37280000e-03  1.28760994e+00  1.28761014e+00  7.57609103e-01 
 2.38280000e-03  1.25371286e+00  1.25371308e+00  7.56898569e-01 
 2.39280000e-03  1.21782785e+00  1.21782810e+00  7.56162060e-01 
 2.40280000e-03  1.18009654e+00  1.18009681e+00  7.55404320e-01 
 2.41280000e-03  1.14066784e+00  1.14066814e+00  7.54628391e-01 
 2.42280000e-03  1.09969734e+00  1.09969768e+00  7.53836641e-01 
 2.43280000e-03  1.05734676e+00  1.05734714e+00  7.53031207e-01 
 2.44280000e-03  1.01378321e+00  1.01378363e+00  7.52214172e-01 
 2.45280000e-03  9.69178632e-01  9.69179111e-01  7.51387624e-01 
 2.46280000e-03  9.23709057e-01  9.23709586e-01  7.50553682e-01 
 2.47280000e-03  8.77553931e-01  8.77554504e-01  7.49714491e-01 
 2.48280000e-03  8.30895409e-01  8.30896015e-01  7.48872220e-01 
 2.49280000e-03  7.83917629e-01  7.83918255e-01  7.48029051e-01 
 2.50280000e-03  7.36805991e-01  7.36806630e-01  7.47187178e-01 
 2.51280000e-03  6.89746425e-01  6.89747055e-01  7.46348790e-01 
 2.52280000e-03  6.42924652e-01  6.42925252e-01  7.45516062e-01 
 2.53280000e-03  5.96525456e-01  5.96526019e-01  7.44691158e-01 
 2.54280000e-03  5.50731954e-01  5.50732469e-01  7.43876213e-01 
 2.55280000e-03  5.05724872e-01  5.05725334e-01  7.43073326e-01 
 2.56280000e-03  4.61681832e-01  4.61682243e-01  7.42284552e-01 
 2.57280000e-03  4.18776653e-01  4.18777019e-01  7.41511894e-01 
 2.58280000e-03  3.77178661e-01  3.77178990e-01  7.40757291e-01 
 2.59280000e-03  3.37052024e-01  3.37052322e-01  7.40022603e-01 
 2.60280000e-03  2.98555104e-01  2.98555376e-01  7.39309577e-01 
 2.61280000e-03  2.61839831e-01  2.61840080e-01  7.38619755e-01 
 2.62280000e-03  2.27051103e-01  2.27051332e-01  7.37954244e-01 
 2.63280000e-03  1.94326216e-01  1.94326426e-01  7.37313150e-01 
 2.64280000e-03  1.63794319e-01  1.63794512e-01  7.36694315e-01 
 2.65280000e-03  1.35575908e-01  1.35576086e-01  7.36090850e-01 
 2.66280000e-03  1.09782348e-01  1.09782512e-01  7.35486937e-01 
 2.67280000e-03  8.65154352e-02  8.65155852e-02  7.34851985e-01 
 2.68280000e-03  6.58669925e-02  6.58671294e-02  7.34134678e-01 
 2.69280000e-03  4.79185103e-02  4.79186342e-02  7.33260705e-01 
 2.70280000e-03  3.27408229e-02  3.27409340e-02  7.32139594e-01 
 2.71280000e-03  2.03938299e-02  2.03939280e-02  7.30684840e-01 
 2.72280000e-03  1.09262590e-02  1.09263440e-02  7.28845605e-01 
 2.73280000e-03  4.37547462e-03  4.37554593e-03  7.26639383e-01 
 2.74280000e-03  7.67329559e-04  7.67386715e-04  7.24178464e-01 
 2.75280000e-03  1.16063554e-04  1.16106084e-04  7.21622882e-01 
 2.76280000e-03  2.42424686e-03  2.42427415e-03  7.19188515e-01 
 2.77280000e-03  7.68277012e-03  7.68278149e-03  7.17054036e-01 
 2.78280000e-03  1.58708804e-02  1.58708752e-02  7.15340451e-01 
 2.79280000e-03  2.69562628e-02  2.69562406e-02  7.14083649e-01 
 2.80280000e-03  4.08951686e-02  4.08951287e-02  7.13247455e-01 
 2.81280000e-03  5.76325872e-02  5.76325290e-02  7.12753216e-01 
 2.82280000e-03  7.71024637e-02  7.71023866e-02  7.12510872e-01 
 2.83280000e-03  9.92279593e-02  9.92278629e-02  7.12440787e-01 
 2.84280000e-03  1.23921755e-01  1.23921638e-01  7.12483350e-01 
 2.85280000e-03  1.51086395e-01  1.51086258e-01  7.12599175e-01 
 2.86280000e-03  1.80614674e-01  1.80614515e-01  7.12764603e-01 
 2.87280000e-03  2.12390056e-01  2.12389875e-01  7.12966302e-01 
 2.88280000e-03  2.46287140e-01  2.46286934e-01  7.13196891e-01 
 2.89280000e-03  2.82172148e-01  2.82171916e-01  7.13452056e-01 
 2.90280000e-03  3.19903458e-01  3.19903197e-01  7.13728913e-01 
 2.91280000e-03  3.59332164e-01  3.59331870e-01  7.14025172e-01 
 2.92280000e-03  4.00302656e-01  4.00302326e-01  7.14338752e-01 
 2.93280000e-03  4.42653245e-01  4.42652870e-01  7.14667618e-01 
 2.94280000e-03  4.86216790e-01  4.86216365e-01  7.15009720e-01 
 2.95280000e-03  5.30821368e-01  5.30820886e-01  7.15362975e-01 
 2.96280000e-03  5.76290943e-01  5.76290407e-01  7.15725262e-01 
 2.97280000e-03  6.22446069e-01  6.22445486e-01  7.16094429e-01 
 2.98280000e-03  6.69104591e-01  6.69103975e-01  7.16468302e-01 
 2.99280000e-03  7.16082371e-01  7.16081730e-01  7.16844691e-01 
 3.00280000e-03  7.63194009e-01  7.63193362e-01  7.17221395e-01 
 3.01280000e-03  8.10253575e-01  8.10252945e-01  7.17596217e-01 
 3.02280000e-03  8.57075348e-01  8.57074742e-01  7.17966969e-01 
 3.03280000e-03  9.03474544e-01  9.03473974e-01  7.18331483e-01 
 3.04280000e-03  9.49268046e-01  9.49267520e-01  7.18687616e-01 
 3.05280000e-03  9.94275128e-01  9.94274651e-01  7.19033263e-01 
 3.06280000e-03  1.03831817e+00  1.03831774e+00  7.19366360e-01 
 3.07280000e-03  1.08122335e+00  1.08122296e+00  7.19684901e-01 
 3.08280000e-03  1.12282134e+00  1.12282099e+00  7.19986946e-01 
 3.09280000e-03  1.16294798e+00  1.16294765e+00  7.20270656e-01 
 3.10280000e-03  1.20144490e+00  1.20144460e+00  7.20534370e-01 
 3.11280000e-03  1.23816017e+00  1.23815990e+00  7.20776833e-01 
 3.12280000e-03  1.27294890e+00  1.27294865e+00  7.20997803e-01 
 3.13280000e-03  1.30567378e+00  1.30567356e+00  7.21199562e-01 
 3.14280000e-03  1.33620568e+00  1.33620547e+00  7.21390275e-01 
 3.15280000e-03  1.36442409e+00  1.36442390e+00  7.21590657e-01 
 3.16280000e-03  1.39021765e+00  1.39021748e+00  7.21845311e-01 
 3.17280000e-03  1.41348456e+00  1.41348441e+00  7.22238602e-01 
 3.18280000e-03  1.43413301e+00  1.43413287e+00  7.22910857e-01 
 3.19280000e-03  1.45208149e+00  1.45208137e+00  7.24064517e-01 
 3.20280000e-03  1.46725918e+00  1.46725907e+00  7.25945240e-01 
 3.21280000e-03  1.47960617e+00  1.47960608e+00  7.28786462e-01 
 3.22280000e-03  1.48907374e+00  1.48907366e+00  7.32722516e-01 
 3.23280000e-03  1.49562453e+00  1.49562447e+00  7.37700357e-01 
 3.24280000e-03  1.49923267e+00  1.49923263e+00  7.43436205e-01 
 3.25280000e-03  1.49988394e+00  1.49988391e+00  7.49452593e-01 
 3.26280000e-03  1.49757575e+00  1.49757574e+00  7.55192739e-01 
 3.27280000e-03  1.49231723e+00  1.49231724e+00  7.60166435e-01 
 3.28280000e-03  1.48412912e+00  1.48412914e+00  7.64064823e-01 
 3.29280000e-03  1.47304374e+00  1.47304378e+00  7.66801518e-01 
 3.30280000e-03  1.45910483e+00  1.45910489e+00  7.68478085e-01 
 3.31280000e-03  1.44236741e+00  1.44236749e+00  7.69305494e-01 
 3.32280000e-03  1.42289754e+00  1.42289763e+00  7.69522383e-01 
 3.33280000e-03  1.40077204e+00  1.40077215e+00  7.69338177e-01 
 3.34280000e-03  1.37607825e+00  1.37607838e+00  7.68908459e-01 
 3.35280000e-03  1.34891360e+00  1.34891376e+00  7.68334946e-01 
 3.36280000e-03  1.31938533e+00  1.31938550e+00  7.67677622e-01 
 3.37280000e-03  1.28760994e+00  1.28761014e+00  7.66969096e-01 
 3.38280000e-03  1.25371286e+00  1.25371308e+00  7.66226174e-01 
 3.39280000e-03  1.21782785e+00  1.21782810e+00  7.65457460e-01 
 3.40280000e-03  1.18009654e+00  1.18009681e+00  7.64667667e-01 
 3.41280000e-03  1.14066784e+00  1.14066814e+00  7.63859824e-01 
 3.42280000e-03  1.09969734e+00  1.09969768e+00  7.63036293e-01 
 3.43280000e-03  1.05734676e+00  1.05734714e+00  7.62199210e-01 
 3.44280000e-03  1.01378321e+00  1.01378363e+00  7.61350656e-01 
 3.45280000e-03  9.69178632e-01  9.69179111e-01  7.60492719e-01 
 3.46280000e-03  9.23709057e-01  9.23709586e-01  7.59627516e-01 
 3.47280000e-03  8.77553931e-01  8.77554504e-01  7.58757192e-01 
 3.48280000e-03  8.30895409e-01  8.30896015e-01  7.57883913e-01 
 3.49280000e-03  7.83917629e-01  7.83918255e-01  7.57009863e-01 
 3.50280000e-03  7.36805991e-01  7.36806630e-01  7.56137235e-01 
 3.51280000e-03  6.89746425e-01  6.89747055e-01  7.55268214e-01 
 3.52280000e-03  6.42924652e-01  6.42925252e-01  7.54404977e-01 
 3.53280000e-03  5.96525456e-01  5.96526019e-01  7.53549685e-01 
 3.54280000e-03  5.50731954e-01  5.50732469e-01  7.52704473e-01 
 3.55280000e-03  5.05724872e-01  5.05725334e-01  7.51871438e-01 
 3.56280000e-03  4.61681832e-01  4.61682243e-01  7.51052635e-01 
 3.57280000e-03  4.18776653e-01  4.18777019e-01  7.50250064e-01 
 3.58280000e-03  3.77178661e-01  3.77178990e-01  7.49465665e-01 
 3.59280000e-03  3.37052024e-01  3.37052322e-01  7.48701295e-01 
 3.60280000e-03  2.98555104e-01  2.98555376e-01  7.47958700e-01 
 3.61280000e-03  2.61839831e-01  2.61840080e-01  7.47239418e-01 
 3.62280000e-03  2.27051103e-01  2.27051332e-01  7.46544549e-01 
 3.63280000e-03  1.94326216e-01  1.94326426e-01  7.45874184e-01 
 3.64280000e-03  1.63794319e-01  1.63794512e-01  7.45226128e-01 
 3.65280000e-03  1.35575908e-01  1.35576086e-01  7.44593415e-01 
 3.66280000e-03  1.09782348e-01  1.09782512e-01  7.43960072e-01 
 3.67280000e-03  8.65154352e-02  8.65155852e-02  7.43295234e-01 
 3.68280000e-03  6.58669925e-02  6.58671294e-02  7.42547147e-01 
 3.69280000e-03  4.79185103e-02  4.79186342e-02  7.41640895e-01 
 3.70280000e-03  3.27408229e-02  3.27409340e-02  7.40485293e-01 
 3.71280000e-03  2.03938299e-02  2.03939280e-02  7.38993184e-01 
 3.72280000e-03  1.09262590e-02  1.09263440e-02  7.37113381e-01 
 3.73280000e-03  4.37547462e-03  4.37554593e-03  7.34863569e-01 
 3.74280000e-03  7.67329559e-04  7.67386715e-04  7.32356949e-01 
 3.75280000e-03  1.16063554e-04  1.16106084e-04  7.29754825e-01 
 3.76280000e-03  2.42424686e-03  2.42427415e-03  7.27274753e-01 
 3.77280000e-03  7.68277012e-03  7.68278149e-03  7.25096782e-01 
 3.78280000e-03  1.58708804e-02  1.58708752e-02  7.23342858e-01 
 3.79280000e-03  2.69562628e-02  2.69562406e-02  7.22049159e-01 
 3.80280000e-03  4.08951686e-02  4.08951287e-02  7.21179247e-01 
 3.81280000e-03  5.76325872e-02  5.76325290e-02  7.20653874e-01 
 3.82280000e-03  7.71024637e-02  7.71023866e-02  7.20382283e-01 
 3.83280000e-03  9.92279593e-02  9.92278629e-02  7.20284213e-01 
 3.84280000e-03  1.23921755e-01  1.23921638e-01  7.20299580e-01 
 3.85280000e-03  1.51086395e-01  1.51086258e-01  7.20388680e-01 
 3.86280000e-03  1.80614674e-01  1.80614515e-01  7.20527668e-01 
 3.87280000e-03  2.12390056e-01  2.12389875e-01  7.20703106e-01 
 3.88280000e-03  2.46287140e-01  2.46286934e-01  7.20907562e-01 
 3.89280000e-03  2.82172148e-01  2.82171916e-01  7.21136696e-01 
 3.90280000e-03  3.19903458e-01  3.19903197e-01  7.21387614e-01 
 3.91280000e-03  3.59332164e-01  3.59331870e-01  7.21658021e-01 
 3.92280000e-03  4.00302656e-01  4.00302326e-01  7.21945834e-01 
 3.93280000e-03  4.42653245e-01  4.42652870e-01  7.22249018e-01 
 3.94280000e-03  4.86216790e-01  4.86216365e-01  7.22565521e-01 
 3.95280000e-03  5.30821368e-01  5.30820886e-01  7.22893260e-01 
 3.96280000e-03  5.76290943e-01  5.76290407e-01  7.23230114e-01 
 3.97280000e-03  6.22446069e-01  6.22445486e-01  7.23573931e-01 
 3.98280000e-03  6.69104591e-01  6.69103975e-01  7.23922537e-01 
 3.99280000e-03  7.16082371e-01  7.16081730e-01  7.24273740e-01 
 4.00280000e-03  7.63194009e-01  7.63193362e-01  7.24625342e-01 
 4.01280000e-03  8.10253575e-01  8.10252945e-01  7.24975143e-01 
 4.02280000e-03  8.57075348e-01  8.57074742e-01  7.25320957e-01 
 4.03280000e-03  9.03474544e-01  9.03473974e-01  7.25660614e-01 
 4.04280000e-03  9.49268046e-01  9.49267520e-01  7.25991972e-01 
 4.05280000e-03  9.94275128e-01  9.94274651e-01  7.26312926e-01 
 4.06280000e-03  1.03831817e+00  1.03831774e+00  7.26621412e-01 
 4.07280000e-03  1.08122335e+00  1.08122296e+00  7.26915423e-01 
 4.08280000e-03  1.12282134e+00  1.12282099e+00  7.27193020e-01 
 4.09280000e-03  1.16294798e+00  1.16294765e+00  7.27452362e-01 
 4.10280000e-03  1.20144490e+00  1.20144460e+00  7.27691788e-01 
 4.11280000e-03  1.23816017e+00  1.23815990e+00  7.27910039e-01 
 4.12280000e-03  1.27294890e+00  1.27294865e+00  7.28106863e-01 
 4.13280000e-03  1.30567378e+00  1.30567356e+00  7.28284511e-01 
 4.14280000e-03  1.33620568e+00  1.33620547e+00  7.28451079e-01 
 4.15280000e-03  1.36442409e+00  1.36442390e+00  7.28627120e-01 
 4.16280000e-03  1.39021765e+00  1.39021748e+00  7.28856909e-01 
 4.17280000e-03  1.41348456e+00  1.41348441e+00  7.29224213e-01 
 4.18280000e-03  1.43413301e+00  1.43413287e+00  7.29868386e-01 
 4.19280000e-03  1.45208149e+00  1.45208137e+00  7.30990500e-01 
 4.20280000e-03  1.46725918e+00  1.46725907e+00  7.32834596e-01 
 4.21280000e-03  1.47960617e+00  1.47960608e+00  7.35632635e-01 
 4.22280000e-03  1.48907374e+00  1.48907366e+00  7.39518188e-01 
 4.23280000e-03  1.49562453e+00  1.49562447e+00  7.44438719e-01 
 4.24280000e-03  1.49923267e+00  1.49923263e+00  7.50112438e-01 
 4.25280000e-03  1.49988394e+00  1.49988391e+00  7.56065039e-01 
 4.26280000e-03  1.49757575e+00  1.49757574e+00  7.61743304e-01 
 4.27280000e-03  1.49231723e+00  1.49231724e+00  7.66660070e-01 
 4.28280000e-03  1.48412912e+00  1.48412914e+00  7.70508339e-01 
 4.29280000e-03  1.47304374e+00  1.47304378e+00  7.73202190e-01 
 4.30280000e-03  1.45910483e+00  1.45910489e+00  7.74842506e-01 
 4.31280000e-03  1.44236741e+00  1.44236749e+00  7.75638919e-01 
 4.32280000e-03  1.42289754e+00  1.42289763e+00  7.75828569e-01 
 4.33280000e-03  1.40077204e+00  1.40077215e+00  7.75619574e-01 
 4.34280000e-03  1.37607825e+00  1.37607838e+00  7.75166543e-01 
 4.35280000e-03  1.34891360e+00  1.34891376e+00  7.74570560e-01 
 4.36280000e-03  1.31938533e+00  1.31938550e+00  7.73891233e-01 
 4.37280000e-03  1.28760994e+00  1.28761014e+00  7.73160971e-01 
 4.38280000e-03  1.25371286e+00  1.25371308e+00  7.72396482e-01 
 4.39280000e-03  1.21782785e+00  1.21782810e+00  7.71606323e-01 
 4.40280000e-03  1.18009654e+00  1.18009681e+00  7.70795188e-01 
 4.41280000e-03  1.14066784e+00  1.14066814e+00  7.69966099e-01 
 4.42280000e-03  1.09969734e+00  1.09969768e+00  7.69121413e-01 
 4.43280000e-03  1.05734676e+00  1.05734714e+00  7.68263264e-01 
 4.44280000e-03  1.01378321e+00  1.01378363e+00  7.67393734e-01 
 4.45280000e-03  9.69178632e-01  9.69179111e-01  7.66514909e-01 
 4.46280000e-03  9.23709057e-01  9.23709586e-01  7.65628906e-01 
 4.47280000e-03  8.77553931e-01  8.77554504e-01  7.64737869e-01 
 4.48280000e-03  8.30895409e-01  8.30896015e-01  7.63843964e-01 
 4.49280000e-03  7.83917629e-01  7.83918255e-01  7.62949374e-01 
 4.50280000e-03  7.36805991e-01  7.36806630e-01  7.62056290e-01 
 4.51280000e-03  6.89746425e-01  6.89747055e-01  7.61166900e-01 
 4.52280000e-03  6.42924652e-01  6.42925252e-01  7.60283376e-01 
 4.53280000e-03  5.96525456e-01  5.96526019e-01  7.59407881e-01 
 4.54280000e-03  5.50731954e-01  5.50732469e-01  7.58542548e-01 
 4.55280000e-03  5.05724872e-01  5.05725334e-01  7.57689474e-01 
 4.56280000e-03  4.61681832e-01  4.61682243e-01  7.56850712e-01 
 4.57280000e-03  4.18776653e-01  4.18777019e-01  7.56028263e-01 
 4.58280000e-03  3.77178661e-01  3.77178990e-01  7.55224064e-01 
 4.59280000e-03  3.37052024e-01  3.37052322e-01  7.54439973e-01 
 4.60280000e-03  2.98555104e-01  2.98555376e-01  7.53677732e-01 
 4.61280000e-03  2.61839831e-01  2.61840080e-01  7.52938880e-01 
 4.62280000e-03  2.27051103e-01  2.27051332e-01  7.52224512e-01 
 4.63280000e-03  1.94326216e-01  1.94326426e-01  7.51534705e-01 
 4.64280000e-03  1.63794319e-01  1.63794512e-01  7.50867244e-01 
 4.65280000e-03  1.35575908e-01  1.35576086e-01  7.50215109e-01 
 4.66280000e-03  1.09782348e-01  1.09782512e-01  7.49562227e-01 
 4.67280000e-03  8.65154352e-02  8.65155852e-02  7.48877550e-01 
 4.68280000e-03  6.58669925e-02  6.58671294e-02  7.48109036e-01 
 4.69280000e-03  4.79185103e-02  4.79186342e-02  7.47181368e-01 
 4.70280000e-03  3.27408229e-02  3.27409340e-02  7.46002893e-01 
 4.71280000e-03  2.03938299e-02  2.03939280e-02  7.44486021e-01 
 4.72280000e-03  1.09262590e-02  1.09263440e-02  7.42579338e-01 
 4.73280000e-03  4.37547462e-03  4.37554593e-03  7.40300653e-01 
 4.74280000e-03  7.67329559e-04  7.67386715e-04  7.37763769e-01 
 4.75280000e-03  1.16063554e-04  1.16106084e-04  7.35130832e-01 
 4.76280000e-03  2.42424686e-03  2.42427415e-03  7.32620504e-01 
 4.77280000e-03  7.68277012e-03  7.68278149e-03  7.30413744e-01 
 4.78280000e-03  1.58708804e-02  1.58708752e-02  7.28633117e-01 
 4.79280000e-03  2.69562628e-02  2.69562406e-02  7.27314991e-01 
 4.80280000e-03  4.08951686e-02  4.08951287e-02  7.26422757e-01 
 4.81280000e-03  5.76325872e-02  5.76325290e-02  7.25876768e-01 
 4.82280000e-03  7.71024637e-02  7.71023866e-02  7.25585809e-01 
 4.83280000e-03  9.92279593e-02  9.92278629e-02  7.25469207e-01 
 4.84280000e-03  1.23921755e-01  1.23921638e-01  7.25466562e-01 
 4.85280000e-03  1.51086395e-01  1.51086258e-01  7.25537965e-01 
 4.86280000e-03  1.80614674e-01  1.80614515e-01  7.25659441e-01 
 4.87280000e-03  2.12390056e-01  2.12389875e-01  7.25817487e-01 
 4.88280000e-03  2.46287140e-01  2.46286934e-01  7.26004635e-01 
 4.89280000e-03  2.82172148e-01  2.82171916e-01  7.26216529e-01 
 4.90280000e-03  3.19903458e-01  3.19903197e-01  7.26450269e-01 
 4.91280000e-03  3.59332164e-01  3.59331870e-01  7.26703554e-01 
 4.92280000e-03  4.00302656e-01  4.00302326e-01  7.26974302e-01 
 4.93280000e-03  4.42653245e-01  4.42652870e-01  7.27260476e-01 
 4.94280000e-03  4.86216790e-01  4.86216365e-01  7.27560025e-01 
 4.95280000e-03  5.30821368e-01  5.30820886e-01  7.27870864e-01 
 4.96280000e-03  5.76290943e-01  5.76290407e-01  7.28190873e-01 
 4.97280000e-03  6.22446069e-01  6.22445486e-01  7.28517901e-01 
 4.98280000e-03  6.69104591e-01  6.69103975e-01  7.28849771e-01 
 4.99280000e-03  7.16082371e-01  7.16081730e-01  7.29184293e-01 
 5.00280000e-03  7.63194009e-01  7.63193362e-01  7.29519267e-01 
 5.01280000e-03  8.10253575e-01  8.10252945e-01  7.29852496e-01 
 5.02280000e-03  8.57075348e-01  8.57074742e-01  7.30181791e-01 
 5.03280000e-03  9.03474544e-01  9.03473974e-01  7.30504983e-01 
 5.04280000e-03  9.49268046e-01  9.49267520e-01  7.30819931e-01 
 5.05280000e-03  9.94275128e-01  9.94274651e-01  7.31124528e-01 
 5.06280000e-03  1.03831817e+00  1.03831774e+00  7.31416711e-01 
 5.07280000e-03  1.08122335e+00  1.08122296e+00  7.31694473e-01 
 5.08280000e-03  1.12282134e+00  1.12282099e+00  7.31955875e-01 
 5.09280000e-03  1.16294798e+00  1.16294765e+00  7.32199075e-01 
 5.10280000e-03  1.20144490e+00  1.20144460e+00  7.32422412e-01 
 5.11280000e-03  1.23816017e+00  1.23815990e+00  7.32624625e-01 
 5.12280000e-03  1.27294890e+00  1.27294865e+00  7.32805454e-01 
 5.13280000e-03  1.30567378e+00  1.30567356e+00  7.32967130e-01 
 5.14280000e-03  1.33620568e+00  1.33620547e+00  7.33117704e-01 
 5.15280000e-03  1.36442409e+00  1.36442390e+00  7.33277623e-01 
 5.16280000e-03  1.39021765e+00  1.39021748e+00  7.33490947e-01 
 5.17280000e-03  1.41348456e+00  1.41348441e+00  7.33841048e-01 
 5.18280000e-03  1.43413301e+00  1.43413287e+00  7.34466643e-01 
 5.19280000e-03  1.45208149e+00  1.45208137e+00  7.35567903e-01 
 5.20280000e-03  1.46725918e+00  1.46725907e+00  7.37387806e-01 
 5.21280000e-03  1.47960617e+00  1.47960608e+00  7.40157342e-01 
 5.22280000e-03  1.48907374e+00  1.48907366e+00  7.44009582e-01 
 5.23280000e-03  1.49562453e+00  1.49562447e+00  7.48892320e-01 
 5.24280000e-03  1.49923267e+00  1.49923263e+00  7.54525071e-01 
 5.25280000e-03  1.49988394e+00  1.49988391e+00  7.60435609e-01 
 5.26280000e-03  1.49757575e+00  1.49757574e+00  7.66073056e-01 
 5.27280000e-03  1.49231723e+00  1.49231724e+00  7.70952252e-01 
 5.28280000e-03  1.48412912e+00  1.48412914e+00  7.74767425e-01 
 5.29280000e-03  1.47304374e+00  1.47304378e+00  7.77432960e-01 
 5.30280000e-03  1.45910483e+00  1.45910489e+00  7.79049293e-01 
 5.31280000e-03  1.44236741e+00  1.44236749e+00  7.79825176e-01 
 5.32280000e-03  1.42289754e+00  1.42289763e+00  7.79996768e-01 
 5.33280000e-03  1.40077204e+00  1.40077215e+00  7.79771326e-01 
 5.34280000e-03  1.37607825e+00  1.37607838e+00  7.79302820e-01 
 5.35280000e-03  1.34891360e+00  1.34891376e+00  7.78691916e-01 
 5.36280000e-03  1.31938533e+00  1.31938550e+00  7.77997977e-01 
 5.37280000e-03  1.28760994e+00  1.28761014e+00  7.77253281e-01 
 5.38280000e-03  1.25371286e+00  1.25371308e+00  7.76474470e-01 
 5.39280000e-03  1.21782785e+00  1.21782810e+00  7.75670072e-01 
 5.40280000e-03  1.18009654e+00  1.18009681e+00  7.74844767e-01 
 5.41280000e-03  1.14066784e+00  1.14066814e+00  7.74001571e-01 
 5.42280000e-03  1.09969734e+00  1.09969768e+00  7.73142841e-01 
 5.43280000e-03  1.05734676e+00  1.05734714e+00  7.72270708e-01 
 5.44280000e-03  1.01378321e+00  1.01378363e+00  7.71387254e-01 
 5.45280000e-03  9.69178632e-01  9.69179111e-01  7.70494566e-01 
 5.46280000e-03  9.23709057e-01  9.23709586e-01  7.69594758e-01 
 5.47280000e-03  8.77553931e-01  8.77554504e-01  7.68689975e-01 
 5.48280000e-03  8.30895409e-01  8.30896015e-01  7.67782383e-01 
 5.49280000e-03  7.83917629e-01  7.83918255e-01  7.66874164e-01 
 5.50280000e-03  7.36805991e-01  7.36806630e-01  7.65967509e-01 
 5.51280000e-03  6.89746425e-01  6.89747055e-01  7.65064604e-01 
 5.52280000e-03  6.42924652e-01  6.42925252e-01  7.64167623e-01 
 5.53280000e-03  5.96525456e-01  5.96526019e-01  7.63278727e-01 
 5.54280000e-03  5.50731954e-01  5.50732469e-01  7.62400048e-01 
 5.55280000e-03  5.05724872e-01  5.05725334e-01  7.61533683e-01 
 5.56280000e-03  4.61681832e-01  4.61682243e-01  7.60681686e-01 
 5.57280000e-03  4.18776653e-01  4.18777019e-01  7.59846054e-01 
 5.58280000e-03  3.77178661e-01  3.77178990e-01  7.59028726e-01 
 5.59280000e-03  3.37052024e-01  3.37052322e-01  7.58231559e-01 
 5.60280000e-03  2.98555104e-01  2.98555376e-01  7.57456295e-01 
 5.61280000e-03  2.61839831e-01  2.61840080e-01  7.56704468e-01 
 5.62280000e-03  2.27051103e-01  2.27051332e-01  7.55977173e-01 
 5.63280000e-03  1.94326216e-01  1.94326426e-01  7.55274480e-01 
 5.64280000e-03  1.63794319e-01  1.63794512e-01  7.54594157e-01 
 5.65280000e-03  1.35575908e-01  1.35576086e-01  7.53929150e-01 
 5.66280000e-03  1.09782348e-01  1.09782512e-01  7.53263319e-01 
 5.67280000e-03  8.65154352e-02  8.65155852e-02  7.52565496e-01 
 5.68280000e-03  6.58669925e-02  6.58671294e-02  7.51783450e-01 
 5.69280000e-03  4.79185103e-02  4.79186342e-02  7.50841598e-01 
 5.70280000e-03  3.27408229e-02  3.27409340e-02  7.49647976e-01 
 5.71280000e-03  2.03938299e-02  2.03939280e-02  7.48114713e-01 
 5.72280000e-03  1.09262590e-02  1.09263440e-02  7.46190241e-01 
 5.73280000e-03  4.37547462e-03  4.37554593e-03  7.43892455e-01 
 5.74280000e-03  7.67329559e-04  7.67386715e-04  7.41335553e-01 
 5.75280000e-03  1.16063554e-04  1.16106084e-04  7.38682238e-01 
 5.76280000e-03  2.42424686e-03  2.42427415e-03  7.36151901e-01 
 5.77280000e-03  7.68277012e-03  7.68278149e-03  7.33926103e-01 
 5.78280000e-03  1.58708804e-02  1.58708752e-02  7.32127817e-01 
 5.79280000e-03  2.69562628e-02  2.69562406e-02  7.30793537e-01 
 5.80280000e-03  4.08951686e-02  4.08951287e-02  7.29886537e-01 
 5.81280000e-03  5.76325872e-02  5.76325290e-02  7.29326912e-01 
 5.82280000e-03  7.71024637e-02  7.71023866e-02  7.29023142e-01 
 5.83280000e-03  9.92279593e-02  9.92278629e-02  7.28894279e-01 
 5.84280000e-03  1.23921755e-01  1.23921638e-01  7.28879720e-01 
 5.85280000e-03  1.51086395e-01  1.51086258e-01  7.28939413e-01 
 5.86280000e-03  1.80614674e-01  1.80614515e-01  7.29049304e-01 
 5.87280000e-03  2.12390056e-01  2.12389875e-01  7.29195844e-01 
 5.88280000e-03  2.46287140e-01  2.46286934e-01  7.29371542e-01 
 5.89280000e-03  2.82172148e-01  2.82171916e-01  7.29572031e-01 
 5.90280000e-03  3.19903458e-01  3.19903197e-01  7.29794405e-01 
 5.91280000e-03  3.59332164e-01  3.59331870e-01  7.30036364e-01 
 5.92280000e-03  4.00302656e-01  4.00302326e-01  7.30295822e-01 
 5.93280000e-03  4.42653245e-01  4.42652870e-01  7.30570742e-01 
 5.94280000e-03  4.86216790e-01  4.86216365e-01  7.30859074e-01 
 5.95280000e-03  5.30821368e-01  5.30820886e-01  7.31158733e-01 
 5.96280000e-03  5.76290943e-01  5.76290407e-01  7.31467598e-01 
 5.97280000e-03  6.22446069e-01  6.22445486e-01  7.31783518e-01 
 5.98280000e-03  6.69104591e-01  6.69103975e-01  7.32104316e-01 
 5.99280000e-03  7.16082371e-01  7.16081730e-01  7.32427802e-01 
 6.00280000e-03  7.63194009e-01  7.63193362e-01  7.32751776e-01 
 6.01280000e-03  8.10253575e-01  8.10252945e-01  7.33074040e-01 
 6.02280000e-03  8.57075348e-01  8.57074742e-01  7.33392406e-01 
 6.03280000e-03  9.03474544e-01  9.03473974e-01  7.33704706e-01 
 6.04280000e-03  9.49268046e-01  9.49267520e-01  7.34008796e-01 
 6.05280000e-03  9.94275128e-01  9.94274651e-01  7.34302571e-01 
 6.06280000e-03  1.03831817e+00  1.03831774e+00  7.34583968e-01 
 6.07280000e-03  1.08122335e+00  1.08122296e+00  7.34850979e-01 
 6.08280000e-03  1.12282134e+00  1.12282099e+00  7.35101666e-01 
 6.09280000e-03  1.16294798e+00  1.16294765e+00  7.35334186e-01 
 6.10280000e-03  1.20144490e+00  1.20144460e+00  7.35546878e-01 
 6.11280000e-03  1.23816017e+00  1.23815990e+00  7.35738479e-01 
 6.12280000e-03  1.27294890e+00  1.27294865e+00  7.35908725e-01 
 6.13280000e-03  1.30567378e+00  1.30567356e+00  7.36059835e-01 
 6.14280000e-03  1.33620568e+00  1.33620547e+00  7.36199827e-01 
 6.15280000e-03  1.36442409e+00  1.36442390e+00  7.36349081e-01 
 6.16280000e-03  1.39021765e+00  1.39021748e+00  7.36551513e-01 
 6.17280000e-03  1.41348456e+00  1.41348441e+00  7.36890239e-01 
 6.18280000e-03  1.43413301e+00  1.43413287e+00  7.37503553e-01 
 6.19280000e-03  1.45208149e+00  1.45208137e+00  7.38591035e-01 
 6.20280000e-03  1.46725918e+00  1.46725907e+00  7.40394964e-01 
 6.21280000e-03  1.47960617e+00  1.47960608e+00  7.43145689e-01 
 6.22280000e-03  1.48907374e+00  1.48907366e+00  7.46975952e-01 
 6.23280000e-03  1.49562453e+00  1.49562447e+00  7.51833763e-01 
 6.24280000e-03  1.49923267e+00  1.49923263e+00  7.57439496e-01 
 6.25280000e-03  1.49988394e+00  1.49988391e+00  7.63322291e-01 
 6.26280000e-03  1.49757575e+00  1.49757574e+00  7.68932812e-01 
 6.27280000e-03  1.49231723e+00  1.49231724e+00  7.73787219e-01 
 6.28280000e-03  1.48412912e+00  1.48412914e+00  7.77580544e-01 
 6.29280000e-03  1.47304374e+00  1.47304378e+00  7.80227375e-01 
 6.30280000e-03  1.45910483e+00  1.45910489e+00  7.81827856e-01 
 6.31280000e-03  1.44236741e+00  1.44236749e+00  7.82590159e-01 
 6.32280000e-03  1.42289754e+00  1.42289763e+00  7.82749798e-01 
 6.33280000e-03  1.40077204e+00  1.40077215e+00  7.82513465e-01 
 6.34280000e-03  1.37607825e+00  1.37607838e+00  7.82034707e-01 
 6.35280000e-03  1.34891360e+00  1.34891376e+00  7.81413917e-01 
 6.36280000e-03  1.31938533e+00  1.31938550e+00  7.80710296e-01 
 6.37280000e-03  1.28760994e+00  1.28761014e+00  7.79956035e-01 
 6.38280000e-03  1.25371286e+00  1.25371308e+00  7.79167734e-01 
 6.39280000e-03  1.21782785e+00  1.21782810e+00  7.78353900e-01 
 6.40280000e-03  1.18009654e+00  1.18009681e+00  7.77519207e-01 
 6.41280000e-03  1.14066784e+00  1.14066814e+00  7.76666665e-01 
 6.42280000e-03  1.09969734e+00  1.09969768e+00  7.75798630e-01 
 6.43280000e-03  1.05734676e+00  1.05734714e+00  7.74917234e-01 
 6.44280000e-03  1.01378321e+00  1.01378363e+00  7.74024557e-01 
 6.45280000e-03  9.69178632e-01  9.69179111e-01  7.73122684e-01 
 6.46280000e-03  9.23709057e-01  9.23709586e-01  7.72213733e-01 
 6.47280000e-03  8.77553931e-01  8.77554504e-01  7.71299846e-01 
 6.48280000e-03  8.30895409e-01  8.30896015e-01  7.70383189e-01 
 6.49280000e-03  7.83917629e-01  7.83918255e-01  7.69465944e-01 
 6.50280000e-03  7.36805991e-01  7.36806630e-01  7.68550302e-01 
 6.51280000e-03  6.89746425e-01  6.89747055e-01  7.67638448e-01 
 6.52280000e-03  6.42924652e-01  6.42925252e-01  7.66732556e-01 
 6.53280000e-03  5.96525456e-01  5.96526019e-01  7.65834786e-01 
 6.54280000e-03  5.50731954e-01  5.50732469e-01  7.64947272e-01 
 6.55280000e-03  5.05724872e-01  5.05725334e-01  7.64072108e-01 
 6.56280000e-03  4.61681832e-01  4.61682243e-01  7.63211347e-01 
 6.57280000e-03  4.18776653e-01  4.18777019e-01  7.62366989e-01 
 6.58280000e-03  3.77178661e-01  3.77178990e-01  7.61540971e-01 
 6.59280000e-03  3.37052024e-01  3.37052322e-01  7.60735148e-01 
 6.60280000e-03  2.98555104e-01  2.98555376e-01  7.59951263e-01 
 6.61280000e-03  2.61839831e-01  2.61840080e-01  7.59190849e-01 
 6.62280000e-03  2.27051103e-01  2.27051332e-01  7.58454999e-01 
 6.63280000e-03  1.94326216e-01  1.94326426e-01  7.57743777e-01 
 6.64280000e-03  1.63794319e-01  1.63794512e-01  7.57054942e-01 
 6.65280000e-03  1.35575908e-01  1.35576086e-01  7.56381417e-01 
 6.66280000e-03  1.09782348e-01  1.09782512e-01  7.55707018e-01 
 6.67280000e-03  8.65154352e-02  8.65155852e-02  7.55000498e-01 
 6.68280000e-03  6.58669925e-02  6.58671294e-02  7.54209499e-01 
 6.69280000e-03  4.79185103e-02  4.79186342e-02  7.53258264e-01 
 6.70280000e-03  3.27408229e-02  3.27409340e-02  7.52054626e-01 
 6.71280000e-03  2.03938299e-02  2.03939280e-02  7.50510525e-01 
 6.72280000e-03  1.09262590e-02  1.09263440e-02  7.48574294e-01 
 6.73280000e-03  4.37547462e-03  4.37554593e-03  7.46263882e-01 
 6.74280000e-03  7.67329559e-04  7.67386715e-04  7.43693752e-01 
 6.75280000e-03  1.16063554e-04  1.16106084e-04  7.41026971e-01 
 6.76280000e-03  2.42424686e-03  2.42427415e-03  7.38483414e-01 
 6.77280000e-03  7.68277012e-03  7.68278149e-03  7.36245037e-01 
 6.78280000e-03  1.58708804e-02  1.58708752e-02  7.34435082e-01 
 6.79280000e-03  2.69562628e-02  2.69562406e-02  7.33090128e-01 
 6.80280000e-03  4.08951686e-02  4.08951287e-02  7.32173371e-01 
 6.81280000e-03  5.76325872e-02  5.76325290e-02  7.31604735e-01 
 6.82280000e-03  7.71024637e-02  7.71023866e-02  7.31292497e-01 
 6.83280000e-03  9.92279593e-02  9.92278629e-02  7.31155531e-01 
 6.84280000e-03  1.23921755e-01  1.23921638e-01  7.31133096e-01 
 6.85280000e-03  1.51086395e-01  1.51086258e-01  7.31185051e-01 
 6.86280000e-03  1.80614674e-01  1.80614515e-01  7.31287285e-01 
 6.87280000e-03  2.12390056e-01  2.12389875e-01  7.31426220e-01 
 6.88280000e-03  2.46287140e-01  2.46286934e-01  7.31594349e-01 
 6.89280000e-03  2.82172148e-01  2.82171916e-01  7.31787300e-01 
 6.90280000e-03  3.19903458e-01  3.19903197e-01  7.32002163e-01 
 6.91280000e-03  3.59332164e-01  3.59331870e-01  7.32236635e-01 
 6.92280000e-03  4.00302656e-01  4.00302326e-01  7.32488631e-01 
 6.93280000e-03  4.42653245e-01  4.42652870e-01  7.32756114e-01 
 6.94280000e-03  4.86216790e-01  4.86216365e-01  7.33037032e-01 
 6.95280000e-03  5.30821368e-01  5.30820886e-01  7.33329302e-01 
 6.96280000e-03  5.76290943e-01  5.76290407e-01  7.33630801e-01 
 6.97280000e-03  6.22446069e-01  6.22445486e-01  7.33939379e-01 
 6.98280000e-03  6.69104591e-01  6.69103975e-01  7.34252859e-01 
 6.99280000e-03  7.16082371e-01  7.16081730e-01  7.34569050e-01 
 7.00280000e-03  7.63194009e-01  7.63193362e-01  7.34885754e-01 
 7.01280000e-03  8.10253575e-01  8.10252945e-01  7.35200770e-01 
 7.02280000e-03  8.57075348e-01  8.57074742e-01  7.35511913e-01 
 7.03280000e-03  9.03474544e-01  9.03473974e-01  7.35817013e-01 
 7.04280000e-03  9.49268046e-01  9.49267520e-01  7.36113927e-01 
 7.05280000e-03  9.94275128e-01  9.94274651e-01  7.36400549e-01 
 7.06280000e-03  1.03831817e+00  1.03831774e+00  7.36674817e-01 
 7.07280000e-03  1.08122335e+00  1.08122296e+00  7.36934722e-01 
 7.08280000e-03  1.12282134e+00  1.12282099e+00  7.37178326e-01 
 7.09280000e-03  1.16294798e+00  1.16294765e+00  7.37403788e-01 
 7.10280000e-03  1.20144490e+00  1.20144460e+00  7.37609444e-01 
 7.11280000e-03  1.23816017e+00  1.23815990e+00  7.37794031e-01 
 7.12280000e-03  1.27294890e+00  1.27294865e+00  7.37957282e-01 
 7.13280000e-03  1.30567378e+00  1.30567356e+00  7.38101408e-01 
 7.14280000e-03  1.33620568e+00  1.33620547e+00  7.38234406e-01 
 7.15280000e-03  1.36442409e+00  1.36442390e+00  7.38376611e-01 
 7.16280000e-03  1.39021765e+00  1.39021748e+00  7.38571846e-01 
 7.17280000e-03  1.41348456e+00  1.41348441e+00  7.38903055e-01 
 7.18280000e-03  1.43413301e+00  1.43413287e+00  7.39508257e-01 
 7.19280000e-03  1.45208149e+00  1.45208137e+00  7.40586642e-01 
 7.20280000e-03  1.46725918e+00  1.46725907e+00  7.42380027e-01 
 7.21280000e-03  1.47960617e+00  1.47960608e+00  7.45118340e-01 
 7.22280000e-03  1.48907374e+00  1.48907366e+00  7.48934105e-01 
 7.23280000e-03  1.49562453e+00  1.49562447e+00  7.53775475e-01 
 7.24280000e-03  1.49923267e+00  1.49923263e+00  7.59363389e-01 
 7.25280000e-03  1.49988394e+00  1.49988391e+00  7.65227887e-01 
 7.26280000e-03  1.49757575e+00  1.49757574e+00  7.70820648e-01 
 7.27280000e-03  1.49231723e+00  1.49231724e+00  7.75658700e-01 
 7.28280000e-03  1.48412912e+00  1.48412914e+00  7.79437606e-01 
 7.29280000e-03  1.47304374e+00  1.47304378e+00  7.82072090e-01 
 7.30280000e-03  1.45910483e+00  1.45910489e+00  7.83662101e-01 
 7.31280000e-03  1.44236741e+00  1.44236749e+00  7.84415430e-01 
 7.32280000e-03  1.42289754e+00  1.42289763e+00  7.84567167e-01 
 7.33280000e-03  1.40077204e+00  1.40077215e+00  7.84323630e-01 
 7.34280000e-03  1.37607825e+00  1.37607838e+00  7.83838092e-01 
 7.35280000e-03  1.34891360e+00  1.34891376e+00  7.83210761e-01 
 7.36280000e-03  1.31938533e+00  1.31938550e+00  7.82500735e-01 
 7.37280000e-03  1.28760994e+00  1.28761014e+00  7.81740145e-01 
 7.38280000e-03  1.25371286e+00  1.25371308e+00  7.80945566e-01 
 7.39280000e-03  1.21782785e+00  1.21782810e+00  7.80125490e-01 
 7.40280000e-03  1.18009654e+00  1.18009681e+00  7.79284586e-01 
 7.41280000e-03  1.14066784e+00  1.14066814e+00  7.78425862e-01 
 7.42280000e-03  1.09969734e+00  1.09969768e+00  7.77551672e-01 
 7.43280000e-03  1.05734676e+00  1.05734714e+00  7.76664148e-01 
 7.44280000e-03  1.01378321e+00  1.01378363e+00  7.75765369e-01 
 7.45280000e-03  9.69178632e-01  9.69179111e-01  7.74857423e-01 
 7.46280000e-03  9.23709057e-01  9.23709586e-01  7.73942424e-01 
 7.47280000e-03  8.77553931e-01  8.77554504e-01  7.73022515e-01 
 7.48280000e-03  8.30895409e-01  8.30896015e-01  7.72099863e-01 
 7.49280000e-03  7.83917629e-01  7.83918255e-01  7.71176648e-01 
 7.50280000e-03  7.36805991e-01  7.36806630e-01  7.70255063e-01 
 7.51280000e-03  6.89746425e-01  6.89747055e-01  7.69337291e-01 
 7.52280000e-03  6.42924652e-01  6.42925252e-01  7.68425506e-01 
 7.53280000e-03  5.96525456e-01  5.96526019e-01  7.67521869e-01 
 7.54280000e-03  5.50731954e-01  5.50732469e-01  7.66628512e-01 
 7.55280000e-03  5.05724872e-01  5.05725334e-01  7.65747530e-01 
 7.56280000e-03  4.61681832e-01  4.61682243e-01  7.64880975e-01 
 7.57280000e-03  4.18776653e-01  4.18777019e-01  7.64030848e-01 
 7.58280000e-03  3.77178661e-01  3.77178990e-01  7.63199083e-01 
 7.59280000e-03  3.37052024e-01  3.37052322e-01  7.62387538e-01 
 7.60280000e-03  2.98555104e-01  2.98555376e-01  7.61597954e-01 
 7.61280000e-03  2.61839831e-01  2.61840080e-01  7.60831864e-01 
 7.62280000e-03  2.27051103e-01  2.27051332e-01  7.60090357e-01 
 7.63280000e-03  1.94326216e-01  1.94326426e-01  7.59373498e-01 
 7.64280000e-03  1.63794319e-01  1.63794512e-01  7.58679036e-01 
 7.65280000e-03  1.35575908e-01  1.35576086e-01  7.57999881e-01 
 7.66280000e-03  1.09782348e-01  1.09782512e-01  7.57319819e-01 
 7.67280000e-03  8.65154352e-02  8.65155852e-02  7.56607550e-01 
 7.68280000e-03  6.58669925e-02  6.58671294e-02  7.55810634e-01 
 7.69280000e-03  4.79185103e-02  4.79186342e-02  7.54853200e-01 
 7.70280000e-03  3.27408229e-02  3.27409340e-02  7.53642943e-01 
 7.71280000e-03  2.03938299e-02  2.03939280e-02  7.52091683e-01 
 7.72280000e-03  1.09262590e-02  1.09263440e-02  7.50147684e-01 
 7.73280000e-03  4.37547462e-03  4.37554593e-03  7.47828934e-01 
 7.74280000e-03  7.67329559e-04  7.67386715e-04  7.45250068e-01 
 7.75280000e-03  1.16063554e-04  1.16106084e-04  7.42574395e-01 
 7.76280000e-03  2.42424686e-03  2.42427415e-03  7.40022108e-01 
 7.77280000e-03  7.68277012e-03  7.68278149e-03  7.37775424e-01 
 7.78280000e-03  1.58708804e-02  1.58708752e-02  7.35957765e-01 
 7.79280000e-03  2.69562628e-02  2.69562406e-02  7.34605762e-01 
 7.80280000e-03  4.08951686e-02  4.08951287e-02  7.33682562e-01 
 7.81280000e-03  5.76325872e-02  5.76325290e-02  7.33107974e-01 
 7.82280000e-03  7.71024637e-02  7.71023866e-02  7.32790145e-01 
 7.83280000e-03  9.92279593e-02  9.92278629e-02  7.32647827e-01 
 7.84280000e-03  1.23921755e-01  1.23921638e-01  7.32620190e-01 
 7.85280000e-03  1.51086395e-01  1.51086258e-01  7.32667034e-01 
 7.86280000e-03  1.80614674e-01  1.80614515e-01  7.32764211e-01 
 7.87280000e-03  2.12390056e-01  2.12389875e-01  7.32898123e-01 
 7.88280000e-03  2.46287140e-01  2.46286934e-01  7.33061254e-01 
 7.89280000e-03  2.82172148e-01  2.82171916e-01  7.33249226e-01 
 7.90280000e-03  3.19903458e-01  3.19903197e-01  7.33459127e-01 
 7.91280000e-03  3.59332164e-01  3.59331870e-01  7.33688655e-01 
 7.92280000e-03  4.00302656e-01  4.00302326e-01  7.33935723e-01 
 7.93280000e-03  4.42653245e-01  4.42652870e-01  7.34198293e-01 
 7.94280000e-03  4.86216790e-01  4.86216365e-01  7.34474315e-01 
 7.95280000e-03  5.30821368e-01  5.30820886e-01  7.34761704e-01 
 7.96280000e-03  5.76290943e-01  5.76290407e-01  7.35058339e-01 
 7.97280000e-03  6.22446069e-01  6.22445486e-01  7.35362067e-01 
 7.98280000e-03  6.69104591e-01  6.69103975e-01  7.35670714e-01 
 7.99280000e-03  7.16082371e-01  7.16081730e-01  7.35982088e-01 
 8.00280000e-03  7.63194009e-01  7.63193362e-01  7.36293989e-01 
 8.01280000e-03  8.10253575e-01  8.10252945e-01  7.36604220e-01 
 8.02280000e-03  8.57075348e-01  8.57074742e-01  7.36910592e-01 
 8.03280000e-03  9.03474544e-01  9.03473974e-01  7.37210936e-01 
 8.04280000e-03  9.49268046e-01  9.49267520e-01  7.37503110e-01 
 8.05280000e-03  9.94275128e-01  9.94274651e-01  7.37785008e-01 
 8.06280000e-03  1.03831817e+00  1.03831774e+00  7.38054567e-01 
 8.07280000e-03  1.08122335e+00  1.08122296e+00  7.38309779e-01 
 8.08280000e-03  1.12282134e+00  1.12282099e+00  7.38548706e-01 
 8.09280000e-03  1.16294798e+00  1.16294765e+00  7.38769505e-01 
 8.10280000e-03  1.20144490e+00  1.20144460e+00  7.38970514e-01 
 8.11280000e-03  1.23816017e+00  1.23815990e+00  7.39150469e-01 
 8.12280000e-03  1.27294890e+00  1.27294865e+00  7.39309100e-01 
 8.13280000e-03  1.30567378e+00  1.30567356e+00  7.39448613e-01 
 8.14280000e-03  1.33620568e+00  1.33620547e+00  7.39576992e-01 
 8.15280000e-03  1.36442409e+00  1.36442390e+00  7.39714541e-01 
 8.16280000e-03  1.39021765e+00  1.39021748e+00  7.39905023e-01 
 8.17280000e-03  1.41348456e+00  1.41348441e+00  7.40231269e-01 
 8.18280000e-03  1.43413301e+00  1.43413287e+00  7.40831116e-01 
 8.19280000e-03  1.45208149e+00  1.45208137e+00  7.41903496e-01 
 8.20280000e-03  1.46725918e+00  1.46725907e+00  7.43689923e-01 
 8.21280000e-03  1.47960617e+00  1.47960608e+00  7.46420048e-01 
 8.22280000e-03  1.48907374e+00  1.48907366e+00  7.50226251e-01 
 8.23280000e-03  1.49562453e+00  1.49562447e+00  7.55056778e-01 
 8.24280000e-03  1.49923267e+00  1.49923263e+00  7.60632940e-01 
 8.25280000e-03  1.49988394e+00  1.49988391e+00  7.66485371e-01 
 8.26280000e-03  1.49757575e+00  1.49757574e+00  7.72066418e-01 
 8.27280000e-03  1.49231723e+00  1.49231724e+00  7.76893682e-01 
 8.28280000e-03  1.48412912e+00  1.48412914e+00  7.80663075e-01 
 8.29280000e-03  1.47304374e+00  1.47304378e+00  7.83289410e-01 
 8.30280000e-03  1.45910483e+00  1.45910489e+00  7.84872509e-01 
 8.31280000e-03  1.44236741e+00  1.44236749e+00  7.85619913e-01 
 8.32280000e-03  1.42289754e+00  1.42289763e+00  7.85766430e-01 
 8.33280000e-03  1.40077204e+00  1.40077215e+00  7.85518134e-01 
 8.34280000e-03  1.37607825e+00  1.37607838e+00  7.85028115e-01 
 8.35280000e-03  1.34891360e+00  1.34891376e+00  7.84396462e-01 
 8.36280000e-03  1.31938533e+00  1.31938550e+00  7.83682202e-01 
 8.37280000e-03  1.28760994e+00  1.28761014e+00  7.82917431e-01 
 8.38280000e-03  1.25371286e+00  1.25371308e+00  7.82118702e-01 
 8.39280000e-03  1.21782785e+00  1.21782810e+00  7.81294501e-01 
 8.40280000e-03  1.18009654e+00  1.18009681e+00  7.80449492e-01 
 8.41280000e-03  1.14066784e+00  1.14066814e+00  7.79586682e-01 
 8.42280000e-03  1.09969734e+00  1.09969768e+00  7.78708425e-01 
 8.43280000e-03  1.05734676e+00  1.05734714e+00  7.77816852e-01 
 8.44280000e-03  1.01378321e+00  1.01378363e+00  7.76914042e-01 
 8.45280000e-03  9.69178632e-01  9.69179111e-01  7.76002082e-01 
 8.46280000e-03  9.23709057e-01  9.23709586e-01  7.75083087e-01 
 8.47280000e-03  8.77553931e-01  8.77554504e-01  7.74159200e-01 
 8.48280000e-03  8.30895409e-01  8.30896015e-01  7.73232586e-01 
 8.49280000e-03  7.83917629e-01  7.83918255e-01  7.72305428e-01 
 8.50280000e-03  7.36805991e-01  7.36806630e-01  7.71379915e-01 
 8.51280000e-03  6.89746425e-01  6.89747055e-01  7.70458234e-01 
 8.52280000e-03  6.42924652e-01  6.42925252e-01  7.69542556e-01 
 8.53280000e-03  5.96525456e-01  5.96526019e-01  7.68635042e-01 
 8.54280000e-03  5.50731954e-01  5.50732469e-01  7.67737825e-01 
 8.55280000e-03  5.05724872e-01  5.05725334e-01  7.66852999e-01 
 8.56280000e-03  4.61681832e-01  4.61682243e-01  7.65982618e-01 
 8.57280000e-03  4.18776653e-01  4.18777019e-01  7.65128679e-01 
 8.58280000e-03  3.77178661e-01  3.77178990e-01  7.64293119e-01 
 8.59280000e-03  3.37052024e-01  3.37052322e-01  7.63477794e-01 
 8.60280000e-03  2.98555104e-01  2.98555376e-01  7.62684445e-01 
 8.61280000e-03  2.61839831e-01  2.61840080e-01  7.61914605e-01 
 8.62280000e-03  2.27051103e-01  2.27051332e-01  7.61169363e-01 
 8.63280000e-03  1.94326216e-01  1.94326426e-01  7.60448780e-01 
 8.64280000e-03  1.63794319e-01  1.63794512e-01  7.59750602e-01 
 8.65280000e-03  1.35575908e-01  1.35576086e-01  7.59067728e-01 
 8.66280000e-03  1.09782348e-01  1.09782512e-01  7.58383925e-01 
 8.67280000e-03  8.65154352e-02  8.65155852e-02  7.57667860e-01 
 8.68280000e-03  6.58669925e-02  6.58671294e-02  7.56867037e-01 
 8.69280000e-03  4.79185103e-02  4.79186342e-02  7.55905508e-01 
 8.70280000e-03  3.27408229e-02  3.27409340e-02  7.54690882e-01 
 8.71280000e-03  2.03938299e-02  2.03939280e-02  7.53134894e-01 
 8.72280000e-03  1.09262590e-02  1.09263440e-02  7.51185768e-01 
 8.73280000e-03  4.37547462e-03  4.37554593e-03  7.48861514e-01 
 8.74280000e-03  7.67329559e-04  7.67386715e-04  7.46276881e-01 
 8.75280000e-03  1.16063554e-04  1.16106084e-04  7.43595340e-01 
 8.76280000e-03  2.42424686e-03  2.42427415e-03  7.41037291e-01 
 8.77280000e-03  7.68277012e-03  7.68278149e-03  7.38785125e-01 
 8.78280000e-03  1.58708804e-02  1.58708752e-02  7.36962380e-01 
 8.79280000e-03  2.69562628e-02  2.69562406e-02  7.35605724e-01 
 8.80280000e-03  4.08951686e-02  4.08951287e-02  7.34678272e-01 
 8.81280000e-03  5.76325872e-02  5.76325290e-02  7.34099755e-01 
 8.82280000e-03  7.71024637e-02  7.71023866e-02  7.33778234e-01 
 8.83280000e-03  9.92279593e-02  9.92278629e-02  7.33632384e-01 
 8.84280000e-03  1.23921755e-01  1.23921638e-01  7.33601314e-01 
 8.85280000e-03  1.51086395e-01  1.51086258e-01  7.33644783e-01 
 8.86280000e-03  1.80614674e-01  1.80614515e-01  7.33738622e-01 
 8.87280000e-03  2.12390056e-01  2.12389875e-01  7.33869218e-01 
 8.88280000e-03  2.46287140e-01  2.46286934e-01  7.34029049e-01 
 8.89280000e-03  2.82172148e-01  2.82171916e-01  7.34213735e-01 
 8.90280000e-03  3.19903458e-01  3.19903197e-01  7.34420361e-01 
 8.91280000e-03  3.59332164e-01  3.59331870e-01  7.34646625e-01 
 8.92280000e-03  4.00302656e-01  4.00302326e-01  7.34890439e-01 
 8.93280000e-03  4.42653245e-01  4.42652870e-01  7.35149767e-01 
 8.94280000e-03  4.86216790e-01  4.86216365e-01  7.35422557e-01 
 8.95280000e-03  5.30821368e-01  5.30820886e-01  7.35706724e-01 
 8.96280000e-03  5.76290943e-01  5.76290407e-01  7.36000147e-01 
 8.97280000e-03  6.22446069e-01  6.22445486e-01  7.36300675e-01 
 8.98280000e-03  6.69104591e-01  6.69103975e-01  7.36606131e-01 
 8.99280000e-03  7.16082371e-01  7.16081730e-01  7.36914325e-01 
 9.00280000e-03  7.63194009e-01  7.63193362e-01  7.37223056e-01 
 9.01280000e-03  8.10253575e-01  8.10252945e-01  7.37530127e-01 
 9.02280000e-03  8.57075348e-01  8.57074742e-01  7.37833350e-01 
 9.03280000e-03  9.03474544e-01  9.03473974e-01  7.38130555e-01 
 9.04280000e-03  9.49268046e-01  9.49267520e-01  7.38419601e-01 
 9.05280000e-03  9.94275128e-01  9.94274651e-01  7.38698380e-01 
 9.06280000e-03  1.03831817e+00  1.03831774e+00  7.38964831e-01 
 9.07280000e-03  1.08122335e+00  1.08122296e+00  7.39216945e-01 
 9.08280000e-03  1.12282134e+00  1.12282099e+00  7.39452783e-01 
 9.09280000e-03  1.16294798e+00  1.16294765e+00  7.39670505e-01 
 9.10280000e-03  1.20144490e+00  1.20144460e+00  7.39868447e-01 
 9.11280000e-03  1.23816017e+00  1.23815990e+00  7.40045343e-01 
 9.12280000e-03  1.27294890e+00  1.27294865e+00  7.40200925e-01 
 9.13280000e-03  1.30567378e+00  1.30567356e+00  7.40337393e-01 
 9.14280000e-03  1.33620568e+00  1.33620547e+00  7.40462723e-01 
 9.15280000e-03  1.36442409e+00  1.36442390e+00  7.40597199e-01 
 9.16280000e-03  1.39021765e+00  1.39021748e+00  7.40784544e-01 
 9.17280000e-03  1.41348456e+00  1.41348441e+00  7.41107514e-01 
 9.18280000e-03  1.43413301e+00  1.43413287e+00  7.41703826e-01 
 9.19280000e-03  1.45208149e+00  1.45208137e+00  7.42772244e-01 
 9.20280000e-03  1.46725918e+00  1.46725907e+00  7.44554081e-01 
 9.21280000e-03  1.47960617e+00  1.47960608e+00  7.47278805e-01 
 9.22280000e-03  1.48907374e+00  1.48907366e+00  7.51078701e-01 
 9.23280000e-03  1.49562453e+00  1.49562447e+00  7.55902077e-01 
 9.24280000e-03  1.49923267e+00  1.49923263e+00  7.61470490e-01 
 9.25280000e-03  1.49988394e+00  1.49988391e+00  7.67314963e-01 
 9.26280000e-03  1.49757575e+00  1.49757574e+00  7.72888284e-01 
 9.27280000e-03  1.49231723e+00  1.49231724e+00  7.77708432e-01 
 9.28280000e-03  1.48412912e+00  1.48412914e+00  7.81471551e-01 
 9.29280000e-03  1.47304374e+00  1.47304378e+00  7.84092510e-01 
 9.30280000e-03  1.45910483e+00  1.45910489e+00  7.85671047e-01 
 9.31280000e-03  1.44236741e+00  1.44236749e+00  7.86414540e-01 
 9.32280000e-03  1.42289754e+00  1.42289763e+00  7.86557612e-01 
 9.33280000e-03  1.40077204e+00  1.40077215e+00  7.86306173e-01 
 9.34280000e-03  1.37607825e+00  1.37607838e+00  7.85813195e-01 
 9.35280000e-03  1.34891360e+00  1.34891376e+00  7.85178688e-01 
 9.36280000e-03  1.31938533e+00  1.31938550e+00  7.84461632e-01 
 9.37280000e-03  1.28760994e+00  1.28761014e+00  7.83694099e-01 
 9.38280000e-03  1.25371286e+00  1.25371308e+00  7.82892631e-01 
 9.39280000e-03  1.21782785e+00  1.21782810e+00  7.82065706e-01 
 9.40280000e-03  1.18009654e+00  1.18009681e+00  7.81217986e-01 
 9.41280000e-03  1.14066784e+00  1.14066814e+00  7.80352479e-01 
 9.42280000e-03  1.09969734e+00  1.09969768e+00  7.79471536e-01 
 9.43280000e-03  1.05734676e+00  1.05734714e+00  7.78577288e-01 
 9.44280000e-03  1.01378321e+00  1.01378363e+00  7.77671817e-01 
 9.45280000e-03  9.69178632e-01  9.69179111e-01  7.76757206e-01 
 9.46280000e-03  9.23709057e-01  9.23709586e-01  7.75835572e-01 
 9.47280000e-03  8.77553931e-01  8.77554504e-01  7.74909058e-01 
 9.48280000e-03  8.30895409e-01  8.30896015e-01  7.73979829e-01 
 9.49280000e-03  7.83917629e-01  7.83918255e-01  7.73050067e-01 
 9.50280000e-03  7.36805991e-01  7.36806630e-01  7.72121961e-01 
 9.51280000e-03  6.89746425e-01  6.89747055e-01  7.71197698e-01 
 9.52280000e-03  6.42924652e-01  6.42925252e-01  7.70279450e-01 
 9.53280000e-03  5.96525456e-01  5.96526019e-01  7.69369378e-01 
 9.54280000e-03  5.50731954e-01  5.50732469e-01  7.68469612e-01 
 9.55280000e-03  5.05724872e-01  5.05725334e-01  7.67582249e-01 
 9.56280000e-03  4.61681832e-01  4.61682243e-01  7.66709340e-01 
 9.57280000e-03  4.18776653e-01  4.18777019e-01  7.65852885e-01 
 9.58280000e-03  3.77178661e-01  3.77178990e-01  7.65014819e-01 
 9.59280000e-03  3.37052024e-01  3.37052322e-01  7.64196999e-01 
 9.60280000e-03  2.98555104e-01  2.98555376e-01  7.63401164e-01 
 9.61280000e-03  2.61839831e-01  2.61840080e-01  7.62628849e-01 
 9.62280000e-03  2.27051103e-01  2.27051332e-01  7.61881141e-01 
 9.63280000e-03  1.94326216e-01  1.94326426e-01  7.61158100e-01 
 9.64280000e-03  1.63794319e-01  1.63794512e-01  7.60457468e-01 
 9.65280000e-03  1.35575908e-01  1.35576086e-01  7.59772140e-01 
 9.66280000e-03  1.09782348e-01  1.09782512e-01  7.59085868e-01 
 9.67280000e-03  8.65154352e-02  8.65155852e-02  7.58367297e-01 
 9.68280000e-03  6.58669925e-02  6.58671294e-02  7.57563895e-01 
 9.69280000e-03  4.79185103e-02  4.79186342e-02  7.56599664e-01 
 9.70280000e-03  3.27408229e-02  3.27409340e-02  7.55382154e-01 
 9.71280000e-03  2.03938299e-02  2.03939280e-02  7.53823047e-01 
 9.72280000e-03  1.09262590e-02  1.09263440e-02  7.51870536e-01 
 9.73280000e-03  4.37547462e-03  4.37554593e-03  7.49542651e-01 
 9.74280000e-03  7.67329559e-04  7.67386715e-04  7.46954213e-01 
 9.75280000e-03  1.16063554e-04  1.16106084e-04  7.44268799e-01 
 9.76280000e-03  2.42424686e-03  2.42427415e-03  7.41706948e-01 
 9.77280000e-03  7.68277012e-03  7.68278149e-03  7.39451165e-01 
 9.78280000e-03  1.58708804e-02  1.58708752e-02  7.37625064e-01 
 9.79280000e-03  2.69562628e-02  2.69562406e-02  7.36265339e-01 
 9.80280000e-03  4.08951686e-02  4.08951287e-02  7.35335080e-01 
 9.81280000e-03  5.76325872e-02  5.76325290e-02  7.34753971e-01 
 9.82280000e-03  7.71024637e-02  7.71023866e-02  7.34430014e-01 
 9.83280000e-03  9.92279593e-02  9.92278629e-02  7.34281833e-01 
 9.84280000e-03  1.23921755e-01  1.23921638e-01  7.34248497e-01 
 9.85280000e-03  1.51086395e-01  1.51086258e-01  7.34289740e-01 
 9.86280000e-03  1.80614674e-01  1.80614515e-01  7.34381376e-01 
 9.87280000e-03  2.12390056e-01  2.12389875e-01  7.34509784e-01 
 9.88280000e-03  2.46287140e-01  2.46286934e-01  7.34667438e-01 
 9.89280000e-03  2.82172148e-01  2.82171916e-01  7.34849955e-01 
 9.90280000e-03  3.19903458e-01  3.19903197e-01  7.35054420e-01 
 9.91280000e-03  3.59332164e-01  3.59331870e-01  7.35278530e-01 
 9.92280000e-03  4.00302656e-01  4.00302326e-01  7.35520198e-01 
 9.93280000e-03  4.42653245e-01  4.42652870e-01  7.35777386e-01 
 9.94280000e-03  4.86216790e-01  4.86216365e-01  7.36048043e-01 
 9.95280000e-03  5.30821368e-01  5.30820886e-01  7.36330084e-01 
 9.96280000e-03  5.76290943e-01  5.76290407e-01  7.36621388e-01 
 9.97280000e-03  6.22446069e-01  6.22445486e-01  7.36919804e-01 
 9.98280000e-03  6.69104591e-01  6.69103975e-01  7.37223154e-01 
 9.99280000e-03  7.16082371e-01  7.16081730e-01  7.37529249e-01 
 1.00000000e-02  7.50000000e-01  7.49999357e-01  7.37750102e-01 
