 frequency       v(Aol_dB)       v(Aol_arg)     
 1.00000000e-01  2.74429913e+01 -1.45582179e-06 
 1.02305973e-01  2.74429913e+01 -1.48939265e-06 
 1.04665121e-01  2.74429913e+01 -1.52373764e-06 
 1.07078670e-01  2.74429913e+01 -1.55887462e-06 
 1.09547876e-01  2.74429913e+01 -1.59482185e-06 
 1.12074020e-01  2.74429913e+01 -1.63159801e-06 
 1.14658417e-01  2.74429913e+01 -1.66922222e-06 
 1.17302409e-01  2.74429913e+01 -1.70771403e-06 
 1.20007371e-01  2.74429913e+01 -1.74709346e-06 
 1.22774708e-01  2.74429913e+01 -1.78738096e-06 
 1.25605860e-01  2.74429913e+01 -1.82859748e-06 
 1.28502297e-01  2.74429913e+01 -1.87076445e-06 
 1.31465525e-01  2.74429913e+01 -1.91390377e-06 
 1.34497085e-01  2.74429913e+01 -1.95803787e-06 
 1.37598551e-01  2.74429913e+01 -2.00318970e-06 
 1.40771537e-01  2.74429913e+01 -2.04938271e-06 
 1.44017690e-01  2.74429913e+01 -2.09664092e-06 
 1.47338699e-01  2.74429913e+01 -2.14498890e-06 
 1.50736290e-01  2.74429913e+01 -2.19445176e-06 
 1.54212228e-01  2.74429913e+01 -2.24505523e-06 
 1.57768320e-01  2.74429913e+01 -2.29682559e-06 
 1.61406415e-01  2.74429913e+01 -2.34978977e-06 
 1.65128404e-01  2.74429913e+01 -2.40397529e-06 
 1.68936220e-01  2.74429913e+01 -2.45941031e-06 
 1.72831844e-01  2.74429913e+01 -2.51612364e-06 
 1.76817299e-01  2.74429913e+01 -2.57414478e-06 
 1.80894658e-01  2.74429913e+01 -2.63350386e-06 
 1.85066040e-01  2.74429913e+01 -2.69423175e-06 
 1.89333613e-01  2.74429913e+01 -2.75636000e-06 
 1.93699595e-01  2.74429913e+01 -2.81992092e-06 
 1.98166255e-01  2.74429913e+01 -2.88494753e-06 
 2.02735916e-01  2.74429913e+01 -2.95147365e-06 
 2.07410951e-01  2.74429913e+01 -3.01953383e-06 
 2.12193792e-01  2.74429913e+01 -3.08916346e-06 
 2.17086923e-01  2.74429913e+01 -3.16039874e-06 
 2.22092889e-01  2.74429913e+01 -3.23327668e-06 
 2.27214291e-01  2.74429913e+01 -3.30783517e-06 
 2.32453791e-01  2.74429913e+01 -3.38411295e-06 
 2.37814113e-01  2.74429913e+01 -3.46214968e-06 
 2.43298042e-01  2.74429913e+01 -3.54198592e-06 
 2.48908429e-01  2.74429913e+01 -3.62366316e-06 
 2.54648190e-01  2.74429913e+01 -3.70722385e-06 
 2.60520309e-01  2.74429913e+01 -3.79271143e-06 
 2.66527837e-01  2.74429913e+01 -3.88017033e-06 
 2.72673897e-01  2.74429913e+01 -3.96964601e-06 
 2.78961683e-01  2.74429913e+01 -4.06118498e-06 
 2.85394464e-01  2.74429913e+01 -4.15483481e-06 
 2.91975583e-01  2.74429913e+01 -4.25064417e-06 
 2.98708461e-01  2.74429913e+01 -4.34866288e-06 
 3.05596598e-01  2.74429913e+01 -4.44894187e-06 
 3.12643573e-01  2.74429913e+01 -4.55153327e-06 
 3.19853049e-01  2.74429913e+01 -4.65649040e-06 
 3.27228774e-01  2.74429913e+01 -4.76386781e-06 
 3.34774581e-01  2.74429913e+01 -4.87372131e-06 
 3.42494392e-01  2.74429913e+01 -4.98610801e-06 
 3.50392221e-01  2.74429913e+01 -5.10108631e-06 
 3.58472171e-01  2.74429913e+01 -5.21871598e-06 
 3.66738442e-01  2.74429913e+01 -5.33905817e-06 
 3.75195331e-01  2.74429913e+01 -5.46217540e-06 
 3.83847234e-01  2.74429913e+01 -5.58813169e-06 
 3.92698648e-01  2.74429913e+01 -5.71699250e-06 
 4.01754173e-01  2.74429913e+01 -5.84882480e-06 
 4.11018515e-01  2.74429913e+01 -5.98369712e-06 
 4.20496491e-01  2.74429913e+01 -6.12167956e-06 
 4.30193027e-01  2.74429913e+01 -6.26284384e-06 
 4.40113162e-01  2.74429913e+01 -6.40726333e-06 
 4.50262052e-01  2.74429913e+01 -6.55501309e-06 
 4.60644974e-01  2.74429913e+01 -6.70616992e-06 
 4.71267322e-01  2.74429913e+01 -6.86081238e-06 
 4.82134619e-01  2.74429913e+01 -7.01902087e-06 
 4.93252513e-01  2.74429913e+01 -7.18087759e-06 
 5.04626783e-01  2.74429913e+01 -7.34646669e-06 
 5.16263340e-01  2.74429913e+01 -7.51587422e-06 
 5.28168234e-01  2.74429913e+01 -7.68918825e-06 
 5.40347650e-01  2.74429913e+01 -7.86649886e-06 
 5.52807921e-01  2.74429913e+01 -8.04789820e-06 
 5.65555523e-01  2.74429913e+01 -8.23348055e-06 
 5.78597080e-01  2.74429913e+01 -8.42334239e-06 
 5.91939372e-01  2.74429913e+01 -8.61758239e-06 
 6.05589334e-01  2.74429913e+01 -8.81630151e-06 
 6.19554061e-01  2.74429913e+01 -9.01960304e-06 
 6.33840810e-01  2.74429913e+01 -9.22759265e-06 
 6.48457008e-01  2.74429913e+01 -9.44037845e-06 
 6.63410251e-01  2.74429913e+01 -9.65807102e-06 
 6.78708313e-01  2.74429913e+01 -9.88078353e-06 
 6.94359143e-01  2.74429913e+01 -1.01086317e-05 
 7.10370877e-01  2.74429913e+01 -1.03417340e-05 
 7.26751838e-01  2.74429913e+01 -1.05802116e-05 
 7.43510539e-01  2.74429913e+01 -1.08241885e-05 
 7.60655691e-01  2.74429913e+01 -1.10737913e-05 
 7.78196206e-01  2.74429913e+01 -1.13291500e-05 
 7.96141200e-01  2.74429913e+01 -1.15903971e-05 
 8.14500001e-01  2.74429913e+01 -1.18576685e-05 
 8.33282151e-01  2.74429913e+01 -1.21311032e-05 
 8.52497412e-01  2.74429913e+01 -1.24108431e-05 
 8.72155772e-01  2.74429913e+01 -1.26970338e-05 
 8.92267449e-01  2.74429913e+01 -1.29898240e-05 
 9.12842895e-01  2.74429913e+01 -1.32893658e-05 
 9.33892805e-01  2.74429913e+01 -1.35958150e-05 
 9.55428121e-01  2.74429913e+01 -1.39093308e-05 
 9.77460036e-01  2.74429913e+01 -1.42300762e-05 
 1.00000000e+00  2.74429913e+01 -1.45582179e-05 
 1.02305973e+00  2.74429913e+01 -1.48939265e-05 
 1.04665121e+00  2.74429913e+01 -1.52373764e-05 
 1.07078670e+00  2.74429913e+01 -1.55887462e-05 
 1.09547876e+00  2.74429913e+01 -1.59482185e-05 
 1.12074020e+00  2.74429913e+01 -1.63159801e-05 
 1.14658417e+00  2.74429913e+01 -1.66922222e-05 
 1.17302409e+00  2.74429913e+01 -1.70771403e-05 
 1.20007371e+00  2.74429913e+01 -1.74709346e-05 
 1.22774708e+00  2.74429913e+01 -1.78738096e-05 
 1.25605860e+00  2.74429913e+01 -1.82859748e-05 
 1.28502297e+00  2.74429913e+01 -1.87076445e-05 
 1.31465525e+00  2.74429913e+01 -1.91390377e-05 
 1.34497085e+00  2.74429913e+01 -1.95803787e-05 
 1.37598551e+00  2.74429913e+01 -2.00318970e-05 
 1.40771537e+00  2.74429913e+01 -2.04938271e-05 
 1.44017690e+00  2.74429913e+01 -2.09664092e-05 
 1.47338699e+00  2.74429913e+01 -2.14498890e-05 
 1.50736290e+00  2.74429913e+01 -2.19445176e-05 
 1.54212228e+00  2.74429913e+01 -2.24505523e-05 
 1.57768320e+00  2.74429913e+01 -2.29682559e-05 
 1.61406415e+00  2.74429913e+01 -2.34978977e-05 
 1.65128404e+00  2.74429913e+01 -2.40397529e-05 
 1.68936220e+00  2.74429913e+01 -2.45941031e-05 
 1.72831844e+00  2.74429913e+01 -2.51612364e-05 
 1.76817299e+00  2.74429913e+01 -2.57414478e-05 
 1.80894658e+00  2.74429913e+01 -2.63350386e-05 
 1.85066040e+00  2.74429913e+01 -2.69423175e-05 
 1.89333613e+00  2.74429913e+01 -2.75636000e-05 
 1.93699595e+00  2.74429913e+01 -2.81992092e-05 
 1.98166255e+00  2.74429913e+01 -2.88494753e-05 
 2.02735916e+00  2.74429913e+01 -2.95147365e-05 
 2.07410951e+00  2.74429913e+01 -3.01953383e-05 
 2.12193792e+00  2.74429913e+01 -3.08916346e-05 
 2.17086923e+00  2.74429913e+01 -3.16039874e-05 
 2.22092889e+00  2.74429913e+01 -3.23327668e-05 
 2.27214291e+00  2.74429913e+01 -3.30783517e-05 
 2.32453791e+00  2.74429913e+01 -3.38411295e-05 
 2.37814113e+00  2.74429913e+01 -3.46214968e-05 
 2.43298042e+00  2.74429913e+01 -3.54198592e-05 
 2.48908429e+00  2.74429913e+01 -3.62366316e-05 
 2.54648190e+00  2.74429913e+01 -3.70722385e-05 
 2.60520309e+00  2.74429913e+01 -3.79271143e-05 
 2.66527837e+00  2.74429913e+01 -3.88017033e-05 
 2.72673897e+00  2.74429913e+01 -3.96964601e-05 
 2.78961683e+00  2.74429913e+01 -4.06118498e-05 
 2.85394464e+00  2.74429913e+01 -4.15483481e-05 
 2.91975583e+00  2.74429913e+01 -4.25064417e-05 
 2.98708461e+00  2.74429913e+01 -4.34866288e-05 
 3.05596598e+00  2.74429913e+01 -4.44894187e-05 
 3.12643573e+00  2.74429913e+01 -4.55153327e-05 
 3.19853049e+00  2.74429913e+01 -4.65649040e-05 
 3.27228774e+00  2.74429913e+01 -4.76386781e-05 
 3.34774581e+00  2.74429913e+01 -4.87372131e-05 
 3.42494392e+00  2.74429913e+01 -4.98610801e-05 
 3.50392221e+00  2.74429913e+01 -5.10108631e-05 
 3.58472171e+00  2.74429913e+01 -5.21871598e-05 
 3.66738442e+00  2.74429913e+01 -5.33905817e-05 
 3.75195331e+00  2.74429913e+01 -5.46217540e-05 
 3.83847234e+00  2.74429913e+01 -5.58813169e-05 
 3.92698648e+00  2.74429913e+01 -5.71699250e-05 
 4.01754173e+00  2.74429913e+01 -5.84882480e-05 
 4.11018515e+00  2.74429913e+01 -5.98369712e-05 
 4.20496491e+00  2.74429913e+01 -6.12167956e-05 
 4.30193027e+00  2.74429913e+01 -6.26284384e-05 
 4.40113162e+00  2.74429913e+01 -6.40726333e-05 
 4.50262052e+00  2.74429913e+01 -6.55501309e-05 
 4.60644974e+00  2.74429913e+01 -6.70616992e-05 
 4.71267322e+00  2.74429913e+01 -6.86081238e-05 
 4.82134619e+00  2.74429913e+01 -7.01902087e-05 
 4.93252513e+00  2.74429913e+01 -7.18087759e-05 
 5.04626783e+00  2.74429913e+01 -7.34646669e-05 
 5.16263340e+00  2.74429913e+01 -7.51587422e-05 
 5.28168234e+00  2.74429913e+01 -7.68918825e-05 
 5.40347650e+00  2.74429913e+01 -7.86649886e-05 
 5.52807921e+00  2.74429913e+01 -8.04789820e-05 
 5.65555523e+00  2.74429913e+01 -8.23348055e-05 
 5.78597080e+00  2.74429913e+01 -8.42334239e-05 
 5.91939372e+00  2.74429913e+01 -8.61758239e-05 
 6.05589334e+00  2.74429913e+01 -8.81630151e-05 
 6.19554061e+00  2.74429913e+01 -9.01960304e-05 
 6.33840810e+00  2.74429913e+01 -9.22759265e-05 
 6.48457008e+00  2.74429913e+01 -9.44037845e-05 
 6.63410251e+00  2.74429913e+01 -9.65807102e-05 
 6.78708313e+00  2.74429913e+01 -9.88078353e-05 
 6.94359143e+00  2.74429913e+01 -1.01086317e-04 
 7.10370877e+00  2.74429913e+01 -1.03417340e-04 
 7.26751838e+00  2.74429913e+01 -1.05802116e-04 
 7.43510539e+00  2.74429913e+01 -1.08241885e-04 
 7.60655691e+00  2.74429913e+01 -1.10737913e-04 
 7.78196206e+00  2.74429913e+01 -1.13291500e-04 
 7.96141200e+00  2.74429913e+01 -1.15903971e-04 
 8.14500001e+00  2.74429913e+01 -1.18576685e-04 
 8.33282151e+00  2.74429913e+01 -1.21311032e-04 
 8.52497412e+00  2.74429913e+01 -1.24108431e-04 
 8.72155772e+00  2.74429913e+01 -1.26970338e-04 
 8.92267449e+00  2.74429913e+01 -1.29898240e-04 
 9.12842895e+00  2.74429913e+01 -1.32893658e-04 
 9.33892805e+00  2.74429913e+01 -1.35958150e-04 
 9.55428121e+00  2.74429913e+01 -1.39093308e-04 
 9.77460036e+00  2.74429913e+01 -1.42300762e-04 
 1.00000000e+01  2.74429913e+01 -1.45582179e-04 
 1.02305973e+01  2.74429913e+01 -1.48939265e-04 
 1.04665121e+01  2.74429913e+01 -1.52373764e-04 
 1.07078670e+01  2.74429913e+01 -1.55887462e-04 
 1.09547876e+01  2.74429913e+01 -1.59482185e-04 
 1.12074020e+01  2.74429913e+01 -1.63159801e-04 
 1.14658417e+01  2.74429913e+01 -1.66922222e-04 
 1.17302409e+01  2.74429913e+01 -1.70771403e-04 
 1.20007371e+01  2.74429913e+01 -1.74709346e-04 
 1.22774708e+01  2.74429913e+01 -1.78738096e-04 
 1.25605860e+01  2.74429913e+01 -1.82859748e-04 
 1.28502297e+01  2.74429913e+01 -1.87076445e-04 
 1.31465525e+01  2.74429913e+01 -1.91390377e-04 
 1.34497085e+01  2.74429913e+01 -1.95803787e-04 
 1.37598551e+01  2.74429913e+01 -2.00318970e-04 
 1.40771537e+01  2.74429913e+01 -2.04938271e-04 
 1.44017690e+01  2.74429913e+01 -2.09664092e-04 
 1.47338699e+01  2.74429913e+01 -2.14498890e-04 
 1.50736290e+01  2.74429913e+01 -2.19445176e-04 
 1.54212228e+01  2.74429913e+01 -2.24505522e-04 
 1.57768320e+01  2.74429913e+01 -2.29682559e-04 
 1.61406415e+01  2.74429913e+01 -2.34978977e-04 
 1.65128404e+01  2.74429913e+01 -2.40397529e-04 
 1.68936220e+01  2.74429913e+01 -2.45941031e-04 
 1.72831844e+01  2.74429913e+01 -2.51612364e-04 
 1.76817299e+01  2.74429913e+01 -2.57414478e-04 
 1.80894658e+01  2.74429913e+01 -2.63350386e-04 
 1.85066040e+01  2.74429913e+01 -2.69423175e-04 
 1.89333613e+01  2.74429913e+01 -2.75636000e-04 
 1.93699595e+01  2.74429913e+01 -2.81992092e-04 
 1.98166255e+01  2.74429913e+01 -2.88494753e-04 
 2.02735916e+01  2.74429913e+01 -2.95147365e-04 
 2.07410951e+01  2.74429913e+01 -3.01953383e-04 
 2.12193792e+01  2.74429913e+01 -3.08916346e-04 
 2.17086923e+01  2.74429913e+01 -3.16039874e-04 
 2.22092889e+01  2.74429913e+01 -3.23327668e-04 
 2.27214291e+01  2.74429913e+01 -3.30783517e-04 
 2.32453791e+01  2.74429913e+01 -3.38411295e-04 
 2.37814113e+01  2.74429913e+01 -3.46214968e-04 
 2.43298042e+01  2.74429913e+01 -3.54198592e-04 
 2.48908429e+01  2.74429913e+01 -3.62366316e-04 
 2.54648190e+01  2.74429913e+01 -3.70722385e-04 
 2.60520309e+01  2.74429913e+01 -3.79271143e-04 
 2.66527837e+01  2.74429913e+01 -3.88017033e-04 
 2.72673897e+01  2.74429913e+01 -3.96964601e-04 
 2.78961683e+01  2.74429913e+01 -4.06118498e-04 
 2.85394464e+01  2.74429913e+01 -4.15483481e-04 
 2.91975583e+01  2.74429913e+01 -4.25064417e-04 
 2.98708461e+01  2.74429913e+01 -4.34866288e-04 
 3.05596598e+01  2.74429913e+01 -4.44894187e-04 
 3.12643573e+01  2.74429913e+01 -4.55153327e-04 
 3.19853049e+01  2.74429913e+01 -4.65649040e-04 
 3.27228774e+01  2.74429913e+01 -4.76386781e-04 
 3.34774581e+01  2.74429913e+01 -4.87372131e-04 
 3.42494392e+01  2.74429913e+01 -4.98610801e-04 
 3.50392221e+01  2.74429913e+01 -5.10108631e-04 
 3.58472171e+01  2.74429913e+01 -5.21871598e-04 
 3.66738442e+01  2.74429913e+01 -5.33905817e-04 
 3.75195331e+01  2.74429913e+01 -5.46217540e-04 
 3.83847234e+01  2.74429913e+01 -5.58813169e-04 
 3.92698648e+01  2.74429913e+01 -5.71699250e-04 
 4.01754173e+01  2.74429913e+01 -5.84882480e-04 
 4.11018515e+01  2.74429913e+01 -5.98369712e-04 
 4.20496491e+01  2.74429913e+01 -6.12167956e-04 
 4.30193027e+01  2.74429913e+01 -6.26284384e-04 
 4.40113162e+01  2.74429913e+01 -6.40726333e-04 
 4.50262052e+01  2.74429913e+01 -6.55501309e-04 
 4.60644974e+01  2.74429913e+01 -6.70616992e-04 
 4.71267322e+01  2.74429913e+01 -6.86081238e-04 
 4.82134619e+01  2.74429913e+01 -7.01902086e-04 
 4.93252513e+01  2.74429913e+01 -7.18087759e-04 
 5.04626783e+01  2.74429913e+01 -7.34646669e-04 
 5.16263340e+01  2.74429913e+01 -7.51587422e-04 
 5.28168234e+01  2.74429913e+01 -7.68918825e-04 
 5.40347650e+01  2.74429913e+01 -7.86649886e-04 
 5.52807921e+01  2.74429913e+01 -8.04789820e-04 
 5.65555523e+01  2.74429913e+01 -8.23348055e-04 
 5.78597080e+01  2.74429913e+01 -8.42334239e-04 
 5.91939372e+01  2.74429913e+01 -8.61758239e-04 
 6.05589334e+01  2.74429913e+01 -8.81630151e-04 
 6.19554061e+01  2.74429913e+01 -9.01960304e-04 
 6.33840810e+01  2.74429913e+01 -9.22759265e-04 
 6.48457008e+01  2.74429913e+01 -9.44037845e-04 
 6.63410251e+01  2.74429913e+01 -9.65807102e-04 
 6.78708313e+01  2.74429913e+01 -9.88078353e-04 
 6.94359143e+01  2.74429913e+01 -1.01086317e-03 
 7.10370877e+01  2.74429913e+01 -1.03417340e-03 
 7.26751838e+01  2.74429913e+01 -1.05802116e-03 
 7.43510539e+01  2.74429913e+01 -1.08241885e-03 
 7.60655691e+01  2.74429913e+01 -1.10737913e-03 
 7.78196206e+01  2.74429913e+01 -1.13291500e-03 
 7.96141200e+01  2.74429913e+01 -1.15903971e-03 
 8.14500001e+01  2.74429913e+01 -1.18576685e-03 
 8.33282151e+01  2.74429913e+01 -1.21311032e-03 
 8.52497412e+01  2.74429913e+01 -1.24108431e-03 
 8.72155772e+01  2.74429913e+01 -1.26970338e-03 
 8.92267449e+01  2.74429913e+01 -1.29898240e-03 
 9.12842895e+01  2.74429913e+01 -1.32893658e-03 
 9.33892805e+01  2.74429913e+01 -1.35958150e-03 
 9.55428121e+01  2.74429913e+01 -1.39093308e-03 
 9.77460036e+01  2.74429913e+01 -1.42300762e-03 
 1.00000000e+02  2.74429913e+01 -1.45582179e-03 
 1.02305973e+02  2.74429913e+01 -1.48939265e-03 
 1.04665121e+02  2.74429913e+01 -1.52373764e-03 
 1.07078670e+02  2.74429913e+01 -1.55887462e-03 
 1.09547876e+02  2.74429913e+01 -1.59482185e-03 
 1.12074020e+02  2.74429913e+01 -1.63159801e-03 
 1.14658417e+02  2.74429913e+01 -1.66922222e-03 
 1.17302409e+02  2.74429913e+01 -1.70771403e-03 
 1.20007371e+02  2.74429913e+01 -1.74709346e-03 
 1.22774708e+02  2.74429913e+01 -1.78738096e-03 
 1.25605860e+02  2.74429913e+01 -1.82859748e-03 
 1.28502297e+02  2.74429913e+01 -1.87076445e-03 
 1.31465525e+02  2.74429913e+01 -1.91390377e-03 
 1.34497085e+02  2.74429913e+01 -1.95803787e-03 
 1.37598551e+02  2.74429913e+01 -2.00318970e-03 
 1.40771537e+02  2.74429913e+01 -2.04938271e-03 
 1.44017690e+02  2.74429913e+01 -2.09664092e-03 
 1.47338699e+02  2.74429913e+01 -2.14498889e-03 
 1.50736290e+02  2.74429913e+01 -2.19445176e-03 
 1.54212228e+02  2.74429913e+01 -2.24505522e-03 
 1.57768320e+02  2.74429913e+01 -2.29682559e-03 
 1.61406415e+02  2.74429913e+01 -2.34978977e-03 
 1.65128404e+02  2.74429913e+01 -2.40397529e-03 
 1.68936220e+02  2.74429913e+01 -2.45941031e-03 
 1.72831844e+02  2.74429913e+01 -2.51612364e-03 
 1.76817299e+02  2.74429913e+01 -2.57414477e-03 
 1.80894658e+02  2.74429913e+01 -2.63350386e-03 
 1.85066040e+02  2.74429913e+01 -2.69423175e-03 
 1.89333613e+02  2.74429913e+01 -2.75636000e-03 
 1.93699595e+02  2.74429913e+01 -2.81992092e-03 
 1.98166255e+02  2.74429913e+01 -2.88494753e-03 
 2.02735916e+02  2.74429913e+01 -2.95147364e-03 
 2.07410951e+02  2.74429913e+01 -3.01953383e-03 
 2.12193792e+02  2.74429913e+01 -3.08916346e-03 
 2.17086923e+02  2.74429913e+01 -3.16039874e-03 
 2.22092889e+02  2.74429913e+01 -3.23327668e-03 
 2.27214291e+02  2.74429913e+01 -3.30783516e-03 
 2.32453791e+02  2.74429913e+01 -3.38411295e-03 
 2.37814113e+02  2.74429913e+01 -3.46214968e-03 
 2.43298042e+02  2.74429913e+01 -3.54198592e-03 
 2.48908429e+02  2.74429913e+01 -3.62366315e-03 
 2.54648190e+02  2.74429913e+01 -3.70722385e-03 
 2.60520309e+02  2.74429913e+01 -3.79271143e-03 
 2.66527837e+02  2.74429913e+01 -3.88017033e-03 
 2.72673897e+02  2.74429913e+01 -3.96964601e-03 
 2.78961683e+02  2.74429913e+01 -4.06118497e-03 
 2.85394464e+02  2.74429913e+01 -4.15483480e-03 
 2.91975583e+02  2.74429913e+01 -4.25064417e-03 
 2.98708461e+02  2.74429913e+01 -4.34866287e-03 
 3.05596598e+02  2.74429913e+01 -4.44894186e-03 
 3.12643573e+02  2.74429913e+01 -4.55153326e-03 
 3.19853049e+02  2.74429913e+01 -4.65649039e-03 
 3.27228774e+02  2.74429913e+01 -4.76386780e-03 
 3.34774581e+02  2.74429913e+01 -4.87372130e-03 
 3.42494392e+02  2.74429913e+01 -4.98610800e-03 
 3.50392221e+02  2.74429913e+01 -5.10108630e-03 
 3.58472171e+02  2.74429913e+01 -5.21871597e-03 
 3.66738442e+02  2.74429913e+01 -5.33905815e-03 
 3.75195331e+02  2.74429913e+01 -5.46217539e-03 
 3.83847234e+02  2.74429913e+01 -5.58813168e-03 
 3.92698648e+02  2.74429913e+01 -5.71699248e-03 
 4.01754173e+02  2.74429913e+01 -5.84882478e-03 
 4.11018515e+02  2.74429913e+01 -5.98369710e-03 
 4.20496491e+02  2.74429913e+01 -6.12167954e-03 
 4.30193027e+02  2.74429913e+01 -6.26284381e-03 
 4.40113162e+02  2.74429913e+01 -6.40726330e-03 
 4.50262052e+02  2.74429913e+01 -6.55501306e-03 
 4.60644974e+02  2.74429913e+01 -6.70616989e-03 
 4.71267322e+02  2.74429913e+01 -6.86081235e-03 
 4.82134619e+02  2.74429913e+01 -7.01902083e-03 
 4.93252513e+02  2.74429913e+01 -7.18087755e-03 
 5.04626783e+02  2.74429913e+01 -7.34646665e-03 
 5.16263340e+02  2.74429913e+01 -7.51587418e-03 
 5.28168234e+02  2.74429913e+01 -7.68918821e-03 
 5.40347650e+02  2.74429912e+01 -7.86649881e-03 
 5.52807921e+02  2.74429912e+01 -8.04789814e-03 
 5.65555523e+02  2.74429912e+01 -8.23348050e-03 
 5.78597080e+02  2.74429912e+01 -8.42334233e-03 
 5.91939372e+02  2.74429912e+01 -8.61758233e-03 
 6.05589334e+02  2.74429912e+01 -8.81630145e-03 
 6.19554061e+02  2.74429912e+01 -9.01960297e-03 
 6.33840810e+02  2.74429912e+01 -9.22759258e-03 
 6.48457008e+02  2.74429912e+01 -9.44037836e-03 
 6.63410251e+02  2.74429912e+01 -9.65807093e-03 
 6.78708313e+02  2.74429912e+01 -9.88078344e-03 
 6.94359143e+02  2.74429912e+01 -1.01086316e-02 
 7.10370877e+02  2.74429912e+01 -1.03417339e-02 
 7.26751838e+02  2.74429912e+01 -1.05802115e-02 
 7.43510539e+02  2.74429912e+01 -1.08241883e-02 
 7.60655691e+02  2.74429912e+01 -1.10737912e-02 
 7.78196206e+02  2.74429912e+01 -1.13291498e-02 
 7.96141200e+02  2.74429912e+01 -1.15903969e-02 
 8.14500001e+02  2.74429911e+01 -1.18576684e-02 
 8.33282151e+02  2.74429911e+01 -1.21311030e-02 
 8.52497412e+02  2.74429911e+01 -1.24108429e-02 
 8.72155772e+02  2.74429911e+01 -1.26970336e-02 
 8.92267449e+02  2.74429911e+01 -1.29898238e-02 
 9.12842895e+02  2.74429911e+01 -1.32893656e-02 
 9.33892805e+02  2.74429911e+01 -1.35958147e-02 
 9.55428121e+02  2.74429911e+01 -1.39093306e-02 
 9.77460036e+02  2.74429911e+01 -1.42300759e-02 
 1.00000000e+03  2.74429911e+01 -1.45582176e-02 
 1.02305973e+03  2.74429910e+01 -1.48939262e-02 
 1.04665121e+03  2.74429910e+01 -1.52373761e-02 
 1.07078670e+03  2.74429910e+01 -1.55887458e-02 
 1.09547876e+03  2.74429910e+01 -1.59482181e-02 
 1.12074020e+03  2.74429910e+01 -1.63159797e-02 
 1.14658417e+03  2.74429910e+01 -1.66922217e-02 
 1.17302409e+03  2.74429909e+01 -1.70771398e-02 
 1.20007371e+03  2.74429909e+01 -1.74709340e-02 
 1.22774708e+03  2.74429909e+01 -1.78738090e-02 
 1.25605860e+03  2.74429909e+01 -1.82859742e-02 
 1.28502297e+03  2.74429909e+01 -1.87076438e-02 
 1.31465525e+03  2.74429909e+01 -1.91390370e-02 
 1.34497085e+03  2.74429908e+01 -1.95803780e-02 
 1.37598551e+03  2.74429908e+01 -2.00318962e-02 
 1.40771537e+03  2.74429908e+01 -2.04938263e-02 
 1.44017690e+03  2.74429908e+01 -2.09664083e-02 
 1.47338699e+03  2.74429907e+01 -2.14498880e-02 
 1.50736290e+03  2.74429907e+01 -2.19445166e-02 
 1.54212228e+03  2.74429907e+01 -2.24505511e-02 
 1.57768320e+03  2.74429906e+01 -2.29682547e-02 
 1.61406415e+03  2.74429906e+01 -2.34978964e-02 
 1.65128404e+03  2.74429906e+01 -2.40397515e-02 
 1.68936220e+03  2.74429905e+01 -2.45941016e-02 
 1.72831844e+03  2.74429905e+01 -2.51612349e-02 
 1.76817299e+03  2.74429905e+01 -2.57414461e-02 
 1.80894658e+03  2.74429904e+01 -2.63350368e-02 
 1.85066040e+03  2.74429904e+01 -2.69423155e-02 
 1.89333613e+03  2.74429903e+01 -2.75635980e-02 
 1.93699595e+03  2.74429903e+01 -2.81992070e-02 
 1.98166255e+03  2.74429902e+01 -2.88494730e-02 
 2.02735916e+03  2.74429902e+01 -2.95147339e-02 
 2.07410951e+03  2.74429901e+01 -3.01953356e-02 
 2.12193792e+03  2.74429901e+01 -3.08916317e-02 
 2.17086923e+03  2.74429900e+01 -3.16039843e-02 
 2.22092889e+03  2.74429900e+01 -3.23327635e-02 
 2.27214291e+03  2.74429899e+01 -3.30783481e-02 
 2.32453791e+03  2.74429898e+01 -3.38411257e-02 
 2.37814113e+03  2.74429898e+01 -3.46214927e-02 
 2.43298042e+03  2.74429897e+01 -3.54198548e-02 
 2.48908429e+03  2.74429896e+01 -3.62366269e-02 
 2.54648190e+03  2.74429895e+01 -3.70722335e-02 
 2.60520309e+03  2.74429895e+01 -3.79271089e-02 
 2.66527837e+03  2.74429894e+01 -3.88016976e-02 
 2.72673897e+03  2.74429893e+01 -3.96964540e-02 
 2.78961683e+03  2.74429892e+01 -4.06118432e-02 
 2.85394464e+03  2.74429891e+01 -4.15483410e-02 
 2.91975583e+03  2.74429890e+01 -4.25064342e-02 
 2.98708461e+03  2.74429889e+01 -4.34866207e-02 
 3.05596598e+03  2.74429888e+01 -4.44894100e-02 
 3.12643573e+03  2.74429886e+01 -4.55153234e-02 
 3.19853049e+03  2.74429885e+01 -4.65648940e-02 
 3.27228774e+03  2.74429884e+01 -4.76386674e-02 
 3.34774581e+03  2.74429882e+01 -4.87372017e-02 
 3.42494392e+03  2.74429881e+01 -4.98610679e-02 
 3.50392221e+03  2.74429879e+01 -5.10108500e-02 
 3.58472171e+03  2.74429878e+01 -5.21871458e-02 
 3.66738442e+03  2.74429876e+01 -5.33905666e-02 
 3.75195331e+03  2.74429875e+01 -5.46217380e-02 
 3.83847234e+03  2.74429873e+01 -5.58812997e-02 
 3.92698648e+03  2.74429871e+01 -5.71699066e-02 
 4.01754173e+03  2.74429869e+01 -5.84882283e-02 
 4.11018515e+03  2.74429867e+01 -5.98369501e-02 
 4.20496491e+03  2.74429865e+01 -6.12167730e-02 
 4.30193027e+03  2.74429862e+01 -6.26284142e-02 
 4.40113162e+03  2.74429860e+01 -6.40726073e-02 
 4.50262052e+03  2.74429857e+01 -6.55501031e-02 
 4.60644974e+03  2.74429855e+01 -6.70616694e-02 
 4.71267322e+03  2.74429852e+01 -6.86080920e-02 
 4.82134619e+03  2.74429849e+01 -7.01901745e-02 
 4.93252513e+03  2.74429846e+01 -7.18087394e-02 
 5.04626783e+03  2.74429843e+01 -7.34646277e-02 
 5.16263340e+03  2.74429840e+01 -7.51587003e-02 
 5.28168234e+03  2.74429837e+01 -7.68918377e-02 
 5.40347650e+03  2.74429833e+01 -7.86649405e-02 
 5.52807921e+03  2.74429829e+01 -8.04789305e-02 
 5.65555523e+03  2.74429825e+01 -8.23347505e-02 
 5.78597080e+03  2.74429821e+01 -8.42333649e-02 
 5.91939372e+03  2.74429817e+01 -8.61757608e-02 
 6.05589334e+03  2.74429812e+01 -8.81629475e-02 
 6.19554061e+03  2.74429808e+01 -9.01959580e-02 
 6.33840810e+03  2.74429803e+01 -9.22758490e-02 
 6.48457008e+03  2.74429798e+01 -9.44037015e-02 
 6.63410251e+03  2.74429792e+01 -9.65806213e-02 
 6.78708313e+03  2.74429787e+01 -9.88077401e-02 
 6.94359143e+03  2.74429781e+01 -1.01086215e-01 
 7.10370877e+03  2.74429774e+01 -1.03417231e-01 
 7.26751838e+03  2.74429768e+01 -1.05802000e-01 
 7.43510539e+03  2.74429761e+01 -1.08241759e-01 
 7.60655691e+03  2.74429754e+01 -1.10737779e-01 
 7.78196206e+03  2.74429747e+01 -1.13291356e-01 
 7.96141200e+03  2.74429739e+01 -1.15903817e-01 
 8.14500001e+03  2.74429731e+01 -1.18576521e-01 
 8.33282151e+03  2.74429722e+01 -1.21310855e-01 
 8.52497412e+03  2.74429713e+01 -1.24108243e-01 
 8.72155772e+03  2.74429704e+01 -1.26970136e-01 
 8.92267449e+03  2.74429694e+01 -1.29898023e-01 
 9.12842895e+03  2.74429684e+01 -1.32893427e-01 
 9.33892805e+03  2.74429673e+01 -1.35957902e-01 
 9.55428121e+03  2.74429662e+01 -1.39093043e-01 
 9.77460036e+03  2.74429650e+01 -1.42300478e-01 
 1.00000000e+04  2.74429638e+01 -1.45581875e-01 
 1.02305973e+04  2.74429625e+01 -1.48938939e-01 
 1.04665121e+04  2.74429612e+01 -1.52373415e-01 
 1.07078670e+04  2.74429598e+01 -1.55887088e-01 
 1.09547876e+04  2.74429583e+01 -1.59481785e-01 
 1.12074020e+04  2.74429568e+01 -1.63159372e-01 
 1.14658417e+04  2.74429552e+01 -1.66921763e-01 
 1.17302409e+04  2.74429535e+01 -1.70770912e-01 
 1.20007371e+04  2.74429517e+01 -1.74708820e-01 
 1.22774708e+04  2.74429499e+01 -1.78737533e-01 
 1.25605860e+04  2.74429479e+01 -1.82859145e-01 
 1.28502297e+04  2.74429459e+01 -1.87075799e-01 
 1.31465525e+04  2.74429438e+01 -1.91389685e-01 
 1.34497085e+04  2.74429416e+01 -1.95803047e-01 
 1.37598551e+04  2.74429392e+01 -2.00318177e-01 
 1.40771537e+04  2.74429368e+01 -2.04937422e-01 
 1.44017690e+04  2.74429343e+01 -2.09663183e-01 
 1.47338699e+04  2.74429316e+01 -2.14497916e-01 
 1.50736290e+04  2.74429288e+01 -2.19444133e-01 
 1.54212228e+04  2.74429259e+01 -2.24504406e-01 
 1.57768320e+04  2.74429229e+01 -2.29681364e-01 
 1.61406415e+04  2.74429197e+01 -2.34977697e-01 
 1.65128404e+04  2.74429163e+01 -2.40396158e-01 
 1.68936220e+04  2.74429128e+01 -2.45939563e-01 
 1.72831844e+04  2.74429092e+01 -2.51610793e-01 
 1.76817299e+04  2.74429053e+01 -2.57412795e-01 
 1.80894658e+04  2.74429013e+01 -2.63348584e-01 
 1.85066040e+04  2.74428971e+01 -2.69421245e-01 
 1.89333613e+04  2.74428927e+01 -2.75633934e-01 
 1.93699595e+04  2.74428881e+01 -2.81989879e-01 
 1.98166255e+04  2.74428833e+01 -2.88492384e-01 
 2.02735916e+04  2.74428783e+01 -2.95144828e-01 
 2.07410951e+04  2.74428730e+01 -3.01950666e-01 
 2.12193792e+04  2.74428675e+01 -3.08913438e-01 
 2.17086923e+04  2.74428617e+01 -3.16036759e-01 
 2.22092889e+04  2.74428556e+01 -3.23324333e-01 
 2.27214291e+04  2.74428493e+01 -3.30779945e-01 
 2.32453791e+04  2.74428427e+01 -3.38407471e-01 
 2.37814113e+04  2.74428357e+01 -3.46210873e-01 
 2.43298042e+04  2.74428285e+01 -3.54194207e-01 
 2.48908429e+04  2.74428209e+01 -3.62361621e-01 
 2.54648190e+04  2.74428129e+01 -3.70717358e-01 
 2.60520309e+04  2.74428046e+01 -3.79265760e-01 
 2.66527837e+04  2.74427959e+01 -3.88011269e-01 
 2.72673897e+04  2.74427868e+01 -3.96958429e-01 
 2.78961683e+04  2.74427772e+01 -4.06111888e-01 
 2.85394464e+04  2.74427673e+01 -4.15476403e-01 
 2.91975583e+04  2.74427568e+01 -4.25056839e-01 
 2.98708461e+04  2.74427459e+01 -4.34858173e-01 
 3.05596598e+04  2.74427344e+01 -4.44885498e-01 
 3.12643573e+04  2.74427224e+01 -4.55144023e-01 
 3.19853049e+04  2.74427099e+01 -4.65639077e-01 
 3.27228774e+04  2.74426968e+01 -4.76376113e-01 
 3.34774581e+04  2.74426830e+01 -4.87360708e-01 
 3.42494392e+04  2.74426686e+01 -4.98598569e-01 
 3.50392221e+04  2.74426536e+01 -5.10095534e-01 
 3.58472171e+04  2.74426378e+01 -5.21857574e-01 
 3.66738442e+04  2.74426213e+01 -5.33890799e-01 
 3.75195331e+04  2.74426041e+01 -5.46201460e-01 
 3.83847234e+04  2.74425860e+01 -5.58795951e-01 
 3.92698648e+04  2.74425671e+01 -5.71680813e-01 
 4.01754173e+04  2.74425473e+01 -5.84862738e-01 
 4.11018515e+04  2.74425266e+01 -5.98348573e-01 
 4.20496491e+04  2.74425049e+01 -6.12145320e-01 
 4.30193027e+04  2.74424822e+01 -6.26260146e-01 
 4.40113162e+04  2.74424585e+01 -6.40700379e-01 
 4.50262052e+04  2.74424336e+01 -6.55473518e-01 
 4.60644974e+04  2.74424076e+01 -6.70587234e-01 
 4.71267322e+04  2.74423804e+01 -6.86049374e-01 
 4.82134619e+04  2.74423519e+01 -7.01867967e-01 
 4.93252513e+04  2.74423221e+01 -7.18051224e-01 
 5.04626783e+04  2.74422908e+01 -7.34607548e-01 
 5.16263340e+04  2.74422582e+01 -7.51545533e-01 
 5.28168234e+04  2.74422240e+01 -7.68873971e-01 
 5.40347650e+04  2.74421882e+01 -7.86601856e-01 
 5.52807921e+04  2.74421507e+01 -8.04738390e-01 
 5.65555523e+04  2.74421115e+01 -8.23292986e-01 
 5.78597080e+04  2.74420704e+01 -8.42275272e-01 
 5.91939372e+04  2.74420275e+01 -8.61695098e-01 
 6.05589334e+04  2.74419825e+01 -8.81562541e-01 
 6.19554061e+04  2.74419355e+01 -9.01887909e-01 
 6.33840810e+04  2.74418862e+01 -9.22681746e-01 
 6.48457008e+04  2.74418347e+01 -9.43954838e-01 
 6.63410251e+04  2.74417807e+01 -9.65718221e-01 
 6.78708313e+04  2.74417242e+01 -9.87983181e-01 
 6.94359143e+04  2.74416651e+01 -1.01076126e+00 
 7.10370877e+04  2.74416033e+01 -1.03406428e+00 
 7.26751838e+04  2.74415385e+01 -1.05790432e+00 
 7.43510539e+04  2.74414708e+01 -1.08229373e+00 
 7.60655691e+04  2.74413999e+01 -1.10724516e+00 
 7.78196206e+04  2.74413256e+01 -1.13277154e+00 
 7.96141200e+04  2.74412479e+01 -1.15888611e+00 
 8.14500001e+04  2.74411666e+01 -1.18560238e+00 
 8.33282151e+04  2.74410815e+01 -1.21293420e+00 
 8.52497412e+04  2.74409924e+01 -1.24089573e+00 
 8.72155772e+04  2.74408992e+01 -1.26950145e+00 
 8.92267449e+04  2.74408016e+01 -1.29876618e+00 
 9.12842895e+04  2.74406995e+01 -1.32870506e+00 
 9.33892805e+04  2.74405926e+01 -1.35933359e+00 
 9.55428121e+04  2.74404808e+01 -1.39066763e+00 
 9.77460036e+04  2.74403637e+01 -1.42272339e+00 
 1.00000000e+05  2.74402411e+01 -1.45551744e+00 
 1.02305973e+05  2.74401129e+01 -1.48906676e+00 
 1.04665121e+05  2.74399786e+01 -1.52338869e+00 
 1.07078670e+05  2.74398381e+01 -1.55850098e+00 
 1.09547876e+05  2.74396911e+01 -1.59442176e+00 
 1.12074020e+05  2.74395372e+01 -1.63116961e+00 
 1.14658417e+05  2.74393761e+01 -1.66876351e+00 
 1.17302409e+05  2.74392076e+01 -1.70722286e+00 
 1.20007371e+05  2.74390311e+01 -1.74656753e+00 
 1.22774708e+05  2.74388465e+01 -1.78681782e+00 
 1.25605860e+05  2.74386532e+01 -1.82799450e+00 
 1.28502297e+05  2.74384509e+01 -1.87011880e+00 
 1.31465525e+05  2.74382392e+01 -1.91321243e+00 
 1.34497085e+05  2.74380177e+01 -1.95729762e+00 
 1.37598551e+05  2.74377858e+01 -2.00239707e+00 
 1.40771537e+05  2.74375431e+01 -2.04853401e+00 
 1.44017690e+05  2.74372891e+01 -2.09573218e+00 
 1.47338699e+05  2.74370232e+01 -2.14401586e+00 
 1.50736290e+05  2.74367450e+01 -2.19340988e+00 
 1.54212228e+05  2.74364538e+01 -2.24393964e+00 
 1.57768320e+05  2.74361491e+01 -2.29563109e+00 
 1.61406415e+05  2.74358302e+01 -2.34851077e+00 
 1.65128404e+05  2.74354964e+01 -2.40260581e+00 
 1.68936220e+05  2.74351470e+01 -2.45794397e+00 
 1.72831844e+05  2.74347814e+01 -2.51455358e+00 
 1.76817299e+05  2.74343988e+01 -2.57246367e+00 
 1.80894658e+05  2.74339984e+01 -2.63170385e+00 
 1.85066040e+05  2.74335793e+01 -2.69230443e+00 
 1.89333613e+05  2.74331407e+01 -2.75429638e+00 
 1.93699595e+05  2.74326817e+01 -2.81771136e+00 
 1.98166255e+05  2.74322014e+01 -2.88258173e+00 
 2.02735916e+05  2.74316986e+01 -2.94894055e+00 
 2.07410951e+05  2.74311725e+01 -3.01682162e+00 
 2.12193792e+05  2.74306220e+01 -3.08625949e+00 
 2.17086923e+05  2.74300458e+01 -3.15728944e+00 
 2.22092889e+05  2.74294428e+01 -3.22994757e+00 
 2.27214291e+05  2.74288118e+01 -3.30427071e+00 
 2.32453791e+05  2.74281514e+01 -3.38029653e+00 
 2.37814113e+05  2.74274603e+01 -3.45806349e+00 
 2.43298042e+05  2.74267372e+01 -3.53761092e+00 
 2.48908429e+05  2.74259804e+01 -3.61897896e+00 
 2.54648190e+05  2.74251884e+01 -3.70220862e+00 
 2.60520309e+05  2.74243597e+01 -3.78734180e+00 
 2.66527837e+05  2.74234924e+01 -3.87442130e+00 
 2.72673897e+05  2.74225849e+01 -3.96349079e+00 
 2.78961683e+05  2.74216353e+01 -4.05459492e+00 
 2.85394464e+05  2.74206415e+01 -4.14777922e+00 
 2.91975583e+05  2.74196017e+01 -4.24309024e+00 
 2.98708461e+05  2.74185136e+01 -4.34057544e+00 
 3.05596598e+05  2.74173751e+01 -4.44028331e+00 
 3.12643573e+05  2.74161837e+01 -4.54226333e+00 
 3.19853049e+05  2.74149371e+01 -4.64656598e+00 
 3.27228774e+05  2.74136328e+01 -4.75324279e+00 
 3.34774581e+05  2.74122680e+01 -4.86234633e+00 
 3.42494392e+05  2.74108400e+01 -4.97393024e+00 
 3.50392221e+05  2.74093459e+01 -5.08804921e+00 
 3.58472171e+05  2.74077826e+01 -5.20475905e+00 
 3.66738442e+05  2.74061471e+01 -5.32411664e+00 
 3.75195331e+05  2.74044358e+01 -5.44618001e+00 
 3.83847234e+05  2.74026455e+01 -5.57100828e+00 
 3.92698648e+05  2.74007725e+01 -5.69866173e+00 
 4.01754173e+05  2.73988129e+01 -5.82920177e+00 
 4.11018515e+05  2.73967628e+01 -5.96269100e+00 
 4.20496491e+05  2.73946182e+01 -6.09919316e+00 
 4.30193027e+05  2.73923746e+01 -6.23877318e+00 
 4.40113162e+05  2.73900276e+01 -6.38149716e+00 
 4.50262052e+05  2.73875725e+01 -6.52743239e+00 
 4.60644974e+05  2.73850043e+01 -6.67664737e+00 
 4.71267322e+05  2.73823180e+01 -6.82921180e+00 
 4.82134619e+05  2.73795081e+01 -6.98519654e+00 
 4.93252513e+05  2.73765690e+01 -7.14467369e+00 
 5.04626783e+05  2.73734950e+01 -7.30771654e+00 
 5.16263340e+05  2.73702799e+01 -7.47439956e+00 
 5.28168234e+05  2.73669174e+01 -7.64479842e+00 
 5.40347650e+05  2.73634007e+01 -7.81898997e+00 
 5.52807921e+05  2.73597231e+01 -7.99705223e+00 
 5.65555523e+05  2.73558773e+01 -8.17906439e+00 
 5.78597080e+05  2.73518556e+01 -8.36510676e+00 
 5.91939372e+05  2.73476504e+01 -8.55526080e+00 
 6.05589334e+05  2.73432533e+01 -8.74960906e+00 
 6.19554061e+05  2.73386558e+01 -8.94823518e+00 
 6.33840810e+05  2.73338491e+01 -9.15122383e+00 
 6.48457008e+05  2.73288238e+01 -9.35866073e+00 
 6.63410251e+05  2.73235704e+01 -9.57063256e+00 
 6.78708313e+05  2.73180786e+01 -9.78722693e+00 
 6.94359143e+05  2.73123380e+01 -1.00085324e+01 
 7.10370877e+05  2.73063378e+01 -1.02346383e+01 
 7.26751838e+05  2.73000665e+01 -1.04656348e+01 
 7.43510539e+05  2.72935124e+01 -1.07016127e+01 
 7.60655691e+05  2.72866630e+01 -1.09426638e+01 
 7.78196206e+05  2.72795057e+01 -1.11888799e+01 
 7.96141200e+05  2.72720271e+01 -1.14403539e+01 
 8.14500001e+05  2.72642134e+01 -1.16971788e+01 
 8.33282151e+05  2.72560502e+01 -1.19594480e+01 
 8.52497412e+05  2.72475225e+01 -1.22272551e+01 
 8.72155772e+05  2.72386149e+01 -1.25006939e+01 
 8.92267449e+05  2.72293113e+01 -1.27798581e+01 
 9.12842895e+05  2.72195950e+01 -1.30648413e+01 
 9.33892805e+05  2.72094486e+01 -1.33557369e+01 
 9.55428121e+05  2.71988543e+01 -1.36526379e+01 
 9.77460036e+05  2.71877932e+01 -1.39556367e+01 
 1.00000000e+06  2.71762463e+01 -1.42648249e+01 
 1.02305973e+06  2.71641935e+01 -1.45802934e+01 
 1.04665121e+06  2.71516141e+01 -1.49021320e+01 
 1.07078670e+06  2.71384867e+01 -1.52304289e+01 
 1.09547876e+06  2.71247893e+01 -1.55652713e+01 
 1.12074020e+06  2.71104991e+01 -1.59067445e+01 
 1.14658417e+06  2.70955924e+01 -1.62549317e+01 
 1.17302409e+06  2.70800448e+01 -1.66099141e+01 
 1.20007371e+06  2.70638313e+01 -1.69717707e+01 
 1.22774708e+06  2.70469261e+01 -1.73405774e+01 
 1.25605860e+06  2.70293023e+01 -1.77164074e+01 
 1.28502297e+06  2.70109327e+01 -1.80993307e+01 
 1.31465525e+06  2.69917890e+01 -1.84894137e+01 
 1.34497085e+06  2.69718421e+01 -1.88867189e+01 
 1.37598551e+06  2.69510623e+01 -1.92913048e+01 
 1.40771537e+06  2.69294191e+01 -1.97032252e+01 
 1.44017690e+06  2.69068812e+01 -2.01225292e+01 
 1.47338699e+06  2.68834164e+01 -2.05492609e+01 
 1.50736290e+06  2.68589919e+01 -2.09834585e+01 
 1.54212228e+06  2.68335743e+01 -2.14251548e+01 
 1.57768320e+06  2.68071293e+01 -2.18743759e+01 
 1.61406415e+06  2.67796219e+01 -2.23311415e+01 
 1.65128404e+06  2.67510167e+01 -2.27954644e+01 
 1.68936220e+06  2.67212774e+01 -2.32673498e+01 
 1.72831844e+06  2.66903673e+01 -2.37467955e+01 
 1.76817299e+06  2.66582491e+01 -2.42337908e+01 
 1.80894658e+06  2.66248850e+01 -2.47283169e+01 
 1.85066040e+06  2.65902368e+01 -2.52303460e+01 
 1.89333613e+06  2.65542658e+01 -2.57398411e+01 
 1.93699595e+06  2.65169331e+01 -2.62567557e+01 
 1.98166255e+06  2.64781994e+01 -2.67810335e+01 
 2.02735916e+06  2.64380253e+01 -2.73126080e+01 
 2.07410951e+06  2.63963712e+01 -2.78514023e+01 
 2.12193792e+06  2.63531977e+01 -2.83973287e+01 
 2.17086923e+06  2.63084649e+01 -2.89502887e+01 
 2.22092889e+06  2.62621336e+01 -2.95101726e+01 
 2.27214291e+06  2.62141645e+01 -3.00768593e+01 
 2.32453791e+06  2.61645185e+01 -3.06502162e+01 
 2.37814113e+06  2.61131571e+01 -3.12300991e+01 
 2.43298042e+06  2.60600424e+01 -3.18163521e+01 
 2.48908429e+06  2.60051368e+01 -3.24088079e+01 
 2.54648190e+06  2.59484036e+01 -3.30072870e+01 
 2.60520309e+06  2.58898068e+01 -3.36115987e+01 
 2.66527837e+06  2.58293115e+01 -3.42215406e+01 
 2.72673897e+06  2.57668836e+01 -3.48368990e+01 
 2.78961683e+06  2.57024904e+01 -3.54574491e+01 
 2.85394464e+06  2.56361002e+01 -3.60829552e+01 
 2.91975583e+06  2.55676828e+01 -3.67131711e+01 
 2.98708461e+06  2.54972095e+01 -3.73478404e+01 
 3.05596598e+06  2.54246530e+01 -3.79866969e+01 
 3.12643573e+06  2.53499878e+01 -3.86294654e+01 
 3.19853049e+06  2.52731901e+01 -3.92758617e+01 
 3.27228774e+06  2.51942379e+01 -3.99255936e+01 
 3.34774581e+06  2.51131114e+01 -4.05783615e+01 
 3.42494392e+06  2.50297923e+01 -4.12338586e+01 
 3.50392221e+06  2.49442650e+01 -4.18917725e+01 
 3.58472171e+06  2.48565154e+01 -4.25517850e+01 
 3.66738442e+06  2.47665322e+01 -4.32135735e+01 
 3.75195331e+06  2.46743060e+01 -4.38768117e+01 
 3.83847234e+06  2.45798296e+01 -4.45411704e+01 
 3.92698648e+06  2.44830984e+01 -4.52063181e+01 
 4.01754173e+06  2.43841100e+01 -4.58719223e+01 
 4.11018515e+06  2.42828644e+01 -4.65376501e+01 
 4.20496491e+06  2.41793637e+01 -4.72031694e+01 
 4.30193027e+06  2.40736126e+01 -4.78681493e+01 
 4.40113162e+06  2.39656182e+01 -4.85322613e+01 
 4.50262052e+06  2.38553894e+01 -4.91951802e+01 
 4.60644974e+06  2.37429379e+01 -4.98565847e+01 
 4.71267322e+06  2.36282773e+01 -5.05161584e+01 
 4.82134619e+06  2.35114234e+01 -5.11735906e+01 
 4.93252513e+06  2.33923941e+01 -5.18285769e+01 
 5.04626783e+06  2.32712093e+01 -5.24808200e+01 
 5.16263340e+06  2.31478908e+01 -5.31300305e+01 
 5.28168234e+06  2.30224623e+01 -5.37759273e+01 
 5.40347650e+06  2.28949492e+01 -5.44182384e+01 
 5.52807921e+06  2.27653787e+01 -5.50567014e+01 
 5.65555523e+06  2.26337793e+01 -5.56910637e+01 
 5.78597080e+06  2.25001813e+01 -5.63210834e+01 
 5.91939372e+06  2.23646162e+01 -5.69465292e+01 
 6.05589334e+06  2.22271165e+01 -5.75671813e+01 
 6.19554061e+06  2.20877164e+01 -5.81828310e+01 
 6.33840810e+06  2.19464506e+01 -5.87932814e+01 
 6.48457008e+06  2.18033549e+01 -5.93983476e+01 
 6.63410251e+06  2.16584662e+01 -5.99978563e+01 
 6.78708313e+06  2.15118216e+01 -6.05916465e+01 
 6.94359143e+06  2.13634592e+01 -6.11795691e+01 
 7.10370877e+06  2.12134175e+01 -6.17614870e+01 
 7.26751838e+06  2.10617352e+01 -6.23372752e+01 
 7.43510539e+06  2.09084517e+01 -6.29068204e+01 
 7.60655691e+06  2.07536061e+01 -6.34700209e+01 
 7.78196206e+06  2.05972380e+01 -6.40267868e+01 
 7.96141200e+06  2.04393870e+01 -6.45770393e+01 
 8.14500001e+06  2.02800924e+01 -6.51207109e+01 
 8.33282151e+06  2.01193937e+01 -6.56577445e+01 
 8.52497412e+06  1.99573299e+01 -6.61880940e+01 
 8.72155772e+06  1.97939399e+01 -6.67117233e+01 
 8.92267449e+06  1.96292623e+01 -6.72286062e+01 
 9.12842895e+06  1.94633350e+01 -6.77387262e+01 
 9.33892805e+06  1.92961959e+01 -6.82420759e+01 
 9.55428121e+06  1.91278822e+01 -6.87386569e+01 
 9.77460036e+06  1.89584303e+01 -6.92284792e+01 
 1.00000000e+07  1.87878765e+01 -6.97115611e+01 
 1.02305973e+07  1.86162560e+01 -7.01879285e+01 
 1.04665121e+07  1.84436038e+01 -7.06576150e+01 
 1.07078670e+07  1.82699538e+01 -7.11206609e+01 
 1.09547876e+07  1.80953395e+01 -7.15771136e+01 
 1.12074020e+07  1.79197935e+01 -7.20270265e+01 
 1.14658417e+07  1.77433477e+01 -7.24704592e+01 
 1.17302409e+07  1.75660332e+01 -7.29074768e+01 
 1.20007371e+07  1.73878805e+01 -7.33381497e+01 
 1.22774708e+07  1.72089191e+01 -7.37625535e+01 
 1.25605860e+07  1.70291778e+01 -7.41807683e+01 
 1.28502297e+07  1.68486846e+01 -7.45928784e+01 
 1.31465525e+07  1.66674667e+01 -7.49989724e+01 
 1.34497085e+07  1.64855506e+01 -7.53991426e+01 
 1.37598551e+07  1.63029619e+01 -7.57934846e+01 
 1.40771537e+07  1.61197253e+01 -7.61820974e+01 
 1.44017690e+07  1.59358651e+01 -7.65650830e+01 
 1.47338699e+07  1.57514045e+01 -7.69425460e+01 
 1.50736290e+07  1.55663660e+01 -7.73145936e+01 
 1.54212228e+07  1.53807715e+01 -7.76813353e+01 
 1.57768320e+07  1.51946420e+01 -7.80428824e+01 
 1.61406415e+07  1.50079977e+01 -7.83993484e+01 
 1.65128404e+07  1.48208584e+01 -7.87508484e+01 
 1.68936220e+07  1.46332428e+01 -7.90974990e+01 
 1.72831844e+07  1.44451693e+01 -7.94394182e+01 
 1.76817299e+07  1.42566554e+01 -7.97767251e+01 
 1.80894658e+07  1.40677179e+01 -8.01095399e+01 
 1.85066040e+07  1.38783731e+01 -8.04379839e+01 
 1.89333613e+07  1.36886366e+01 -8.07621790e+01 
 1.93699595e+07  1.34985234e+01 -8.10822480e+01 
 1.98166255e+07  1.33080479e+01 -8.13983141e+01 
 2.02735916e+07  1.31172239e+01 -8.17105012e+01 
 2.07410951e+07  1.29260646e+01 -8.20189334e+01 
 2.12193792e+07  1.27345827e+01 -8.23237353e+01 
 2.17086923e+07  1.25427904e+01 -8.26250318e+01 
 2.22092889e+07  1.23506994e+01 -8.29229479e+01 
 2.27214291e+07  1.21583206e+01 -8.32176087e+01 
 2.32453791e+07  1.19656648e+01 -8.35091396e+01 
 2.37814113e+07  1.17727420e+01 -8.37976658e+01 
 2.43298042e+07  1.15795620e+01 -8.40833126e+01 
 2.48908429e+07  1.13861339e+01 -8.43662055e+01 
 2.54648190e+07  1.11924666e+01 -8.46464695e+01 
 2.60520309e+07  1.09985683e+01 -8.49242299e+01 
 2.66527837e+07  1.08044471e+01 -8.51996118e+01 
 2.72673897e+07  1.06101103e+01 -8.54727400e+01 
 2.78961683e+07  1.04155651e+01 -8.57437396e+01 
 2.85394464e+07  1.02208183e+01 -8.60127350e+01 
 2.91975583e+07  1.00258762e+01 -8.62798510e+01 
 2.98708461e+07  9.83074474e+00 -8.65452120e+01 
 3.05596598e+07  9.63542964e+00 -8.68089422e+01 
 3.12643573e+07  9.43993615e+00 -8.70711660e+01 
 3.19853049e+07  9.24426922e+00 -8.73320073e+01 
 3.27228774e+07  9.04843346e+00 -8.75915902e+01 
 3.34774581e+07  8.85243316e+00 -8.78500385e+01 
 3.42494392e+07  8.65627230e+00 -8.81074761e+01 
 3.50392221e+07  8.45995455e+00 -8.83640268e+01 
 3.58472171e+07  8.26348325e+00 -8.86198143e+01 
 3.66738442e+07  8.06686148e+00 -8.88749623e+01 
 3.75195331e+07  7.87009199e+00 -8.91295947e+01 
 3.83847234e+07  7.67317726e+00 -8.93838351e+01 
 3.92698648e+07  7.47611949e+00 -8.96378075e+01 
 4.01754173e+07  7.27892058e+00 -8.98916358e+01 
 4.11018515e+07  7.08158216e+00 -9.01454441e+01 
 4.20496491e+07  6.88410559e+00 -9.03993566e+01 
 4.30193027e+07  6.68649196e+00 -9.06534977e+01 
 4.40113162e+07  6.48874207e+00 -9.09079921e+01 
 4.50262052e+07  6.29085647e+00 -9.11629646e+01 
 4.60644974e+07  6.09283543e+00 -9.14185404e+01 
 4.71267322e+07  5.89467896e+00 -9.16748449e+01 
 4.82134619e+07  5.69638678e+00 -9.19320039e+01 
 4.93252513e+07  5.49795838e+00 -9.21901436e+01 
 5.04626783e+07  5.29939295e+00 -9.24493906e+01 
 5.16263340e+07  5.10068942e+00 -9.27098719e+01 
 5.28168234e+07  4.90184643e+00 -9.29717148e+01 
 5.40347650e+07  4.70286238e+00 -9.32350475e+01 
 5.52807921e+07  4.50373537e+00 -9.34999984e+01 
 5.65555523e+07  4.30446322e+00 -9.37666966e+01 
 5.78597080e+07  4.10504347e+00 -9.40352717e+01 
 5.91939372e+07  3.90547337e+00 -9.43058540e+01 
 6.05589334e+07  3.70574988e+00 -9.45785744e+01 
 6.19554061e+07  3.50586967e+00 -9.48535643e+01 
 6.33840810e+07  3.30582909e+00 -9.51309563e+01 
 6.48457008e+07  3.10562419e+00 -9.54108830e+01 
 6.63410251e+07  2.90525072e+00 -9.56934784e+01 
 6.78708313e+07  2.70470408e+00 -9.59788768e+01 
 6.94359143e+07  2.50397938e+00 -9.62672134e+01 
 7.10370877e+07  2.30307135e+00 -9.65586243e+01 
 7.26751838e+07  2.10197441e+00 -9.68532462e+01 
 7.43510539e+07  1.90068261e+00 -9.71512168e+01 
 7.60655691e+07  1.69918966e+00 -9.74526744e+01 
 7.78196206e+07  1.49748887e+00 -9.77577583e+01 
 7.96141200e+07  1.29557320e+00 -9.80666084e+01 
 8.14500001e+07  1.09343519e+00 -9.83793657e+01 
 8.33282151e+07  8.91067007e-01 -9.86961717e+01 
 8.52497412e+07  6.88460393e-01 -9.90171688e+01 
 8.72155772e+07  4.85606672e-01 -9.93425003e+01 
 8.92267449e+07  2.82496731e-01 -9.96723100e+01 
 9.12842895e+07  7.91210136e-02 -1.00006743e+02 
 9.33892805e+07 -1.24530494e-01 -1.00345943e+02 
 9.55428121e+07 -3.28468276e-01 -1.00690058e+02 
 9.77460036e+07 -5.32703301e-01 -1.01039234e+02 
 1.00000000e+08 -7.37247031e-01 -1.01393618e+02 
 1.02305973e+08 -9.42111438e-01 -1.01753357e+02 
 1.04665121e+08 -1.14730902e+00 -1.02118600e+02 
 1.07078670e+08 -1.35285279e+00 -1.02489495e+02 
 1.09547876e+08 -1.55875635e+00 -1.02866191e+02 
 1.12074020e+08 -1.76503382e+00 -1.03248837e+02 
 1.14658417e+08 -1.97169993e+00 -1.03637582e+02 
 1.17302409e+08 -2.17876997e+00 -1.04032575e+02 
 1.20007371e+08 -2.38625985e+00 -1.04433964e+02 
 1.22774708e+08 -2.59418609e+00 -1.04841900e+02 
 1.25605860e+08 -2.80256584e+00 -1.05256529e+02 
 1.28502297e+08 -3.01141687e+00 -1.05678001e+02 
 1.31465525e+08 -3.22075762e+00 -1.06106461e+02 
 1.34497085e+08 -3.43060718e+00 -1.06542058e+02 
 1.37598551e+08 -3.64098532e+00 -1.06984936e+02 
 1.40771537e+08 -3.85191247e+00 -1.07435239e+02 
 1.44017690e+08 -4.06340977e+00 -1.07893110e+02 
 1.47338699e+08 -4.27549905e+00 -1.08358691e+02 
 1.50736290e+08 -4.48820281e+00 -1.08832122e+02 
 1.54212228e+08 -4.70154430e+00 -1.09313540e+02 
 1.57768320e+08 -4.91554744e+00 -1.09803080e+02 
 1.61406415e+08 -5.13023687e+00 -1.10300875e+02 
 1.65128404e+08 -5.34563795e+00 -1.10807055e+02 
 1.68936220e+08 -5.56177671e+00 -1.11321748e+02 
 1.72831844e+08 -5.77867991e+00 -1.11845076e+02 
 1.76817299e+08 -5.99637498e+00 -1.12377160e+02 
 1.80894658e+08 -6.21489004e+00 -1.12918116e+02 
 1.85066040e+08 -6.43425386e+00 -1.13468056e+02 
 1.89333613e+08 -6.65449587e+00 -1.14027087e+02 
 1.93699595e+08 -6.87564612e+00 -1.14595311e+02 
 1.98166255e+08 -7.09773528e+00 -1.15172825e+02 
 2.02735916e+08 -7.32079457e+00 -1.15759722e+02 
 2.07410951e+08 -7.54485579e+00 -1.16356086e+02 
 2.12193792e+08 -7.76995123e+00 -1.16961996e+02 
 2.17086923e+08 -7.99611365e+00 -1.17577526e+02 
 2.22092889e+08 -8.22337625e+00 -1.18202740e+02 
 2.27214291e+08 -8.45177261e+00 -1.18837697e+02 
 2.32453791e+08 -8.68133661e+00 -1.19482447e+02 
 2.37814113e+08 -8.91210244e+00 -1.20137033e+02 
 2.43298042e+08 -9.14410447e+00 -1.20801488e+02 
 2.48908429e+08 -9.37737722e+00 -1.21475837e+02 
 2.54648190e+08 -9.61195526e+00 -1.22160097e+02 
 2.60520309e+08 -9.84787318e+00 -1.22854275e+02 
 2.66527837e+08 -1.00851655e+01 -1.23558367e+02 
 2.72673897e+08 -1.03238664e+01 -1.24272361e+02 
 2.78961683e+08 -1.05640100e+01 -1.24996235e+02 
 2.85394464e+08 -1.08056299e+01 -1.25729954e+02 
 2.91975583e+08 -1.10487593e+01 -1.26473475e+02 
 2.98708461e+08 -1.12934309e+01 -1.27226745e+02 
 3.05596598e+08 -1.15396766e+01 -1.27989698e+02 
 3.12643573e+08 -1.17875274e+01 -1.28762257e+02 
 3.19853049e+08 -1.20370137e+01 -1.29544337e+02 
 3.27228774e+08 -1.22881646e+01 -1.30335840e+02 
 3.34774581e+08 -1.25410082e+01 -1.31136658e+02 
 3.42494392e+08 -1.27955713e+01 -1.31946672e+02 
 3.50392221e+08 -1.30518793e+01 -1.32765751e+02 
 3.58472171e+08 -1.33099560e+01 -1.33593757e+02 
 3.66738442e+08 -1.35698237e+01 -1.34430540e+02 
 3.75195331e+08 -1.38315030e+01 -1.35275939e+02 
 3.83847234e+08 -1.40950124e+01 -1.36129786e+02 
 3.92698648e+08 -1.43603686e+01 -1.36991903e+02 
 4.01754173e+08 -1.46275861e+01 -1.37862102e+02 
 4.11018515e+08 -1.48966772e+01 -1.38740190e+02 
 4.20496491e+08 -1.51676521e+01 -1.39625963e+02 
 4.30193027e+08 -1.54405183e+01 -1.40519212e+02 
 4.40113162e+08 -1.57152808e+01 -1.41419722e+02 
 4.50262052e+08 -1.59919423e+01 -1.42327270e+02 
 4.60644974e+08 -1.62705025e+01 -1.43241630e+02 
 4.71267322e+08 -1.65509586e+01 -1.44162572e+02 
 4.82134619e+08 -1.68333049e+01 -1.45089860e+02 
 4.93252513e+08 -1.71175329e+01 -1.46023257e+02 
 5.04626783e+08 -1.74036310e+01 -1.46962524e+02 
 5.16263340e+08 -1.76915850e+01 -1.47907418e+02 
 5.28168234e+08 -1.79813775e+01 -1.48857698e+02 
 5.40347650e+08 -1.82729883e+01 -1.49813123e+02 
 5.52807921e+08 -1.85663941e+01 -1.50773450e+02 
 5.65555523e+08 -1.88615686e+01 -1.51738442e+02 
 5.78597080e+08 -1.91584827e+01 -1.52707859e+02 
 5.91939372e+08 -1.94571043e+01 -1.53681469e+02 
 6.05589334e+08 -1.97573984e+01 -1.54659040e+02 
 6.19554061e+08 -2.00593271e+01 -1.55640344e+02 
 6.33840810e+08 -2.03628499e+01 -1.56625159e+02 
 6.48457008e+08 -2.06679233e+01 -1.57613268e+02 
 6.63410251e+08 -2.09745014e+01 -1.58604459e+02 
 6.78708313e+08 -2.12825355e+01 -1.59598526e+02 
 6.94359143e+08 -2.15919744e+01 -1.60595268e+02 
 7.10370877e+08 -2.19027647e+01 -1.61594493e+02 
 7.26751838e+08 -2.22148504e+01 -1.62596012e+02 
 7.43510539e+08 -2.25281736e+01 -1.63599646e+02 
 7.60655691e+08 -2.28426739e+01 -1.64605221e+02 
 7.78196206e+08 -2.31582892e+01 -1.65612570e+02 
 7.96141200e+08 -2.34749553e+01 -1.66621534e+02 
 8.14500001e+08 -2.37926065e+01 -1.67631958e+02 
 8.33282151e+08 -2.41111751e+01 -1.68643696e+02 
 8.52497412e+08 -2.44305920e+01 -1.69656606e+02 
 8.72155772e+08 -2.47507868e+01 -1.70670554e+02 
 8.92267449e+08 -2.50716876e+01 -1.71685408e+02 
 9.12842895e+08 -2.53932216e+01 -1.72701046e+02 
 9.33892805e+08 -2.57153147e+01 -1.73717346e+02 
 9.55428121e+08 -2.60378919e+01 -1.74734193e+02 
 9.77460036e+08 -2.63608776e+01 -1.75751473e+02 
 1.00000000e+09 -2.66841954e+01 -1.76769078e+02 
 1.02305973e+09 -2.70077684e+01 -1.77786901e+02 
 1.04665121e+09 -2.73315193e+01 -1.78804836e+02 
 1.07078670e+09 -2.76553705e+01 -1.79822779e+02 
 1.09547876e+09 -2.79792442e+01 -1.80840627e+02 
 1.12074020e+09 -2.83030628e+01 -1.81858276e+02 
 1.14658417e+09 -2.86267486e+01 -1.82875622e+02 
 1.17302409e+09 -2.89502241e+01 -1.83892558e+02 
 1.20007371e+09 -2.92734123e+01 -1.84908978e+02 
 1.22774708e+09 -2.95962367e+01 -1.85924770e+02 
 1.25605860e+09 -2.99186214e+01 -1.86939822e+02 
 1.28502297e+09 -3.02404910e+01 -1.87954015e+02 
 1.31465525e+09 -3.05617714e+01 -1.88967228e+02 
 1.34497085e+09 -3.08823892e+01 -1.89979335e+02 
 1.37598551e+09 -3.12022722e+01 -1.90990203e+02 
 1.40771537e+09 -3.15213494e+01 -1.91999695e+02 
 1.44017690e+09 -3.18395513e+01 -1.93007668e+02 
 1.47338699e+09 -3.21568098e+01 -1.94013971e+02 
 1.50736290e+09 -3.24730585e+01 -1.95018449e+02 
 1.54212228e+09 -3.27882326e+01 -1.96020938e+02 
 1.57768320e+09 -3.31022693e+01 -1.97021267e+02 
 1.61406415e+09 -3.34151077e+01 -1.98019261e+02 
 1.65128404e+09 -3.37266889e+01 -1.99014733e+02 
 1.68936220e+09 -3.40369563e+01 -2.00007495e+02 
 1.72831844e+09 -3.43458555e+01 -2.00997347e+02 
 1.76817299e+09 -3.46533346e+01 -2.01984085e+02 
 1.80894658e+09 -3.49593441e+01 -2.02967499e+02 
 1.85066040e+09 -3.52638369e+01 -2.03947370e+02 
 1.89333613e+09 -3.55667689e+01 -2.04923478e+02 
 1.93699595e+09 -3.58680983e+01 -2.05895594e+02 
 1.98166255e+09 -3.61677863e+01 -2.06863485e+02 
 2.02735916e+09 -3.64657970e+01 -2.07826914e+02 
 2.07410951e+09 -3.67620972e+01 -2.08785642e+02 
 2.12193792e+09 -3.70566567e+01 -2.09739424e+02 
 2.17086923e+09 -3.73494482e+01 -2.10688015e+02 
 2.22092889e+09 -3.76404475e+01 -2.11631166e+02 
 2.27214291e+09 -3.79296331e+01 -2.12568630e+02 
 2.32453791e+09 -3.82169867e+01 -2.13500158e+02 
 2.37814113e+09 -3.85024929e+01 -2.14425501e+02 
 2.43298042e+09 -3.87861393e+01 -2.15344412e+02 
 2.48908429e+09 -3.90679164e+01 -2.16256646e+02 
 2.54648190e+09 -3.93478175e+01 -2.17161961e+02 
 2.60520309e+09 -3.96258388e+01 -2.18060118e+02 
 2.66527837e+09 -3.99019793e+01 -2.18950882e+02 
 2.72673897e+09 -4.01762407e+01 -2.19834023e+02 
 2.78961683e+09 -4.04486273e+01 -2.20709317e+02 
 2.85394464e+09 -4.07191459e+01 -2.21576546e+02 
 2.91975583e+09 -4.09878061e+01 -2.22435498e+02 
 2.98708461e+09 -4.12546194e+01 -2.23285970e+02 
 3.05596598e+09 -4.15195999e+01 -2.24127766e+02 
 3.12643573e+09 -4.17827638e+01 -2.24960697e+02 
 3.19853049e+09 -4.20441294e+01 -2.25784585e+02 
 3.27228774e+09 -4.23037168e+01 -2.26599261e+02 
 3.34774581e+09 -4.25615482e+01 -2.27404564e+02 
 3.42494392e+09 -4.28176473e+01 -2.28200343e+02 
 3.50392221e+09 -4.30720394e+01 -2.28986458e+02 
 3.58472171e+09 -4.33247515e+01 -2.29762779e+02 
 3.66738442e+09 -4.35758117e+01 -2.30529185e+02 
 3.75195331e+09 -4.38252494e+01 -2.31285568e+02 
 3.83847234e+09 -4.40730954e+01 -2.32031827e+02 
 3.92698648e+09 -4.43193811e+01 -2.32767875e+02 
 4.01754173e+09 -4.45641389e+01 -2.33493633e+02 
 4.11018515e+09 -4.48074022e+01 -2.34209032e+02 
 4.20496491e+09 -4.50492049e+01 -2.34914014e+02 
 4.30193027e+09 -4.52895813e+01 -2.35608532e+02 
 4.40113162e+09 -4.55285665e+01 -2.36292547e+02 
 4.50262052e+09 -4.57661957e+01 -2.36966030e+02 
 4.60644974e+09 -4.60025045e+01 -2.37628961e+02 
 4.71267322e+09 -4.62375285e+01 -2.38281330e+02 
 4.82134619e+09 -4.64713037e+01 -2.38923134e+02 
 4.93252513e+09 -4.67038657e+01 -2.39554379e+02 
 5.04626783e+09 -4.69352504e+01 -2.40175080e+02 
 5.16263340e+09 -4.71654933e+01 -2.40785259e+02 
 5.28168234e+09 -4.73946299e+01 -2.41384943e+02 
 5.40347650e+09 -4.76226952e+01 -2.41974169e+02 
 5.52807921e+09 -4.78497242e+01 -2.42552979e+02 
 5.65555523e+09 -4.80757511e+01 -2.43121420e+02 
 5.78597080e+09 -4.83008101e+01 -2.43679548e+02 
 5.91939372e+09 -4.85249345e+01 -2.44227420e+02 
 6.05589334e+09 -4.87481574e+01 -2.44765101e+02 
 6.19554061e+09 -4.89705113e+01 -2.45292659e+02 
 6.33840810e+09 -4.91920279e+01 -2.45810167e+02 
 6.48457008e+09 -4.94127386e+01 -2.46317701e+02 
 6.63410251e+09 -4.96326739e+01 -2.46815340e+02 
 6.78708313e+09 -4.98518637e+01 -2.47303169e+02 
 6.94359143e+09 -5.00703372e+01 -2.47781270e+02 
 7.10370877e+09 -5.02881231e+01 -2.48249734e+02 
 7.26751838e+09 -5.05052490e+01 -2.48708649e+02 
 7.43510539e+09 -5.07217420e+01 -2.49158106e+02 
 7.60655691e+09 -5.09376285e+01 -2.49598200e+02 
 7.78196206e+09 -5.11529340e+01 -2.50029023e+02 
 7.96141200e+09 -5.13676832e+01 -2.50450671e+02 
 8.14500001e+09 -5.15819002e+01 -2.50863240e+02 
 8.33282151e+09 -5.17956082e+01 -2.51266825e+02 
 8.52497412e+09 -5.20088297e+01 -2.51661524e+02 
 8.72155772e+09 -5.22215862e+01 -2.52047432e+02 
 8.92267449e+09 -5.24338988e+01 -2.52424645e+02 
 9.12842895e+09 -5.26457874e+01 -2.52793259e+02 
 9.33892805e+09 -5.28572715e+01 -2.53153370e+02 
 9.55428121e+09 -5.30683695e+01 -2.53505072e+02 
 9.77460036e+09 -5.32790992e+01 -2.53848459e+02 
 1.00000000e+10 -5.34894776e+01 -2.54183624e+02 
