 frequency       v(Tmb_dB)       v(Tmb_arg)     
 1.00000000e+00 -2.77664642e+02 -2.31340202e-06 
 1.02305973e+00 -2.77674481e+02 -3.39500460e-06 
 1.04665121e+00 -2.77639280e+02 -4.41182168e-06 
 1.07078670e+00 -2.77650036e+02 -3.66981512e-06 
 1.09547876e+00 -2.77827547e+02 -3.42191331e-06 
 1.12074020e+00 -2.77627659e+02 -3.97939662e-06 
 1.14658417e+00 -2.77731231e+02 -2.96373323e-06 
 1.17302409e+00 -2.77652875e+02 -5.92659114e-06 
 1.20007371e+00 -2.77666399e+02 -3.85370012e-06 
 1.22774708e+00 -2.77680576e+02 -3.96360343e-06 
 1.25605860e+00 -2.77695442e+02 -4.21154078e-06 
 1.28502297e+00 -2.77665388e+02 -6.17181935e-06 
 1.31465525e+00 -2.77636153e+02 -5.08972206e-06 
 1.34497085e+00 -2.77698684e+02 -9.99368667e-08 
 1.37598551e+00 -2.77716570e+02 -8.99549168e-07 
 1.40771537e+00 -2.77735316e+02 -8.26215588e-07 
 1.44017690e+00 -2.77754985e+02 -6.56840686e-06 
 1.47338699e+00 -2.77638403e+02 -1.29463854e-06 
 1.50736290e+00 -2.77705322e+02  2.41748006e-06 
 1.54212228e+00 -2.77682078e+02 -7.12400035e-06 
 1.57768320e+00 -2.77705537e+02 -5.07994496e-06 
 1.61406415e+00 -2.77638928e+02 -8.17967166e-06 
 1.65128404e+00 -2.77756022e+02 -7.09993522e-06 
 1.68936220e+00 -2.77645829e+02 -5.34682903e-07 
 1.72831844e+00 -2.77673877e+02 -5.81937937e-06 
 1.76817299e+00 -2.77749184e+02 -3.54610215e-06 
 1.80894658e+00 -2.77642988e+02 -7.67902562e-07 
 1.85066040e+00 -2.77720847e+02 -6.05165785e-06 
 1.89333613e+00 -2.77617918e+02 -8.40508558e-06 
 1.93699595e+00 -2.77744450e+02 -4.85557551e-06 
 1.98166255e+00 -2.77644448e+02 -7.35804456e-06 
 2.02735916e+00 -2.77683065e+02 -5.48654652e-06 
 2.07410951e+00 -2.77769611e+02 -4.67761255e-06 
 2.12193792e+00 -2.77720436e+02 -6.88032070e-06 
 2.17086923e+00 -2.77582851e+02 -1.42142071e-05 
 2.22092889e+00 -2.77674331e+02 -2.45695421e-06 
 2.27214291e+00 -2.77677332e+02 -1.31607629e-05 
 2.32453791e+00 -2.77774301e+02 -4.64544346e-06 
 2.37814113e+00 -2.77736007e+02 -9.05768121e-06 
 2.43298042e+00 -2.77654783e+02 -1.18860141e-05 
 2.48908429e+00 -2.77667474e+02 -5.67331924e-06 
 2.54648190e+00 -2.77774624e+02 -3.31280395e-06 
 2.60520309e+00 -2.77747050e+02 -7.42479961e-06 
 2.66527837e+00 -2.77722567e+02 -5.89769883e-06 
 2.72673897e+00 -2.77701274e+02  2.77640671e-06 
 2.78961683e+00 -2.77637805e+02 -1.72431009e-05 
 2.85394464e+00 -2.77623358e+02 -9.30091968e-06 
 2.91975583e+00 -2.77657847e+02 -3.96151754e-06 
 2.98708461e+00 -2.77696223e+02 -1.25844191e-05 
 3.05596598e+00 -2.77738711e+02 -1.36424857e-06 
 3.12643573e+00 -2.77693731e+02 -4.55219047e-06 
 3.19853049e+00 -2.77698847e+02 -1.66768722e-05 
 3.27228774e+00 -2.77662838e+02 -6.70802805e-06 
 3.34774581e+00 -2.77631657e+02 -1.40084912e-05 
 3.42494392e+00 -2.77696351e+02 -7.36244803e-06 
 3.50392221e+00 -2.77675110e+02 -6.84473540e-07 
 3.58472171e+00 -2.77750749e+02  2.50962993e-06 
 3.66738442e+00 -2.77786515e+02 -5.80883826e-06 
 3.75195331e+00 -2.77764617e+02 -9.56508873e-06 
 3.83847234e+00 -2.77784084e+02 -1.00422407e-05 
 3.92698648e+00 -2.77746484e+02 -6.70438667e-06 
 4.01754173e+00 -2.77715839e+02 -5.76458112e-06 
 4.11018515e+00 -2.77646850e+02 -1.17216161e-05 
 4.20496491e+00 -2.77768068e+02 -5.63690589e-06 
 4.30193027e+00 -2.77668236e+02 -1.58657664e-05 
 4.40113162e+00 -2.77622752e+02 -1.01293086e-05 
 4.50262052e+00 -2.77722301e+02 -7.66031676e-06 
 4.60644974e+00 -2.77814396e+02 -9.06499290e-06 
 4.71267322e+00 -2.77766626e+02 -1.16538379e-05 
 4.82134619e+00 -2.77665819e+02  4.60323265e-07 
 4.93252513e+00 -2.77666833e+02 -7.96684371e-06 
 5.04626783e+00 -2.77678529e+02 -1.68075675e-05 
 5.16263340e+00 -2.77610494e+02 -1.47551124e-05 
 5.28168234e+00 -2.77644877e+02 -1.06730314e-05 
 5.40347650e+00 -2.77858488e+02 -1.46891276e-05 
 5.52807921e+00 -2.77705739e+02 -1.56998580e-05 
 5.65555523e+00 -2.77687594e+02 -5.05577097e-06 
 5.78597080e+00 -2.77729243e+02 -1.16237954e-05 
 5.91939372e+00 -2.77603276e+02 -2.88853199e-05 
 6.05589334e+00 -2.77674554e+02 -1.69970217e-05 
 6.19554061e+00 -2.77716743e+02  7.10846124e-06 
 6.33840810e+00 -2.77684445e+02 -2.36001776e-05 
 6.48457008e+00 -2.77743919e+02 -6.73117570e-06 
 6.63410251e+00 -2.77628297e+02 -1.58758018e-05 
 6.78708313e+00 -2.77771254e+02 -4.32693520e-06 
 6.94359143e+00 -2.77649246e+02 -1.50147739e-05 
 7.10370877e+00 -2.77713863e+02 -2.30003263e-05 
 7.26751838e+00 -2.77618390e+02 -2.99969565e-05 
 7.43510539e+00 -2.77682531e+02 -2.04672834e-05 
 7.60655691e+00 -2.77589246e+02 -1.81187230e-05 
 7.78196206e+00 -2.77731193e+02 -1.65485592e-05 
 7.96141200e+00 -2.77706697e+02 -2.41382016e-05 
 8.14500001e+00 -2.77813174e+02 -3.04997174e-05 
 8.33282151e+00 -2.77736345e+02 -1.09494509e-05 
 8.52497412e+00 -2.77736447e+02 -4.32010195e-06 
 8.72155772e+00 -2.77694457e+02 -3.29285727e-05 
 8.92267449e+00 -2.77651344e+02 -2.58209039e-05 
 9.12842895e+00 -2.77723546e+02 -1.33216200e-05 
 9.33892805e+00 -2.77706271e+02 -3.73409259e-05 
 9.55428121e+00 -2.77791004e+02 -1.44962175e-05 
 9.77460036e+00 -2.77686456e+02 -3.06915383e-05 
 1.00000000e+01 -2.77715836e+02 -2.93851986e-05 
 1.02305973e+01 -2.77652232e+02 -1.82681010e-05 
 1.04665121e+01 -2.77725893e+02 -3.59872605e-06 
 1.07078670e+01 -2.77785118e+02 -8.60448682e-05 
 1.09547876e+01 -2.77700323e+02 -2.17371516e-05 
 1.12074020e+01 -2.77697058e+02 -1.75305921e-05 
 1.14658417e+01 -2.77731720e+02 -7.10007310e-05 
 1.17302409e+01 -2.77676169e+02 -6.59635608e-05 
 1.20007371e+01 -2.77709468e+02  4.59744901e-06 
 1.22774708e+01 -2.77789219e+02 -9.24348607e-06 
 1.25605860e+01 -2.77861912e+02  2.43294266e-05 
 1.28502297e+01 -2.77819504e+02 -5.54530064e-05 
 1.31465525e+01 -2.77684244e+02 -1.53284048e-06 
 1.34497085e+01 -2.77654267e+02 -4.89298991e-05 
 1.37598551e+01 -2.77778015e+02 -1.25090039e-05 
 1.40771537e+01 -2.77773723e+02 -1.62577866e-05 
 1.44017690e+01 -2.77719287e+02 -5.80506086e-05 
 1.47338699e+01 -2.77710718e+02 -4.75603243e-05 
 1.50736290e+01 -2.77660677e+02 -7.37352209e-05 
 1.54212228e+01 -2.77693056e+02 -7.48361970e-05 
 1.57768320e+01 -2.77802493e+02  2.66884804e-06 
 1.61406415e+01 -2.77672122e+02 -4.43723984e-05 
 1.65128404e+01 -2.77776949e+02 -4.75117093e-05 
 1.68936220e+01 -2.77681260e+02 -6.63699946e-05 
 1.72831844e+01 -2.77739865e+02 -5.56862898e-05 
 1.76817299e+01 -2.77718687e+02 -2.01538634e-05 
 1.80894658e+01 -2.77743867e+02 -8.74620389e-05 
 1.85066040e+01 -2.77684369e+02 -3.96486525e-05 
 1.89333613e+01 -2.77630161e+02 -7.71141412e-05 
 1.93699595e+01 -2.77696175e+02 -1.77903710e-06 
 1.98166255e+01 -2.77744907e+02 -3.32770452e-05 
 2.02735916e+01 -2.77737807e+02 -5.41237293e-05 
 2.07410951e+01 -2.77683065e+02 -4.48887953e-05 
 2.12193792e+01 -2.77754772e+02 -5.67090622e-05 
 2.17086923e+01 -2.77647964e+02 -1.25982696e-04 
 2.22092889e+01 -2.77713632e+02 -9.61860487e-05 
 2.27214291e+01 -2.77739804e+02  1.85393262e-05 
 2.32453791e+01 -2.77764742e+02 -7.63373042e-06 
 2.37814113e+01 -2.77661578e+02 -5.63851041e-05 
 2.43298042e+01 -2.77698591e+02 -1.33587524e-04 
 2.48908429e+01 -2.77739495e+02 -9.23971462e-05 
 2.54648190e+01 -2.77733034e+02 -6.64842995e-05 
 2.60520309e+01 -2.77775040e+02 -5.51385574e-05 
 2.66527837e+01 -2.77584926e+02 -8.00832881e-05 
 2.72673897e+01 -2.77643322e+02 -1.34722360e-04 
 2.78961683e+01 -2.77627040e+02 -1.64063704e-04 
 2.85394464e+01 -2.77706911e+02 -1.09342966e-04 
 2.91975583e+01 -2.77751796e+02  7.31619630e-06 
 2.98708461e+01 -2.77668899e+02 -1.33119853e-04 
 3.05596598e+01 -2.77825143e+02 -2.06415438e-05 
 3.12643573e+01 -2.77768507e+02 -8.25112955e-05 
 3.19853049e+01 -2.77713709e+02 -1.65843005e-04 
 3.27228774e+01 -2.77798772e+02 -8.81799748e-05 
 3.34774581e+01 -2.77685883e+02  7.40738939e-06 
 3.42494392e+01 -2.77757955e+02 -2.13936426e-04 
 3.50392221e+01 -2.77778251e+02 -7.43236011e-05 
 3.58472171e+01 -2.77652977e+02 -1.31627405e-04 
 3.66738442e+01 -2.77710353e+02 -3.84829153e-05 
 3.75195331e+01 -2.77737434e+02 -4.48163708e-05 
 3.83847234e+01 -2.77772686e+02 -1.50779689e-04 
 3.92698648e+01 -2.77687654e+02 -3.63359499e-05 
 4.01754173e+01 -2.77724528e+02 -1.25648424e-05 
 4.11018515e+01 -2.77666536e+02 -9.35260496e-05 
 4.20496491e+01 -2.77740534e+02 -3.62382316e-05 
 4.30193027e+01 -2.77724306e+02 -1.20914360e-04 
 4.40113162e+01 -2.77717388e+02 -1.10158396e-04 
 4.50262052e+01 -2.77640415e+02 -1.88535509e-04 
 4.60644974e+01 -2.77669760e+02 -1.28338771e-04 
 4.71267322e+01 -2.77719072e+02 -1.22160106e-04 
 4.82134619e+01 -2.77694715e+02 -1.72767400e-04 
 4.93252513e+01 -2.77696690e+02 -1.98968022e-04 
 5.04626783e+01 -2.77663981e+02  2.78090750e-05 
 5.16263340e+01 -2.77700726e+02 -6.25024034e-05 
 5.28168234e+01 -2.77768287e+02 -9.25969099e-05 
 5.40347650e+01 -2.77564654e+02 -1.48105475e-04 
 5.52807921e+01 -2.77704053e+02 -1.60832642e-04 
 5.65555523e+01 -2.77790596e+02  9.02048007e-05 
 5.78597080e+01 -2.77693055e+02  1.70851780e-05 
 5.91939372e+01 -2.77717926e+02 -1.15140912e-04 
 6.05589334e+01 -2.77657120e+02 -6.92261414e-05 
 6.19554061e+01 -2.77721645e+02 -3.38487829e-04 
 6.33840810e+01 -2.77765270e+02 -2.55938731e-04 
 6.48457008e+01 -2.77665891e+02  3.00895213e-05 
 6.63410251e+01 -2.77774523e+02 -1.20203077e-04 
 6.78708313e+01 -2.77669460e+02 -2.57061183e-04 
 6.94359143e+01 -2.77737867e+02 -1.21033770e-04 
 7.10370877e+01 -2.77680016e+02 -1.54535292e-04 
 7.26751838e+01 -2.77630141e+02 -1.20041301e-04 
 7.43510539e+01 -2.77684476e+02 -1.07045253e-04 
 7.60655691e+01 -2.77704142e+02 -3.28365783e-04 
 7.78196206e+01 -2.77765654e+02 -1.25559134e-05 
 7.96141200e+01 -2.77667195e+02 -9.16969900e-05 
 8.14500001e+01 -2.77810769e+02 -2.28832123e-05 
 8.33282151e+01 -2.77654134e+02 -3.71701313e-04 
 8.52497412e+01 -2.77740105e+02 -3.09627841e-04 
 8.72155772e+01 -2.77705708e+02 -4.52504185e-04 
 8.92267449e+01 -2.77728662e+02 -3.82856889e-05 
 9.12842895e+01 -2.77645165e+02 -2.79769320e-04 
 9.33892805e+01 -2.77766563e+02 -3.37992442e-04 
 9.55428121e+01 -2.77721762e+02 -4.43442569e-04 
 9.77460036e+01 -2.77839447e+02 -1.65805342e-04 
 1.00000000e+02 -2.77883244e+02 -1.37036034e-04 
 1.02305973e+02 -2.77847919e+02 -2.13916947e-05 
 1.04665121e+02 -2.77831860e+02 -2.47179211e-04 
 1.07078670e+02 -2.77663667e+02 -3.85320409e-04 
 1.09547876e+02 -2.77752769e+02  2.27932926e-04 
 1.12074020e+02 -2.77667426e+02 -2.63244518e-04 
 1.14658417e+02 -2.77745798e+02 -4.71812618e-04 
 1.17302409e+02 -2.77815291e+02 -4.36920960e-04 
 1.20007371e+02 -2.77769801e+02 -5.20993597e-04 
 1.22774708e+02 -2.77822204e+02 -2.25403031e-04 
 1.25605860e+02 -2.77769794e+02 -1.20915100e-04 
 1.28502297e+02 -2.77697172e+02 -8.07640301e-04 
 1.31465525e+02 -2.77800432e+02 -3.09989257e-04 
 1.34497085e+02 -2.77823343e+02 -3.17893268e-04 
 1.37598551e+02 -2.77855768e+02 -9.61649364e-06 
 1.40771537e+02 -2.77848203e+02 -1.06769984e-04 
 1.44017690e+02 -2.77841877e+02 -2.75832702e-04 
 1.47338699e+02 -2.77805789e+02 -1.83929146e-05 
 1.50736290e+02 -2.77726484e+02 -4.64983236e-05 
 1.54212228e+02 -2.77767707e+02 -5.28959617e-04 
 1.57768320e+02 -2.77700400e+02 -5.78335537e-04 
 1.61406415e+02 -2.77794324e+02 -7.93520163e-04 
 1.65128404e+02 -2.77753638e+02 -2.48760224e-05 
 1.68936220e+02 -2.77740080e+02 -7.38481658e-04 
 1.72831844e+02 -2.77638761e+02 -5.00639622e-04 
 1.76817299e+02 -2.77741427e+02 -7.17609640e-04 
 1.80894658e+02 -2.77673620e+02 -9.45554681e-04 
 1.85066040e+02 -2.77722536e+02 -1.31526670e-04 
 1.89333613e+02 -2.77598639e+02 -3.28412165e-04 
 1.93699595e+02 -2.77586300e+02 -7.42184788e-04 
 1.98166255e+02 -2.77661600e+02 -6.79039496e-04 
 2.02735916e+02 -2.77820188e+02 -8.24693917e-04 
 2.07410951e+02 -2.77703200e+02 -7.30720875e-04 
 2.12193792e+02 -2.77673853e+02 -5.02947532e-04 
 2.17086923e+02 -2.77700442e+02 -1.17017996e-04 
 2.22092889e+02 -2.77794010e+02  4.81324855e-05 
 2.27214291e+02 -2.77833475e+02 -8.45026553e-04 
 2.32453791e+02 -2.77779248e+02 -2.52316298e-04 
 2.37814113e+02 -2.77724373e+02 -4.86987475e-04 
 2.43298042e+02 -2.77735892e+02 -7.22363838e-04 
 2.48908429e+02 -2.77788879e+02 -1.32009953e-03 
 2.54648190e+02 -2.77622345e+02 -1.39095383e-03 
 2.60520309e+02 -2.77690329e+02 -9.60414603e-04 
 2.66527837e+02 -2.77703475e+02 -9.39316924e-04 
 2.72673897e+02 -2.77890548e+02 -1.52588481e-04 
 2.78961683e+02 -2.77780367e+02 -4.27628249e-04 
 2.85394464e+02 -2.77784231e+02 -4.94615454e-04 
 2.91975583e+02 -2.77825089e+02 -8.21307766e-04 
 2.98708461e+02 -2.77791499e+02 -5.12757693e-04 
 3.05596598e+02 -2.77798651e+02 -7.64128001e-04 
 3.12643573e+02 -2.77712219e+02 -8.12788445e-04 
 3.19853049e+02 -2.77808413e+02 -6.15310492e-04 
 3.27228774e+02 -2.77675937e+02 -1.54713788e-03 
 3.34774581e+02 -2.77820679e+02  4.61418693e-04 
 3.42494392e+02 -2.77776825e+02 -1.24917177e-03 
 3.50392221e+02 -2.77810626e+02 -2.36607085e-04 
 3.58472171e+02 -2.77712689e+02 -7.67157061e-04 
 3.66738442e+02 -2.77705237e+02  2.90421490e-04 
 3.75195331e+02 -2.77810777e+02  4.64988196e-05 
 3.83847234e+02 -2.77856448e+02 -9.99272112e-04 
 3.92698648e+02 -2.77740324e+02 -2.19433094e-04 
 4.01754173e+02 -2.77668179e+02 -7.73256674e-04 
 4.11018515e+02 -2.77716869e+02 -2.11147283e-03 
 4.20496491e+02 -2.77762059e+02 -1.40977346e-03 
 4.30193027e+02 -2.77706924e+02 -2.12244532e-03 
 4.40113162e+02 -2.77792320e+02 -2.69787910e-04 
 4.50262052e+02 -2.77685729e+02 -6.09347749e-04 
 4.60644974e+02 -2.77689873e+02 -9.35945476e-06 
 4.71267322e+02 -2.77782200e+02 -8.28629424e-04 
 4.82134619e+02 -2.77702399e+02 -1.16588247e-03 
 4.93252513e+02 -2.77752766e+02 -2.57478098e-03 
 5.04626783e+02 -2.77621693e+02 -8.25956330e-04 
 5.16263340e+02 -2.77793042e+02 -6.77034082e-05 
 5.28168234e+02 -2.77723108e+02 -5.45409851e-04 
 5.40347650e+02 -2.77760336e+02 -1.67732205e-03 
 5.52807921e+02 -2.77790605e+02 -6.76226560e-04 
 5.65555523e+02 -2.77709960e+02 -2.20707548e-04 
 5.78597080e+02 -2.77728784e+02 -4.51418328e-04 
 5.91939372e+02 -2.77710728e+02 -2.21512580e-04 
 6.05589334e+02 -2.77759214e+02 -3.23373484e-03 
 6.19554061e+02 -2.77588634e+02 -1.84891590e-03 
 6.33840810e+02 -2.77794159e+02 -1.54293044e-03 
 6.48457008e+02 -2.77800804e+02 -1.99924057e-03 
 6.63410251e+02 -2.77778395e+02 -3.28639341e-03 
 6.78708313e+02 -2.77795342e+02  8.66314871e-04 
 6.94359143e+02 -2.77746630e+02 -6.38318405e-04 
 7.10370877e+02 -2.77680759e+02 -2.35145400e-03 
 7.26751838e+02 -2.77749206e+02 -1.64138405e-03 
 7.43510539e+02 -2.77683439e+02 -2.48822805e-03 
 7.60655691e+02 -2.77736190e+02 -4.57413360e-05 
 7.78196206e+02 -2.77666481e+02 -3.62485701e-03 
 7.96141200e+02 -2.77802900e+02 -1.45288402e-03 
 8.14500001e+02 -2.77724495e+02 -1.77711741e-03 
 8.33282151e+02 -2.77781279e+02 -2.68361183e-03 
 8.52497412e+02 -2.77742835e+02 -3.39410795e-03 
 8.72155772e+02 -2.77729378e+02 -4.87871221e-04 
 8.92267449e+02 -2.77847353e+02  6.71020574e-04 
 9.12842895e+02 -2.77704150e+02 -1.05095223e-03 
 9.33892805e+02 -2.77647665e+02 -2.81809891e-03 
 9.55428121e+02 -2.77897083e+02 -6.70279053e-04 
 9.77460036e+02 -2.77842872e+02 -2.92743183e-03 
 1.00000000e+03 -2.77649411e+02 -6.59418883e-03 
 1.02305973e+03 -2.77687221e+02 -2.32039353e-03 
 1.04665121e+03 -2.77636632e+02 -2.44826736e-03 
 1.07078670e+03 -2.77785602e+02 -1.17803524e-03 
 1.09547876e+03 -2.77644362e+02 -4.51802115e-03 
 1.12074020e+03 -2.77749546e+02 -2.20278044e-03 
 1.14658417e+03 -2.77789942e+02 -6.21406091e-04 
 1.17302409e+03 -2.77705895e+02 -3.00530357e-03 
 1.20007371e+03 -2.77810406e+02 -1.49444111e-03 
 1.22774708e+03 -2.77800166e+02 -3.18034119e-03 
 1.25605860e+03 -2.77730336e+02 -5.43072165e-03 
 1.28502297e+03 -2.77723700e+02 -6.86632342e-04 
 1.31465525e+03 -2.77778882e+02 -3.97478485e-03 
 1.34497085e+03 -2.77605473e+02 -1.20397740e-03 
 1.37598551e+03 -2.77823216e+02 -2.40905142e-03 
 1.40771537e+03 -2.77858102e+02 -4.25661512e-03 
 1.44017690e+03 -2.77847192e+02 -9.65073832e-03 
 1.47338699e+03 -2.77750540e+02 -2.56303519e-03 
 1.50736290e+03 -2.77735257e+02  3.27754989e-05 
 1.54212228e+03 -2.77714962e+02 -2.72557783e-03 
 1.57768320e+03 -2.77865823e+02  1.00712112e-03 
 1.61406415e+03 -2.77641912e+02 -7.45409931e-03 
 1.65128404e+03 -2.77787554e+02 -6.97098619e-04 
 1.68936220e+03 -2.77861067e+02  3.03419936e-03 
 1.72831844e+03 -2.77938633e+02  5.41445057e-03 
 1.76817299e+03 -2.77738529e+02 -4.57484297e-03 
 1.80894658e+03 -2.77719771e+02 -1.32190623e-03 
 1.85066040e+03 -2.77733413e+02 -5.69369686e-03 
 1.89333613e+03 -2.77867745e+02  5.14745289e-03 
 1.93699595e+03 -2.77768391e+02 -7.85690041e-03 
 1.98166255e+03 -2.77627925e+02 -7.57703928e-03 
 2.02735916e+03 -2.77750144e+02 -1.04581940e-02 
 2.07410951e+03 -2.77797551e+02 -6.21162400e-04 
 2.12193792e+03 -2.77659909e+02 -1.15162458e-02 
 2.17086923e+03 -2.77738857e+02 -1.03318585e-02 
 2.22092889e+03 -2.77808958e+02 -4.89039296e-03 
 2.27214291e+03 -2.77762064e+02 -5.28755075e-03 
 2.32453791e+03 -2.77682670e+02 -9.61289816e-03 
 2.37814113e+03 -2.77656026e+02 -1.19511747e-02 
 2.43298042e+03 -2.77763088e+02 -2.13225187e-04 
 2.48908429e+03 -2.77818415e+02 -1.39638961e-02 
 2.54648190e+03 -2.77725849e+02 -1.03064303e-03 
 2.60520309e+03 -2.77666020e+02 -1.04386901e-02 
 2.66527837e+03 -2.77763939e+02 -3.08415281e-03 
 2.72673897e+03 -2.77753282e+02  4.06892728e-04 
 2.78961683e+03 -2.77844255e+02 -1.00711764e-02 
 2.85394464e+03 -2.77699336e+02 -7.87179660e-03 
 2.91975583e+03 -2.77680742e+02 -1.04069683e-02 
 2.98708461e+03 -2.77673780e+02 -5.91424372e-03 
 3.05596598e+03 -2.77660430e+02 -1.35858612e-02 
 3.12643573e+03 -2.77726940e+02 -3.09337002e-03 
 3.19853049e+03 -2.77760140e+02  6.17589996e-04 
 3.27228774e+03 -2.77834690e+02  5.05067201e-03 
 3.34774581e+03 -2.77909504e+02  1.04715985e-02 
 3.42494392e+03 -2.77917223e+02 -1.21412847e-02 
 3.50392221e+03 -2.77751029e+02  3.71275674e-03 
 3.58472171e+03 -2.77684648e+02 -8.06956158e-03 
 3.66738442e+03 -2.77796956e+02 -1.14574622e-02 
 3.75195331e+03 -2.77754940e+02 -5.99611618e-03 
 3.83847234e+03 -2.77715173e+02 -1.37537578e-02 
 3.92698648e+03 -2.77705636e+02  2.09198133e-03 
 4.01754173e+03 -2.77780385e+02 -6.75809876e-03 
 4.11018515e+03 -2.77820091e+02 -1.86927673e-03 
 4.20496491e+03 -2.77794931e+02 -1.21575256e-02 
 4.30193027e+03 -2.77658713e+02 -8.39535905e-03 
 4.40113162e+03 -2.77887986e+02 -3.73180707e-03 
 4.50262052e+03 -2.77789214e+02 -1.61050884e-02 
 4.60644974e+03 -2.77770213e+02 -2.03148779e-02 
 4.71267322e+03 -2.77595826e+02 -9.99695956e-03 
 4.82134619e+03 -2.77735476e+02 -1.57334894e-02 
 4.93252513e+03 -2.77778184e+02  4.89877659e-04 
 5.04626783e+03 -2.77614900e+02 -1.12760840e-02 
 5.16263340e+03 -2.77715640e+02 -9.76859742e-03 
 5.28168234e+03 -2.77863590e+02  7.22640229e-04 
 5.40347650e+03 -2.77670884e+02 -1.77521773e-02 
 5.52807921e+03 -2.77745853e+02 -1.93356381e-02 
 5.65555523e+03 -2.77748036e+02 -1.89460762e-02 
 5.78597080e+03 -2.77692261e+02 -1.30400859e-02 
 5.91939372e+03 -2.77794586e+02 -1.58716975e-02 
 6.05589334e+03 -2.77899708e+02 -9.06007067e-03 
 6.19554061e+03 -2.77777815e+02 -6.64855466e-03 
 6.33840810e+03 -2.77602966e+02 -2.44559047e-02 
 6.48457008e+03 -2.77727506e+02 -1.71941710e-02 
 6.63410251e+03 -2.77823538e+02 -5.64672604e-03 
 6.78708313e+03 -2.77763311e+02 -1.15758003e-02 
 6.94359143e+03 -2.77787523e+02 -4.92803692e-03 
 7.10370877e+03 -2.77859434e+02 -1.97009881e-02 
 7.26751838e+03 -2.77732187e+02 -1.51226833e-02 
 7.43510539e+03 -2.77749635e+02 -4.24695428e-02 
 7.60655691e+03 -2.77792208e+02  4.71864296e-03 
 7.78196206e+03 -2.77823249e+02 -6.67722016e-03 
 7.96141200e+03 -2.77792264e+02 -2.48098385e-02 
 8.14500001e+03 -2.77749239e+02 -3.43720767e-03 
 8.33282151e+03 -2.77677807e+02  5.50906331e-03 
 8.52497412e+03 -2.77646018e+02 -5.54018508e-02 
 8.72155772e+03 -2.77738136e+02 -4.62200403e-02 
 8.92267449e+03 -2.77782853e+02 -3.05104969e-02 
 9.12842895e+03 -2.77825451e+02 -4.32650580e-03 
 9.33892805e+03 -2.77758654e+02 -1.11441418e-02 
 9.55428121e+03 -2.77780786e+02 -9.40429341e-03 
 9.77460036e+03 -2.77725365e+02 -1.73725126e-02 
 1.00000000e+04 -2.77682018e+02 -4.86405462e-02 
 1.02305973e+04 -2.77878404e+02 -3.08520532e-02 
 1.04665121e+04 -2.77807197e+02 -2.33630784e-02 
 1.07078670e+04 -2.77664364e+02 -5.58890507e-02 
 1.09547876e+04 -2.77731752e+02 -2.13214689e-02 
 1.12074020e+04 -2.77765373e+02 -3.19565755e-02 
 1.14658417e+04 -2.77751837e+02  2.15109915e-02 
 1.17302409e+04 -2.77683355e+02 -1.01148763e-02 
 1.20007371e+04 -2.77778922e+02 -2.01591835e-02 
 1.22774708e+04 -2.77769877e+02 -7.58505736e-03 
 1.25605860e+04 -2.77694623e+02 -2.40179394e-03 
 1.28502297e+04 -2.77802553e+02 -8.75930550e-03 
 1.31465525e+04 -2.77872465e+02  1.01300332e-02 
 1.34497085e+04 -2.77796222e+02  8.72762957e-03 
 1.37598551e+04 -2.77771816e+02 -4.56601394e-02 
 1.40771537e+04 -2.77730337e+02  4.06787659e-02 
 1.44017690e+04 -2.77694476e+02 -1.63307142e-02 
 1.47338699e+04 -2.77716475e+02 -1.92650871e-02 
 1.50736290e+04 -2.77750522e+02  7.98072300e-03 
 1.54212228e+04 -2.77691264e+02 -9.51540410e-03 
 1.57768320e+04 -2.77733571e+02 -4.26313465e-02 
 1.61406415e+04 -2.77710693e+02 -2.58154136e-02 
 1.65128404e+04 -2.77861383e+02 -2.26167456e-02 
 1.68936220e+04 -2.77863726e+02 -8.55385299e-02 
 1.72831844e+04 -2.77820131e+02  3.44719557e-02 
 1.76817299e+04 -2.77838711e+02 -2.81271900e-02 
 1.80894658e+04 -2.77775258e+02  2.93083088e-03 
 1.85066040e+04 -2.77775008e+02  1.17179260e-02 
 1.89333613e+04 -2.77758860e+02 -1.27667463e-02 
 1.93699595e+04 -2.77817346e+02 -8.32979379e-02 
 1.98166255e+04 -2.77797512e+02  1.41201681e-02 
 2.02735916e+04 -2.77610289e+02 -6.88591426e-02 
 2.07410951e+04 -2.77734715e+02 -6.07601597e-02 
 2.12193792e+04 -2.77794437e+02 -1.25736332e-01 
 2.17086923e+04 -2.77785962e+02  1.14823509e-02 
 2.22092889e+04 -2.77772903e+02  1.58651953e-03 
 2.27214291e+04 -2.77795457e+02 -4.92079870e-02 
 2.32453791e+04 -2.77673181e+02  1.39987621e-02 
 2.37814113e+04 -2.77816497e+02 -2.61235164e-02 
 2.43298042e+04 -2.77594123e+02 -4.76454811e-03 
 2.48908429e+04 -2.77690094e+02  5.10883151e-02 
 2.54648190e+04 -2.77740034e+02  3.82139448e-02 
 2.60520309e+04 -2.77794747e+02  3.38390729e-02 
 2.66527837e+04 -2.77771293e+02 -6.75451226e-02 
 2.72673897e+04 -2.77690864e+02  5.39810831e-03 
 2.78961683e+04 -2.77657288e+02  3.06847215e-02 
 2.85394464e+04 -2.77829682e+02  1.38019511e-03 
 2.91975583e+04 -2.77884405e+02 -6.20281483e-02 
 2.98708461e+04 -2.77831650e+02 -6.01891219e-02 
 3.05596598e+04 -2.77823495e+02  7.90178756e-03 
 3.12643573e+04 -2.77747220e+02 -1.02313036e-01 
 3.19853049e+04 -2.77710194e+02 -1.78445007e-01 
 3.27228774e+04 -2.77691134e+02 -1.44988218e-01 
 3.34774581e+04 -2.77835491e+02 -8.62211394e-02 
 3.42494392e+04 -2.77824461e+02  1.08279184e-01 
 3.50392221e+04 -2.77701522e+02 -1.11726907e-02 
 3.58472171e+04 -2.77803937e+02 -2.31951113e-03 
 3.66738442e+04 -2.77770928e+02 -8.86745120e-02 
 3.75195331e+04 -2.77919853e+02 -1.37846671e-01 
 3.83847234e+04 -2.77889424e+02 -8.93286711e-02 
 3.92698648e+04 -2.77960450e+02 -8.05918090e-02 
 4.01754173e+04 -2.77636083e+02 -9.27310409e-02 
 4.11018515e+04 -2.77721980e+02 -1.46171255e-01 
 4.20496491e+04 -2.77764176e+02 -9.69263386e-02 
 4.30193027e+04 -2.77726087e+02 -1.80639527e-01 
 4.40113162e+04 -2.77637824e+02 -5.75088333e-02 
 4.50262052e+04 -2.77744285e+02 -8.69645813e-02 
 4.60644974e+04 -2.77829305e+02 -1.92149595e-01 
 4.71267322e+04 -2.77928869e+02 -2.07219734e-01 
 4.82134619e+04 -2.77749183e+02 -7.92898997e-02 
 4.93252513e+04 -2.77671510e+02 -3.85518198e-02 
 5.04626783e+04 -2.77823388e+02 -1.81369375e-01 
 5.16263340e+04 -2.77817513e+02 -1.15817957e-01 
 5.28168234e+04 -2.77856931e+02 -3.65291922e-02 
 5.40347650e+04 -2.77754453e+02 -1.17170743e-01 
 5.52807921e+04 -2.77805878e+02 -9.84348315e-02 
 5.65555523e+04 -2.77752500e+02 -2.72074631e-01 
 5.78597080e+04 -2.77832458e+02 -2.20467063e-01 
 5.91939372e+04 -2.77823089e+02 -1.24174942e-01 
 6.05589334e+04 -2.77702948e+02 -2.23232530e-02 
 6.19554061e+04 -2.77688302e+02 -1.11523350e-01 
 6.33840810e+04 -2.77744277e+02 -4.37807619e-01 
 6.48457008e+04 -2.77689712e+02 -2.10016294e-01 
 6.63410251e+04 -2.77881284e+02 -2.94359209e-01 
 6.78708313e+04 -2.77896089e+02 -1.96137203e-01 
 6.94359143e+04 -2.77938595e+02 -4.22044546e-02 
 7.10370877e+04 -2.77771571e+02 -3.18352615e-03 
 7.26751838e+04 -2.77684370e+02 -4.04048985e-01 
 7.43510539e+04 -2.77758739e+02 -1.91770297e-01 
 7.60655691e+04 -2.77754985e+02 -4.15923862e-02 
 7.78196206e+04 -2.77772286e+02 -2.33607316e-01 
 7.96141200e+04 -2.77742168e+02 -2.40571405e-01 
 8.14500001e+04 -2.77807749e+02  2.29175329e-02 
 8.33282151e+04 -2.77859754e+02 -4.94314139e-02 
 8.52497412e+04 -2.77752885e+02  1.97476274e-01 
 8.72155772e+04 -2.77692871e+02 -1.28137108e-01 
 8.92267449e+04 -2.77642527e+02 -6.64458959e-02 
 9.12842895e+04 -2.77677192e+02 -1.83649984e-01 
 9.33892805e+04 -2.77728248e+02 -2.51760185e-01 
 9.55428121e+04 -2.77805977e+02 -3.24954247e-02 
 9.77460036e+04 -2.77863969e+02 -3.61438051e-02 
 1.00000000e+05 -2.77641329e+02 -3.18315430e-01 
 1.02305973e+05 -2.77750871e+02  4.84778623e-02 
 1.04665121e+05 -2.77607396e+02 -2.62521242e-01 
 1.07078670e+05 -2.77613395e+02  5.09566213e-02 
 1.09547876e+05 -2.77794097e+02 -9.14512518e-02 
 1.12074020e+05 -2.77816554e+02 -4.13009442e-02 
 1.14658417e+05 -2.78002321e+02 -2.48580133e-01 
 1.17302409e+05 -2.77717812e+02  1.03447597e-01 
 1.20007371e+05 -2.77827150e+02 -4.08692477e-03 
 1.22774708e+05 -2.77896235e+02 -3.64448097e-01 
 1.25605860e+05 -2.77716753e+02 -5.89849885e-02 
 1.28502297e+05 -2.77719749e+02 -2.46883007e-01 
 1.31465525e+05 -2.77774456e+02 -1.72590604e-01 
 1.34497085e+05 -2.77774463e+02 -1.83437509e-01 
 1.37598551e+05 -2.77859836e+02 -1.84955828e-01 
 1.40771537e+05 -2.77862032e+02 -1.56703332e-01 
 1.44017690e+05 -2.77841382e+02 -1.28073587e-01 
 1.47338699e+05 -2.77699028e+02 -2.94379679e-01 
 1.50736290e+05 -2.77805733e+02 -1.09724715e-03 
 1.54212228e+05 -2.77710772e+02 -4.61327608e-01 
 1.57768320e+05 -2.77699472e+02 -3.65738316e-01 
 1.61406415e+05 -2.77850212e+02  2.22263844e-01 
 1.65128404e+05 -2.77681503e+02 -2.76109427e-01 
 1.68936220e+05 -2.77831583e+02 -2.53696397e-01 
 1.72831844e+05 -2.77909183e+02 -4.60170128e-01 
 1.76817299e+05 -2.77704180e+02 -3.98770358e-01 
 1.80894658e+05 -2.77664503e+02 -2.19470693e-01 
 1.85066040e+05 -2.77795166e+02 -3.66535131e-01 
 1.89333613e+05 -2.77615608e+02 -5.46236346e-02 
 1.93699595e+05 -2.77737422e+02 -2.69121112e-01 
 1.98166255e+05 -2.77828693e+02 -5.14111929e-01 
 2.02735916e+05 -2.77798475e+02 -7.07383573e-01 
 2.07410951e+05 -2.77804880e+02 -4.85662299e-01 
 2.12193792e+05 -2.77718875e+02  1.84845920e-01 
 2.17086923e+05 -2.77695989e+02 -1.62093152e-01 
 2.22092889e+05 -2.77706458e+02 -8.50986581e-01 
 2.27214291e+05 -2.77757583e+02 -4.91353473e-01 
 2.32453791e+05 -2.77697426e+02 -5.46119154e-01 
 2.37814113e+05 -2.77774821e+02 -9.50524150e-01 
 2.43298042e+05 -2.77737886e+02 -7.44557558e-01 
 2.48908429e+05 -2.77811648e+02 -1.73049909e-01 
 2.54648190e+05 -2.77743304e+02 -1.29459706e-01 
 2.60520309e+05 -2.77815647e+02 -4.27704176e-01 
 2.66527837e+05 -2.77806259e+02 -1.71025926e-01 
 2.72673897e+05 -2.77724749e+02 -6.71651352e-01 
 2.78961683e+05 -2.77836281e+02 -7.55184248e-01 
 2.85394464e+05 -2.77807570e+02 -6.08597025e-02 
 2.91975583e+05 -2.77864467e+02 -3.06980016e-01 
 2.98708461e+05 -2.77733550e+02 -6.47233643e-01 
 3.05596598e+05 -2.77955200e+02 -9.97315057e-01 
 3.12643573e+05 -2.77933520e+02 -8.00800205e-01 
 3.19853049e+05 -2.77672944e+02 -1.22111162e-01 
 3.27228774e+05 -2.77802664e+02 -5.09875908e-01 
 3.34774581e+05 -2.77898545e+02 -1.09104016e+00 
 3.42494392e+05 -2.77783385e+02 -2.74810565e-01 
 3.50392221e+05 -2.77871749e+02 -7.75969741e-01 
 3.58472171e+05 -2.77749145e+02 -7.56884394e-01 
 3.66738442e+05 -2.77794206e+02 -5.72582916e-01 
 3.75195331e+05 -2.77620162e+02 -6.72844139e-01 
 3.83847234e+05 -2.77823001e+02 -1.32063486e+00 
 3.92698648e+05 -2.77770052e+02 -3.38399877e-01 
 4.01754173e+05 -2.77832223e+02 -7.37425923e-01 
 4.11018515e+05 -2.77949637e+02 -1.39829729e+00 
 4.20496491e+05 -2.77754720e+02 -6.11879397e-01 
 4.30193027e+05 -2.77799203e+02 -1.25999772e+00 
 4.40113162e+05 -2.77778396e+02 -2.95462171e-01 
 4.50262052e+05 -2.77667205e+02 -1.19594299e+00 
 4.60644974e+05 -2.77815491e+02 -9.84429222e-01 
 4.71267322e+05 -2.77797981e+02 -1.39499210e+00 
 4.82134619e+05 -2.77765735e+02 -9.77752974e-01 
 4.93252513e+05 -2.77841810e+02 -3.44356298e-01 
 5.04626783e+05 -2.77912390e+02 -1.00930726e+00 
 5.16263340e+05 -2.77821499e+02 -8.51768123e-01 
 5.28168234e+05 -2.77803663e+02 -7.49651468e-01 
 5.40347650e+05 -2.77869949e+02 -1.84186879e+00 
 5.52807921e+05 -2.77860232e+02 -1.03466194e+00 
 5.65555523e+05 -2.77811361e+02 -9.94004028e-01 
 5.78597080e+05 -2.77873676e+02 -8.70626488e-01 
 5.91939372e+05 -2.77938682e+02 -1.95792773e+00 
 6.05589334e+05 -2.77917776e+02 -2.11657796e+00 
 6.19554061e+05 -2.77856568e+02 -1.68438751e+00 
 6.33840810e+05 -2.77805578e+02 -5.26917393e-01 
 6.48457008e+05 -2.77861630e+02 -1.23417355e+00 
 6.63410251e+05 -2.77768036e+02 -8.12004004e-01 
 6.78708313e+05 -2.77794569e+02  5.08883677e-01 
 6.94359143e+05 -2.77825931e+02 -5.22764679e-01 
 7.10370877e+05 -2.77854369e+02 -1.72150271e-01 
 7.26751838e+05 -2.77763368e+02 -9.59991313e-01 
 7.43510539e+05 -2.77746233e+02  1.46410645e-01 
 7.60655691e+05 -2.77840694e+02  2.34173837e-01 
 7.78196206e+05 -2.77859426e+02  1.29459224e-01 
 7.96141200e+05 -2.77815773e+02 -5.79978621e-01 
 8.14500001e+05 -2.78020345e+02 -9.25922711e-01 
 8.33282151e+05 -2.77984337e+02  2.09999211e-01 
 8.52497412e+05 -2.78042627e+02 -1.77676825e+00 
 8.72155772e+05 -2.77957395e+02 -9.24033986e-01 
 8.92267449e+05 -2.78095940e+02 -1.39972546e+00 
 9.12842895e+05 -2.77868727e+02 -2.11741632e+00 
 9.33892805e+05 -2.77988739e+02 -1.44141814e+00 
 9.55428121e+05 -2.77876125e+02 -1.01625256e+00 
 9.77460036e+05 -2.78023257e+02 -1.47394001e+00 
 1.00000000e+06 -2.78052060e+02 -2.67200255e+00 
 1.02305973e+06 -2.78123455e+02 -1.68725090e+00 
 1.04665121e+06 -2.77892441e+02 -1.60550251e+00 
 1.07078670e+06 -2.78121969e+02 -3.58518249e+00 
 1.09547876e+06 -2.78000271e+02 -1.89672599e+00 
 1.12074020e+06 -2.77926059e+02  5.35765593e-01 
 1.14658417e+06 -2.78095879e+02 -9.57324834e-01 
 1.17302409e+06 -2.78054660e+02 -1.01486686e+00 
 1.20007371e+06 -2.78094991e+02 -1.13450531e+00 
 1.22774708e+06 -2.78116664e+02 -3.92462156e-01 
 1.25605860e+06 -2.78043062e+02 -3.47198975e+00 
 1.28502297e+06 -2.78024413e+02 -3.11978191e+00 
 1.31465525e+06 -2.78152115e+02 -1.11196012e+00 
 1.34497085e+06 -2.78272807e+02 -2.86876469e+00 
 1.37598551e+06 -2.78171143e+02 -2.51193394e+00 
 1.40771537e+06 -2.78233042e+02  1.20123645e+00 
 1.44017690e+06 -2.78173494e+02 -5.52701050e-01 
 1.47338699e+06 -2.78386414e+02 -4.05886226e+00 
 1.50736290e+06 -2.78302835e+02 -1.50904678e+00 
 1.54212228e+06 -2.78365813e+02 -7.34641772e-01 
 1.57768320e+06 -2.78405515e+02 -1.98879680e+00 
 1.61406415e+06 -2.78521223e+02 -3.85595323e+00 
 1.65128404e+06 -2.78376929e+02 -3.63277741e-01 
 1.68936220e+06 -2.78405042e+02 -4.60100018e-01 
 1.72831844e+06 -2.78541621e+02 -2.98685515e+00 
 1.76817299e+06 -2.78521229e+02 -1.69563348e+00 
 1.80894658e+06 -2.78701937e+02 -2.65475695e+00 
 1.85066040e+06 -2.78550378e+02 -1.11599375e+00 
 1.89333613e+06 -2.78510610e+02 -6.81815093e-01 
 1.93699595e+06 -2.78594160e+02  6.52658199e-01 
 1.98166255e+06 -2.78889500e+02 -4.79920020e+00 
 2.02735916e+06 -2.79003382e+02 -2.09350343e+00 
 2.07410951e+06 -2.78824258e+02 -6.56025884e-01 
 2.12193792e+06 -2.78972164e+02 -4.94696767e-01 
 2.17086923e+06 -2.78988775e+02 -1.93261528e+00 
 2.22092889e+06 -2.79076325e+02 -3.00715826e+00 
 2.27214291e+06 -2.79142827e+02  8.77307525e-01 
 2.32453791e+06 -2.79197097e+02 -4.05345460e+00 
 2.37814113e+06 -2.79374492e+02 -6.76245789e+00 
 2.43298042e+06 -2.79413206e+02  8.04681904e-01 
 2.48908429e+06 -2.79328013e+02 -4.12792441e+00 
 2.54648190e+06 -2.79672689e+02 -7.00306110e+00 
 2.60520309e+06 -2.79564777e+02 -1.57294377e+00 
 2.66527837e+06 -2.79805581e+02 -4.91010763e+00 
 2.72673897e+06 -2.79887175e+02 -6.05811415e+00 
 2.78961683e+06 -2.79987682e+02 -1.71797827e+00 
 2.85394464e+06 -2.79982238e+02  1.90464518e+00 
 2.91975583e+06 -2.80233818e+02 -1.80831637e+00 
 2.98708461e+06 -2.80213776e+02  2.97237743e+00 
 3.05596598e+06 -2.80149481e+02 -7.15697263e-01 
 3.12643573e+06 -2.80461556e+02  8.85267606e-01 
 3.19853049e+06 -2.80775587e+02 -3.69129180e+00 
 3.27228774e+06 -2.80982856e+02  6.18924267e-01 
 3.34774581e+06 -2.80974713e+02  1.95116055e+00 
 3.42494392e+06 -2.81355884e+02 -4.43580578e+00 
 3.50392221e+06 -2.81513481e+02 -6.79158289e+00 
 3.58472171e+06 -2.81864935e+02  2.38317605e-01 
 3.66738442e+06 -2.81982368e+02 -1.28946779e+01 
 3.75195331e+06 -2.81828412e+02  3.26475687e+00 
 3.83847234e+06 -2.82389747e+02 -8.33930596e+00 
 3.92698648e+06 -2.82713900e+02 -6.20891725e+00 
 4.01754173e+06 -2.82767665e+02  5.04118854e+00 
 4.11018515e+06 -2.83492816e+02 -6.60252184e+00 
 4.20496491e+06 -2.83874612e+02 -1.84188733e+01 
 4.30193027e+06 -2.84079226e+02  7.37540383e+00 
 4.40113162e+06 -2.84429141e+02  3.68110813e+00 
 4.50262052e+06 -2.84932776e+02  6.09973615e+00 
 4.60644974e+06 -2.85966599e+02 -3.80378008e+00 
 4.71267322e+06 -2.86199743e+02  3.27320572e-01 
 4.82134619e+06 -2.86653295e+02  8.66866365e+00 
 4.93252513e+06 -2.87535595e+02  8.88217278e+00 
 5.04626783e+06 -2.87862208e+02  2.20428842e+01 
 5.16263340e+06 -2.88652322e+02  1.92207375e+01 
 5.28168234e+06 -2.89464965e+02  2.70327212e+01 
 5.40347650e+06 -2.91056958e+02  2.66020171e+01 
 5.52807921e+06 -2.94798005e+02  2.32828734e+00 
 5.65555523e+06 -2.95320508e+02  3.45177718e+01 
 5.78597080e+06 -2.95349752e+02 -8.72602504e+01 
 5.91939372e+06 -3.03875418e+02 -1.05457169e+02 
 6.05589334e+06 -2.94919504e+02 -1.22358956e+02 
 6.19554061e+06 -2.89841101e+02 -1.28626436e+02 
 6.33840810e+06 -2.94557362e+02 -1.67376708e+02 
 6.48457008e+06 -2.92662515e+02 -1.75394370e+02 
 6.63410251e+06 -2.89137666e+02 -1.83078468e+02 
 6.78708313e+06 -2.86962071e+02 -2.17686241e+02 
 6.94359143e+06 -2.86347788e+02 -2.04197710e+02 
 7.10370877e+06 -2.84867838e+02 -1.79107228e+02 
 7.26751838e+06 -2.83870755e+02 -1.92822373e+02 
 7.43510539e+06 -2.81307972e+02 -2.25598287e+02 
 7.60655691e+06 -2.81575753e+02 -1.86851575e+02 
 7.78196206e+06 -2.80295717e+02 -2.10633847e+02 
 7.96141200e+06 -2.79670917e+02 -1.89147002e+02 
 8.14500001e+06 -2.78742293e+02 -2.05799920e+02 
 8.33282151e+06 -2.78009081e+02 -1.91620223e+02 
 8.52497412e+06 -2.77389833e+02 -1.96824219e+02 
 8.72155772e+06 -2.76283110e+02 -2.13701353e+02 
 8.92267449e+06 -2.75886722e+02 -2.01531404e+02 
 9.12842895e+06 -2.75265038e+02 -2.01154920e+02 
 9.33892805e+06 -2.74537559e+02 -2.02044033e+02 
 9.55428121e+06 -2.73852423e+02 -2.05853243e+02 
 9.77460036e+06 -2.73175727e+02 -1.89424393e+02 
 1.00000000e+07 -2.72619950e+02 -1.94170325e+02 
 1.02305973e+07 -2.71912230e+02 -1.87552110e+02 
 1.04665121e+07 -2.71403952e+02 -1.92867895e+02 
 1.07078670e+07 -2.70919536e+02 -1.97468904e+02 
 1.09547876e+07 -2.70319612e+02 -2.01867692e+02 
 1.12074020e+07 -2.69828396e+02 -2.03001553e+02 
 1.14658417e+07 -2.69225324e+02 -2.08455855e+02 
 1.17302409e+07 -2.68727954e+02 -2.04237322e+02 
 1.20007371e+07 -2.68231607e+02 -1.97896242e+02 
 1.22774708e+07 -2.67758282e+02 -2.05622657e+02 
 1.25605860e+07 -2.67243560e+02 -2.03763563e+02 
 1.28502297e+07 -2.66748073e+02 -2.01880906e+02 
 1.31465525e+07 -2.66213278e+02 -1.96566799e+02 
 1.34497085e+07 -2.65759486e+02 -2.03866315e+02 
 1.37598551e+07 -2.65298697e+02 -2.03106962e+02 
 1.40771537e+07 -2.64771233e+02 -1.99111357e+02 
 1.44017690e+07 -2.64357721e+02 -2.11224328e+02 
 1.47338699e+07 -2.63922504e+02 -2.02386392e+02 
 1.50736290e+07 -2.63461247e+02 -2.03965578e+02 
 1.54212228e+07 -2.63004446e+02 -2.06484962e+02 
 1.57768320e+07 -2.62595852e+02 -2.08388205e+02 
 1.61406415e+07 -2.62171298e+02 -2.09888666e+02 
 1.65128404e+07 -2.61732939e+02 -2.07081261e+02 
 1.68936220e+07 -2.61301859e+02 -2.10477815e+02 
 1.72831844e+07 -2.60864349e+02 -2.11468501e+02 
 1.76817299e+07 -2.60447789e+02 -2.09842846e+02 
 1.80894658e+07 -2.60041562e+02 -2.10959938e+02 
 1.85066040e+07 -2.59616263e+02 -2.11889549e+02 
 1.89333613e+07 -2.59216515e+02 -2.11807599e+02 
 1.93699595e+07 -2.58809618e+02 -2.13120237e+02 
 1.98166255e+07 -2.58411237e+02 -2.14408131e+02 
 2.02735916e+07 -2.58006900e+02 -2.17597054e+02 
 2.07410951e+07 -2.57605755e+02 -2.17556501e+02 
 2.12193792e+07 -2.57221830e+02 -2.15976106e+02 
 2.17086923e+07 -2.56826872e+02 -2.15439084e+02 
 2.22092889e+07 -2.56450983e+02 -2.18139067e+02 
 2.27214291e+07 -2.56065677e+02 -2.18600098e+02 
 2.32453791e+07 -2.55686545e+02 -2.18724571e+02 
 2.37814113e+07 -2.55299723e+02 -2.18513623e+02 
 2.43298042e+07 -2.54929397e+02 -2.24431279e+02 
 2.48908429e+07 -2.54564752e+02 -2.25247093e+02 
 2.54648190e+07 -2.54198031e+02 -2.25577256e+02 
 2.60520309e+07 -2.53835763e+02 -2.24581168e+02 
 2.66527837e+07 -2.53470173e+02 -2.23555960e+02 
 2.72673897e+07 -2.53106880e+02 -2.29219156e+02 
 2.78961683e+07 -2.52771304e+02 -2.26899437e+02 
 2.85394464e+07 -2.52412080e+02 -2.27437390e+02 
 2.91975583e+07 -2.52075027e+02 -2.29623320e+02 
 2.98708461e+07 -2.51722916e+02 -2.29736885e+02 
 3.05596598e+07 -2.51385532e+02 -2.31627100e+02 
 3.12643573e+07 -2.51042162e+02 -2.30138480e+02 
 3.19853049e+07 -2.50719533e+02 -2.34286045e+02 
 3.27228774e+07 -2.50388488e+02 -2.35278546e+02 
 3.34774581e+07 -2.50061746e+02 -2.35524902e+02 
 3.42494392e+07 -2.49738921e+02 -2.35688427e+02 
 3.50392221e+07 -2.49425403e+02 -2.37874183e+02 
 3.58472171e+07 -2.49108059e+02 -2.39271299e+02 
 3.66738442e+07 -2.48798982e+02 -2.40443071e+02 
 3.75195331e+07 -2.48482481e+02 -2.43126435e+02 
 3.83847234e+07 -2.48186988e+02 -2.42060582e+02 
 3.92698648e+07 -2.47890086e+02 -2.43934852e+02 
 4.01754173e+07 -2.47592721e+02 -2.43638657e+02 
 4.11018515e+07 -2.47302326e+02 -2.45971430e+02 
 4.20496491e+07 -2.47014633e+02 -2.45962743e+02 
 4.30193027e+07 -2.46731255e+02 -2.48819121e+02 
 4.40113162e+07 -2.46452844e+02 -2.49006897e+02 
 4.50262052e+07 -2.46178660e+02 -2.49906115e+02 
 4.60644974e+07 -2.45906575e+02 -2.52903061e+02 
 4.71267322e+07 -2.45637546e+02 -2.54821097e+02 
 4.82134619e+07 -2.45381434e+02 -2.54839162e+02 
 4.93252513e+07 -2.45123534e+02 -2.54294165e+02 
 5.04626783e+07 -2.44873313e+02 -2.56911093e+02 
 5.16263340e+07 -2.44625017e+02 -2.57881210e+02 
 5.28168234e+07 -2.44380621e+02 -2.59842267e+02 
 5.40347650e+07 -2.44144852e+02 -2.60728172e+02 
 5.52807921e+07 -2.43908797e+02 -2.61428881e+02 
 5.65555523e+07 -2.43679400e+02 -2.63317259e+02 
 5.78597080e+07 -2.43452825e+02 -2.64966718e+02 
 5.91939372e+07 -2.43233877e+02 -2.65036938e+02 
 6.05589334e+07 -2.43020202e+02 -2.67232933e+02 
 6.19554061e+07 -2.42806349e+02 -2.66998909e+02 
 6.33840810e+07 -2.42604134e+02 -2.69667376e+02 
 6.48457008e+07 -2.42401043e+02 -2.71919959e+02 
 6.63410251e+07 -2.42203956e+02 -2.71986356e+02 
 6.78708313e+07 -2.42012864e+02 -2.73395777e+02 
 6.94359143e+07 -2.41824642e+02 -2.74374852e+02 
 7.10370877e+07 -2.41643322e+02 -2.76010573e+02 
 7.26751838e+07 -2.41464464e+02 -2.77341842e+02 
 7.43510539e+07 -2.41290080e+02 -2.78014498e+02 
 7.60655691e+07 -2.41121484e+02 -2.79828193e+02 
 7.78196206e+07 -2.40956424e+02 -2.81248300e+02 
 7.96141200e+07 -2.40796764e+02 -2.82495671e+02 
 8.14500001e+07 -2.40641164e+02 -2.83315401e+02 
 8.33282151e+07 -2.40489545e+02 -2.84518093e+02 
 8.52497412e+07 -2.40342119e+02 -2.85662477e+02 
 8.72155772e+07 -2.40198792e+02 -2.86932135e+02 
 8.92267449e+07 -2.40059776e+02 -2.89349882e+02 
 9.12842895e+07 -2.39926006e+02 -2.90278622e+02 
 9.33892805e+07 -2.39794878e+02 -2.91986086e+02 
 9.55428121e+07 -2.39668814e+02 -2.92438342e+02 
 9.77460036e+07 -2.39547343e+02 -2.93207362e+02 
 1.00000000e+08 -2.39427050e+02 -2.94470085e+02 
 1.02305973e+08 -2.39313630e+02 -2.95696025e+02 
 1.04665121e+08 -2.39202171e+02 -2.96874071e+02 
 1.07078670e+08 -2.39093691e+02 -2.97536249e+02 
 1.09547876e+08 -2.38990615e+02 -2.99537846e+02 
 1.12074020e+08 -2.38889818e+02 -3.00512093e+02 
 1.14658417e+08 -2.38792959e+02 -3.01730162e+02 
 1.17302409e+08 -2.38699520e+02 -3.02693004e+02 
 1.20007371e+08 -2.38609270e+02 -3.04118037e+02 
 1.22774708e+08 -2.38520100e+02 -3.05454583e+02 
 1.25605860e+08 -2.38438151e+02 -3.06208150e+02 
 1.28502297e+08 -2.38354998e+02 -3.07121017e+02 
 1.31465525e+08 -2.38277764e+02 -3.08238679e+02 
 1.34497085e+08 -2.38203014e+02 -3.09278891e+02 
 1.37598551e+08 -2.38130224e+02 -3.09985563e+02 
 1.40771537e+08 -2.38059401e+02 -3.11368884e+02 
 1.44017690e+08 -2.37992067e+02 -3.11695848e+02 
 1.47338699e+08 -2.37928312e+02 -3.13162367e+02 
 1.50736290e+08 -2.37864875e+02 -3.14118903e+02 
 1.54212228e+08 -2.37805391e+02 -3.14919600e+02 
 1.57768320e+08 -2.37746788e+02 -3.15172550e+02 
 1.61406415e+08 -2.37691964e+02 -3.16734159e+02 
 1.65128404e+08 -2.37638284e+02 -3.17900742e+02 
 1.68936220e+08 -2.37587299e+02 -3.18374976e+02 
 1.72831844e+08 -2.37537676e+02 -3.19052211e+02 
 1.76817299e+08 -2.37490666e+02 -3.19928725e+02 
 1.80894658e+08 -2.37444105e+02 -3.20781010e+02 
 1.85066040e+08 -2.37401831e+02 -3.21615756e+02 
 1.89333613e+08 -2.37359085e+02 -3.22576061e+02 
 1.93699595e+08 -2.37318094e+02 -3.23023798e+02 
 1.98166255e+08 -2.37279483e+02 -3.24321243e+02 
 2.02735916e+08 -2.37242169e+02 -3.24596279e+02 
 2.07410951e+08 -2.37207543e+02 -3.25432850e+02 
 2.12193792e+08 -2.37174037e+02 -3.26248356e+02 
 2.17086923e+08 -2.37140668e+02 -3.27109832e+02 
 2.22092889e+08 -2.37109243e+02 -3.27873270e+02 
 2.27214291e+08 -2.37078271e+02 -3.28652038e+02 
 2.32453791e+08 -2.37049813e+02 -3.29029558e+02 
 2.37814113e+08 -2.37021970e+02 -3.29814285e+02 
 2.43298042e+08 -2.36994997e+02 -3.30422334e+02 
 2.48908429e+08 -2.36970129e+02 -3.31122927e+02 
 2.54648190e+08 -2.36947310e+02 -3.31649282e+02 
 2.60520309e+08 -2.36922502e+02 -3.32186705e+02 
 2.66527837e+08 -2.36901020e+02 -3.32988944e+02 
 2.72673897e+08 -2.36879880e+02 -3.33582514e+02 
 2.78961683e+08 -2.36858425e+02 -3.34256845e+02 
 2.85394464e+08 -2.36838728e+02 -3.34465348e+02 
 2.91975583e+08 -2.36821332e+02 -3.35308511e+02 
 2.98708461e+08 -2.36802359e+02 -3.35550676e+02 
 3.05596598e+08 -2.36785028e+02 -3.36124164e+02 
 3.12643573e+08 -2.36769019e+02 -3.36836201e+02 
 3.19853049e+08 -2.36751917e+02 -3.37335013e+02 
 3.27228774e+08 -2.36737800e+02 -3.38051309e+02 
 3.34774581e+08 -2.36724770e+02 -3.38302584e+02 
 3.42494392e+08 -2.36710253e+02 -3.38627262e+02 
 3.50392221e+08 -2.36696320e+02 -3.39214256e+02 
 3.58472171e+08 -2.36684178e+02 -3.39697746e+02 
 3.66738442e+08 -2.36671691e+02 -3.40156252e+02 
 3.75195331e+08 -2.36660248e+02 -3.40472629e+02 
 3.83847234e+08 -2.36648860e+02 -3.41091249e+02 
 3.92698648e+08 -2.36639190e+02 -3.41527306e+02 
 4.01754173e+08 -2.36628381e+02 -3.41908452e+02 
 4.11018515e+08 -2.36619701e+02 -3.42270074e+02 
 4.20496491e+08 -2.36609069e+02 -3.42760969e+02 
 4.30193027e+08 -2.36600947e+02 -3.43089373e+02 
 4.40113162e+08 -2.36591826e+02 -3.43496177e+02 
 4.50262052e+08 -2.36583902e+02 -3.43745336e+02 
 4.60644974e+08 -2.36576061e+02 -3.44060082e+02 
 4.71267322e+08 -2.36567947e+02 -3.44531597e+02 
 4.82134619e+08 -2.36561947e+02 -3.44745762e+02 
 4.93252513e+08 -2.36554067e+02 -3.45234435e+02 
 5.04626783e+08 -2.36547830e+02 -3.45464874e+02 
 5.16263340e+08 -2.36541465e+02 -3.45801709e+02 
 5.28168234e+08 -2.36535339e+02 -3.45972744e+02 
 5.40347650e+08 -2.36529539e+02 -3.46431873e+02 
 5.52807921e+08 -2.36524774e+02 -3.46722458e+02 
 5.65555523e+08 -2.36519703e+02 -3.47109686e+02 
 5.78597080e+08 -2.36514492e+02 -3.47417108e+02 
 5.91939372e+08 -2.36510473e+02 -3.47437654e+02 
 6.05589334e+08 -2.36505650e+02 -3.47938426e+02 
 6.19554061e+08 -2.36501290e+02 -3.48225642e+02 
 6.33840810e+08 -2.36496586e+02 -3.48436704e+02 
 6.48457008e+08 -2.36492729e+02 -3.48745380e+02 
 6.63410251e+08 -2.36489730e+02 -3.49086359e+02 
 6.78708313e+08 -2.36485485e+02 -3.49245214e+02 
 6.94359143e+08 -2.36482679e+02 -3.49408488e+02 
 7.10370877e+08 -2.36478693e+02 -3.49653011e+02 
 7.26751838e+08 -2.36475453e+02 -3.49857027e+02 
 7.43510539e+08 -2.36473388e+02 -3.50218010e+02 
 7.60655691e+08 -2.36470409e+02 -3.50385144e+02 
 7.78196206e+08 -2.36466901e+02 -3.50582786e+02 
 7.96141200e+08 -2.36464440e+02 -3.50801266e+02 
 8.14500001e+08 -2.36460960e+02 -3.51027466e+02 
 8.33282151e+08 -2.36459335e+02 -3.51186390e+02 
 8.52497412e+08 -2.36457406e+02 -3.51464924e+02 
 8.72155772e+08 -2.36455586e+02 -3.51595373e+02 
 8.92267449e+08 -2.36453679e+02 -3.51721419e+02 
 9.12842895e+08 -2.36450859e+02 -3.51929874e+02 
 9.33892805e+08 -2.36449781e+02 -3.52154192e+02 
 9.55428121e+08 -2.36447274e+02 -3.52295708e+02 
 9.77460036e+08 -2.36444371e+02 -3.52553078e+02 
 1.00000000e+09 -2.36443361e+02 -3.52697867e+02 
