 frequency       v(Zin_dm)       v(Zin_dm)      
 1.00000000e-02  1.19299160e+06 -1.97551005e-02 
 1.02305973e-02  1.19299160e+06 -2.02106478e-02 
 1.04665121e-02  1.19299160e+06 -2.06766998e-02 
 1.07078670e-02  1.19299160e+06 -2.11534989e-02 
 1.09547876e-02  1.19299160e+06 -2.16412929e-02 
 1.12074020e-02  1.19299160e+06 -2.21403353e-02 
 1.14658417e-02  1.19299160e+06 -2.26508854e-02 
 1.17302409e-02  1.19299160e+06 -2.31732087e-02 
 1.20007371e-02  1.19299160e+06 -2.37075767e-02 
 1.22774708e-02  1.19299160e+06 -2.42542670e-02 
 1.25605860e-02  1.19299160e+06 -2.48135638e-02 
 1.28502297e-02  1.19299160e+06 -2.53857579e-02 
 1.31465525e-02  1.19299160e+06 -2.59711466e-02 
 1.34497085e-02  1.19299160e+06 -2.65700342e-02 
 1.37598551e-02  1.19299160e+06 -2.71827321e-02 
 1.40771537e-02  1.19299160e+06 -2.78095585e-02 
 1.44017690e-02  1.19299160e+06 -2.84508394e-02 
 1.47338699e-02  1.19299160e+06 -2.91069081e-02 
 1.50736290e-02  1.19299160e+06 -2.97781055e-02 
 1.54212228e-02  1.19299160e+06 -3.04647806e-02 
 1.57768320e-02  1.19299160e+06 -3.11672902e-02 
 1.61406415e-02  1.19299160e+06 -3.18859995e-02 
 1.65128404e-02  1.19299160e+06 -3.26212820e-02 
 1.68936220e-02  1.19299160e+06 -3.33735200e-02 
 1.72831844e-02  1.19299160e+06 -3.41431043e-02 
 1.76817299e-02  1.19299160e+06 -3.49304351e-02 
 1.80894658e-02  1.19299160e+06 -3.57359215e-02 
 1.85066040e-02  1.19299160e+06 -3.65599822e-02 
 1.89333613e-02  1.19299160e+06 -3.74030455e-02 
 1.93699595e-02  1.19299160e+06 -3.82655496e-02 
 1.98166255e-02  1.19299160e+06 -3.91479429e-02 
 2.02735916e-02  1.19299160e+06 -4.00506838e-02 
 2.07410951e-02  1.19299160e+06 -4.09742418e-02 
 2.12193792e-02  1.19299160e+06 -4.19190967e-02 
 2.17086923e-02  1.19299160e+06 -4.28857398e-02 
 2.22092889e-02  1.19299160e+06 -4.38746734e-02 
 2.27214291e-02  1.19299160e+06 -4.48864115e-02 
 2.32453791e-02  1.19299160e+06 -4.59214800e-02 
 2.37814113e-02  1.19299160e+06 -4.69804169e-02 
 2.43298042e-02  1.19299160e+06 -4.80637726e-02 
 2.48908429e-02  1.19299160e+06 -4.91721103e-02 
 2.54648190e-02  1.19299160e+06 -5.03060058e-02 
 2.60520309e-02  1.19299160e+06 -5.14660487e-02 
 2.66527837e-02  1.19299160e+06 -5.26528419e-02 
 2.72673897e-02  1.19299160e+06 -5.38670022e-02 
 2.78961683e-02  1.19299160e+06 -5.51091607e-02 
 2.85394464e-02  1.19299160e+06 -5.63799631e-02 
 2.91975583e-02  1.19299160e+06 -5.76800698e-02 
 2.98708461e-02  1.19299160e+06 -5.90101566e-02 
 3.05596598e-02  1.19299160e+06 -6.03709149e-02 
 3.12643573e-02  1.19299160e+06 -6.17630519e-02 
 3.19853049e-02  1.19299160e+06 -6.31872912e-02 
 3.27228774e-02  1.19299160e+06 -6.46443731e-02 
 3.34774581e-02  1.19299160e+06 -6.61350548e-02 
 3.42494392e-02  1.19299160e+06 -6.76601113e-02 
 3.50392221e-02  1.19299160e+06 -6.92203352e-02 
 3.58472171e-02  1.19299160e+06 -7.08165375e-02 
 3.66738442e-02  1.19299160e+06 -7.24495477e-02 
 3.75195331e-02  1.19299160e+06 -7.41202147e-02 
 3.83847234e-02  1.19299160e+06 -7.58294068e-02 
 3.92698648e-02  1.19299160e+06 -7.75780124e-02 
 4.01754173e-02  1.19299160e+06 -7.93669404e-02 
 4.11018515e-02  1.19299160e+06 -8.11971207e-02 
 4.20496491e-02  1.19299160e+06 -8.30695043e-02 
 4.30193027e-02  1.19299160e+06 -8.49850646e-02 
 4.40113162e-02  1.19299160e+06 -8.69447973e-02 
 4.50262052e-02  1.19299160e+06 -8.89497208e-02 
 4.60644974e-02  1.19299160e+06 -9.10008773e-02 
 4.71267322e-02  1.19299160e+06 -9.30993330e-02 
 4.82134619e-02  1.19299160e+06 -9.52461785e-02 
 4.93252513e-02  1.19299160e+06 -9.74425296e-02 
 5.04626783e-02  1.19299160e+06 -9.96895280e-02 
 5.16263340e-02  1.19299160e+06 -1.01988342e-01 
 5.28168234e-02  1.19299160e+06 -1.04340165e-01 
 5.40347650e-02  1.19299160e+06 -1.06746221e-01 
 5.52807921e-02  1.19299160e+06 -1.09207760e-01 
 5.65555523e-02  1.19299160e+06 -1.11726062e-01 
 5.78597080e-02  1.19299160e+06 -1.14302434e-01 
 5.91939372e-02  1.19299160e+06 -1.16938218e-01 
 6.05589334e-02  1.19299160e+06 -1.19634781e-01 
 6.19554061e-02  1.19299160e+06 -1.22393527e-01 
 6.33840810e-02  1.19299160e+06 -1.25215889e-01 
 6.48457008e-02  1.19299160e+06 -1.28103333e-01 
 6.63410251e-02  1.19299160e+06 -1.31057362e-01 
 6.78708313e-02  1.19299160e+06 -1.34079509e-01 
 6.94359143e-02  1.19299160e+06 -1.37171346e-01 
 7.10370877e-02  1.19299160e+06 -1.40334481e-01 
 7.26751838e-02  1.19299160e+06 -1.43570556e-01 
 7.43510539e-02  1.19299160e+06 -1.46881254e-01 
 7.60655691e-02  1.19299160e+06 -1.50268296e-01 
 7.78196206e-02  1.19299160e+06 -1.53733442e-01 
 7.96141200e-02  1.19299160e+06 -1.57278494e-01 
 8.14500001e-02  1.19299160e+06 -1.60905294e-01 
 8.33282151e-02  1.19299160e+06 -1.64615726e-01 
 8.52497412e-02  1.19299160e+06 -1.68411720e-01 
 8.72155772e-02  1.19299160e+06 -1.72295249e-01 
 8.92267449e-02  1.19299160e+06 -1.76268331e-01 
 9.12842895e-02  1.19299160e+06 -1.80333031e-01 
 9.33892805e-02  1.19299160e+06 -1.84491462e-01 
 9.55428121e-02  1.19299160e+06 -1.88745785e-01 
 9.77460036e-02  1.19299160e+06 -1.93098212e-01 
 1.00000000e-01  1.19299160e+06 -1.97551005e-01 
 1.02305973e-01  1.19299160e+06 -2.02106478e-01 
 1.04665121e-01  1.19299160e+06 -2.06766998e-01 
 1.07078670e-01  1.19299160e+06 -2.11534989e-01 
 1.09547876e-01  1.19299160e+06 -2.16412929e-01 
 1.12074020e-01  1.19299160e+06 -2.21403353e-01 
 1.14658417e-01  1.19299160e+06 -2.26508854e-01 
 1.17302409e-01  1.19299160e+06 -2.31732087e-01 
 1.20007371e-01  1.19299160e+06 -2.37075767e-01 
 1.22774708e-01  1.19299160e+06 -2.42542670e-01 
 1.25605860e-01  1.19299160e+06 -2.48135638e-01 
 1.28502297e-01  1.19299160e+06 -2.53857579e-01 
 1.31465525e-01  1.19299160e+06 -2.59711466e-01 
 1.34497085e-01  1.19299160e+06 -2.65700342e-01 
 1.37598551e-01  1.19299160e+06 -2.71827321e-01 
 1.40771537e-01  1.19299160e+06 -2.78095585e-01 
 1.44017690e-01  1.19299160e+06 -2.84508394e-01 
 1.47338699e-01  1.19299160e+06 -2.91069081e-01 
 1.50736290e-01  1.19299160e+06 -2.97781055e-01 
 1.54212228e-01  1.19299160e+06 -3.04647806e-01 
 1.57768320e-01  1.19299160e+06 -3.11672902e-01 
 1.61406415e-01  1.19299160e+06 -3.18859995e-01 
 1.65128404e-01  1.19299160e+06 -3.26212820e-01 
 1.68936220e-01  1.19299160e+06 -3.33735200e-01 
 1.72831844e-01  1.19299160e+06 -3.41431043e-01 
 1.76817299e-01  1.19299160e+06 -3.49304351e-01 
 1.80894658e-01  1.19299160e+06 -3.57359215e-01 
 1.85066040e-01  1.19299160e+06 -3.65599822e-01 
 1.89333613e-01  1.19299160e+06 -3.74030455e-01 
 1.93699595e-01  1.19299160e+06 -3.82655496e-01 
 1.98166255e-01  1.19299160e+06 -3.91479429e-01 
 2.02735916e-01  1.19299160e+06 -4.00506838e-01 
 2.07410951e-01  1.19299160e+06 -4.09742418e-01 
 2.12193792e-01  1.19299160e+06 -4.19190967e-01 
 2.17086923e-01  1.19299160e+06 -4.28857398e-01 
 2.22092889e-01  1.19299160e+06 -4.38746734e-01 
 2.27214291e-01  1.19299160e+06 -4.48864115e-01 
 2.32453791e-01  1.19299160e+06 -4.59214800e-01 
 2.37814113e-01  1.19299160e+06 -4.69804169e-01 
 2.43298042e-01  1.19299160e+06 -4.80637726e-01 
 2.48908429e-01  1.19299160e+06 -4.91721103e-01 
 2.54648190e-01  1.19299160e+06 -5.03060058e-01 
 2.60520309e-01  1.19299160e+06 -5.14660487e-01 
 2.66527837e-01  1.19299160e+06 -5.26528419e-01 
 2.72673897e-01  1.19299160e+06 -5.38670022e-01 
 2.78961683e-01  1.19299160e+06 -5.51091607e-01 
 2.85394464e-01  1.19299160e+06 -5.63799631e-01 
 2.91975583e-01  1.19299160e+06 -5.76800698e-01 
 2.98708461e-01  1.19299160e+06 -5.90101567e-01 
 3.05596598e-01  1.19299160e+06 -6.03709149e-01 
 3.12643573e-01  1.19299160e+06 -6.17630519e-01 
 3.19853049e-01  1.19299160e+06 -6.31872912e-01 
 3.27228774e-01  1.19299160e+06 -6.46443731e-01 
 3.34774581e-01  1.19299160e+06 -6.61350548e-01 
 3.42494392e-01  1.19299160e+06 -6.76601113e-01 
 3.50392221e-01  1.19299160e+06 -6.92203352e-01 
 3.58472171e-01  1.19299160e+06 -7.08165375e-01 
 3.66738442e-01  1.19299160e+06 -7.24495477e-01 
 3.75195331e-01  1.19299160e+06 -7.41202147e-01 
 3.83847234e-01  1.19299160e+06 -7.58294068e-01 
 3.92698648e-01  1.19299160e+06 -7.75780124e-01 
 4.01754173e-01  1.19299160e+06 -7.93669405e-01 
 4.11018515e-01  1.19299160e+06 -8.11971207e-01 
 4.20496491e-01  1.19299160e+06 -8.30695043e-01 
 4.30193027e-01  1.19299160e+06 -8.49850647e-01 
 4.40113162e-01  1.19299160e+06 -8.69447973e-01 
 4.50262052e-01  1.19299160e+06 -8.89497208e-01 
 4.60644974e-01  1.19299160e+06 -9.10008774e-01 
 4.71267322e-01  1.19299160e+06 -9.30993330e-01 
 4.82134619e-01  1.19299160e+06 -9.52461785e-01 
 4.93252513e-01  1.19299160e+06 -9.74425296e-01 
 5.04626783e-01  1.19299160e+06 -9.96895280e-01 
 5.16263340e-01  1.19299160e+06 -1.01988342e+00 
 5.28168234e-01  1.19299160e+06 -1.04340165e+00 
 5.40347650e-01  1.19299160e+06 -1.06746221e+00 
 5.52807921e-01  1.19299160e+06 -1.09207760e+00 
 5.65555523e-01  1.19299160e+06 -1.11726062e+00 
 5.78597080e-01  1.19299160e+06 -1.14302435e+00 
 5.91939372e-01  1.19299160e+06 -1.16938218e+00 
 6.05589334e-01  1.19299160e+06 -1.19634781e+00 
 6.19554061e-01  1.19299160e+06 -1.22393527e+00 
 6.33840810e-01  1.19299160e+06 -1.25215889e+00 
 6.48457008e-01  1.19299160e+06 -1.28103333e+00 
 6.63410251e-01  1.19299160e+06 -1.31057362e+00 
 6.78708313e-01  1.19299160e+06 -1.34079509e+00 
 6.94359143e-01  1.19299160e+06 -1.37171346e+00 
 7.10370877e-01  1.19299160e+06 -1.40334481e+00 
 7.26751838e-01  1.19299160e+06 -1.43570556e+00 
 7.43510539e-01  1.19299160e+06 -1.46881254e+00 
 7.60655691e-01  1.19299160e+06 -1.50268296e+00 
 7.78196206e-01  1.19299160e+06 -1.53733442e+00 
 7.96141200e-01  1.19299160e+06 -1.57278494e+00 
 8.14500001e-01  1.19299160e+06 -1.60905294e+00 
 8.33282151e-01  1.19299160e+06 -1.64615726e+00 
 8.52497412e-01  1.19299160e+06 -1.68411720e+00 
 8.72155772e-01  1.19299160e+06 -1.72295249e+00 
 8.92267449e-01  1.19299160e+06 -1.76268331e+00 
 9.12842895e-01  1.19299160e+06 -1.80333031e+00 
 9.33892805e-01  1.19299160e+06 -1.84491462e+00 
 9.55428121e-01  1.19299160e+06 -1.88745785e+00 
 9.77460036e-01  1.19299160e+06 -1.93098212e+00 
 1.00000000e+00  1.19299160e+06 -1.97551005e+00 
 1.02305973e+00  1.19299160e+06 -2.02106478e+00 
 1.04665121e+00  1.19299160e+06 -2.06766998e+00 
 1.07078670e+00  1.19299160e+06 -2.11534989e+00 
 1.09547876e+00  1.19299160e+06 -2.16412929e+00 
 1.12074020e+00  1.19299160e+06 -2.21403353e+00 
 1.14658417e+00  1.19299160e+06 -2.26508854e+00 
 1.17302409e+00  1.19299160e+06 -2.31732087e+00 
 1.20007371e+00  1.19299160e+06 -2.37075767e+00 
 1.22774708e+00  1.19299160e+06 -2.42542670e+00 
 1.25605860e+00  1.19299160e+06 -2.48135638e+00 
 1.28502297e+00  1.19299160e+06 -2.53857579e+00 
 1.31465525e+00  1.19299160e+06 -2.59711466e+00 
 1.34497085e+00  1.19299160e+06 -2.65700342e+00 
 1.37598551e+00  1.19299160e+06 -2.71827321e+00 
 1.40771537e+00  1.19299160e+06 -2.78095585e+00 
 1.44017690e+00  1.19299160e+06 -2.84508394e+00 
 1.47338699e+00  1.19299160e+06 -2.91069081e+00 
 1.50736290e+00  1.19299160e+06 -2.97781055e+00 
 1.54212228e+00  1.19299160e+06 -3.04647806e+00 
 1.57768320e+00  1.19299160e+06 -3.11672902e+00 
 1.61406415e+00  1.19299160e+06 -3.18859995e+00 
 1.65128404e+00  1.19299160e+06 -3.26212820e+00 
 1.68936220e+00  1.19299160e+06 -3.33735200e+00 
 1.72831844e+00  1.19299160e+06 -3.41431043e+00 
 1.76817299e+00  1.19299160e+06 -3.49304351e+00 
 1.80894658e+00  1.19299160e+06 -3.57359215e+00 
 1.85066040e+00  1.19299160e+06 -3.65599822e+00 
 1.89333613e+00  1.19299160e+06 -3.74030455e+00 
 1.93699595e+00  1.19299160e+06 -3.82655496e+00 
 1.98166255e+00  1.19299160e+06 -3.91479429e+00 
 2.02735916e+00  1.19299160e+06 -4.00506839e+00 
 2.07410951e+00  1.19299160e+06 -4.09742418e+00 
 2.12193792e+00  1.19299160e+06 -4.19190967e+00 
 2.17086923e+00  1.19299160e+06 -4.28857398e+00 
 2.22092889e+00  1.19299160e+06 -4.38746734e+00 
 2.27214291e+00  1.19299160e+06 -4.48864115e+00 
 2.32453791e+00  1.19299160e+06 -4.59214800e+00 
 2.37814113e+00  1.19299160e+06 -4.69804169e+00 
 2.43298042e+00  1.19299160e+06 -4.80637727e+00 
 2.48908429e+00  1.19299160e+06 -4.91721103e+00 
 2.54648190e+00  1.19299160e+06 -5.03060058e+00 
 2.60520309e+00  1.19299160e+06 -5.14660488e+00 
 2.66527837e+00  1.19299160e+06 -5.26528419e+00 
 2.72673897e+00  1.19299160e+06 -5.38670022e+00 
 2.78961683e+00  1.19299160e+06 -5.51091608e+00 
 2.85394464e+00  1.19299160e+06 -5.63799631e+00 
 2.91975583e+00  1.19299160e+06 -5.76800698e+00 
 2.98708461e+00  1.19299160e+06 -5.90101566e+00 
 3.05596598e+00  1.19299160e+06 -6.03709149e+00 
 3.12643573e+00  1.19299160e+06 -6.17630519e+00 
 3.19853049e+00  1.19299160e+06 -6.31872912e+00 
 3.27228774e+00  1.19299160e+06 -6.46443731e+00 
 3.34774581e+00  1.19299160e+06 -6.61350549e+00 
 3.42494392e+00  1.19299160e+06 -6.76601113e+00 
 3.50392221e+00  1.19299160e+06 -6.92203353e+00 
 3.58472171e+00  1.19299160e+06 -7.08165375e+00 
 3.66738442e+00  1.19299160e+06 -7.24495477e+00 
 3.75195331e+00  1.19299160e+06 -7.41202147e+00 
 3.83847234e+00  1.19299160e+06 -7.58294068e+00 
 3.92698648e+00  1.19299160e+06 -7.75780124e+00 
 4.01754173e+00  1.19299160e+06 -7.93669404e+00 
 4.11018515e+00  1.19299160e+06 -8.11971206e+00 
 4.20496491e+00  1.19299160e+06 -8.30695043e+00 
 4.30193027e+00  1.19299160e+06 -8.49850647e+00 
 4.40113162e+00  1.19299160e+06 -8.69447973e+00 
 4.50262052e+00  1.19299160e+06 -8.89497208e+00 
 4.60644974e+00  1.19299160e+06 -9.10008774e+00 
 4.71267322e+00  1.19299160e+06 -9.30993330e+00 
 4.82134619e+00  1.19299160e+06 -9.52461785e+00 
 4.93252513e+00  1.19299160e+06 -9.74425296e+00 
 5.04626783e+00  1.19299160e+06 -9.96895280e+00 
 5.16263340e+00  1.19299160e+06 -1.01988342e+01 
 5.28168234e+00  1.19299160e+06 -1.04340165e+01 
 5.40347650e+00  1.19299160e+06 -1.06746221e+01 
 5.52807921e+00  1.19299160e+06 -1.09207760e+01 
 5.65555523e+00  1.19299160e+06 -1.11726062e+01 
 5.78597080e+00  1.19299160e+06 -1.14302434e+01 
 5.91939372e+00  1.19299160e+06 -1.16938218e+01 
 6.05589334e+00  1.19299160e+06 -1.19634782e+01 
 6.19554061e+00  1.19299160e+06 -1.22393527e+01 
 6.33840810e+00  1.19299160e+06 -1.25215889e+01 
 6.48457008e+00  1.19299160e+06 -1.28103333e+01 
 6.63410251e+00  1.19299160e+06 -1.31057362e+01 
 6.78708313e+00  1.19299160e+06 -1.34079509e+01 
 6.94359143e+00  1.19299160e+06 -1.37171346e+01 
 7.10370877e+00  1.19299160e+06 -1.40334480e+01 
 7.26751838e+00  1.19299160e+06 -1.43570556e+01 
 7.43510539e+00  1.19299160e+06 -1.46881254e+01 
 7.60655691e+00  1.19299160e+06 -1.50268296e+01 
 7.78196206e+00  1.19299160e+06 -1.53733442e+01 
 7.96141200e+00  1.19299160e+06 -1.57278494e+01 
 8.14500001e+00  1.19299160e+06 -1.60905294e+01 
 8.33282151e+00  1.19299160e+06 -1.64615726e+01 
 8.52497412e+00  1.19299160e+06 -1.68411720e+01 
 8.72155772e+00  1.19299160e+06 -1.72295249e+01 
 8.92267449e+00  1.19299160e+06 -1.76268331e+01 
 9.12842895e+00  1.19299160e+06 -1.80333031e+01 
 9.33892805e+00  1.19299160e+06 -1.84491462e+01 
 9.55428121e+00  1.19299160e+06 -1.88745785e+01 
 9.77460036e+00  1.19299160e+06 -1.93098212e+01 
 1.00000000e+01  1.19299160e+06 -1.97551005e+01 
 1.02305973e+01  1.19299160e+06 -2.02106478e+01 
 1.04665121e+01  1.19299160e+06 -2.06766998e+01 
 1.07078670e+01  1.19299160e+06 -2.11534989e+01 
 1.09547876e+01  1.19299160e+06 -2.16412929e+01 
 1.12074020e+01  1.19299160e+06 -2.21403353e+01 
 1.14658417e+01  1.19299160e+06 -2.26508854e+01 
 1.17302409e+01  1.19299160e+06 -2.31732087e+01 
 1.20007371e+01  1.19299160e+06 -2.37075767e+01 
 1.22774708e+01  1.19299160e+06 -2.42542670e+01 
 1.25605860e+01  1.19299160e+06 -2.48135638e+01 
 1.28502297e+01  1.19299160e+06 -2.53857579e+01 
 1.31465525e+01  1.19299160e+06 -2.59711466e+01 
 1.34497085e+01  1.19299160e+06 -2.65700342e+01 
 1.37598551e+01  1.19299160e+06 -2.71827321e+01 
 1.40771537e+01  1.19299160e+06 -2.78095585e+01 
 1.44017690e+01  1.19299160e+06 -2.84508394e+01 
 1.47338699e+01  1.19299160e+06 -2.91069081e+01 
 1.50736290e+01  1.19299160e+06 -2.97781055e+01 
 1.54212228e+01  1.19299160e+06 -3.04647806e+01 
 1.57768320e+01  1.19299160e+06 -3.11672902e+01 
 1.61406415e+01  1.19299160e+06 -3.18859995e+01 
 1.65128404e+01  1.19299160e+06 -3.26212821e+01 
 1.68936220e+01  1.19299160e+06 -3.33735200e+01 
 1.72831844e+01  1.19299160e+06 -3.41431043e+01 
 1.76817299e+01  1.19299160e+06 -3.49304351e+01 
 1.80894658e+01  1.19299160e+06 -3.57359215e+01 
 1.85066040e+01  1.19299160e+06 -3.65599822e+01 
 1.89333613e+01  1.19299160e+06 -3.74030455e+01 
 1.93699595e+01  1.19299160e+06 -3.82655497e+01 
 1.98166255e+01  1.19299160e+06 -3.91479429e+01 
 2.02735916e+01  1.19299160e+06 -4.00506839e+01 
 2.07410951e+01  1.19299160e+06 -4.09742418e+01 
 2.12193792e+01  1.19299160e+06 -4.19190968e+01 
 2.17086923e+01  1.19299160e+06 -4.28857398e+01 
 2.22092889e+01  1.19299160e+06 -4.38746734e+01 
 2.27214291e+01  1.19299160e+06 -4.48864115e+01 
 2.32453791e+01  1.19299160e+06 -4.59214800e+01 
 2.37814113e+01  1.19299160e+06 -4.69804170e+01 
 2.43298042e+01  1.19299160e+06 -4.80637727e+01 
 2.48908429e+01  1.19299160e+06 -4.91721103e+01 
 2.54648190e+01  1.19299160e+06 -5.03060059e+01 
 2.60520309e+01  1.19299160e+06 -5.14660488e+01 
 2.66527837e+01  1.19299160e+06 -5.26528420e+01 
 2.72673897e+01  1.19299160e+06 -5.38670023e+01 
 2.78961683e+01  1.19299160e+06 -5.51091608e+01 
 2.85394464e+01  1.19299160e+06 -5.63799632e+01 
 2.91975583e+01  1.19299159e+06 -5.76800699e+01 
 2.98708461e+01  1.19299159e+06 -5.90101567e+01 
 3.05596598e+01  1.19299159e+06 -6.03709150e+01 
 3.12643573e+01  1.19299159e+06 -6.17630520e+01 
 3.19853049e+01  1.19299159e+06 -6.31872913e+01 
 3.27228774e+01  1.19299159e+06 -6.46443731e+01 
 3.34774581e+01  1.19299159e+06 -6.61350550e+01 
 3.42494392e+01  1.19299159e+06 -6.76601114e+01 
 3.50392221e+01  1.19299159e+06 -6.92203353e+01 
 3.58472171e+01  1.19299159e+06 -7.08165376e+01 
 3.66738442e+01  1.19299159e+06 -7.24495478e+01 
 3.75195331e+01  1.19299159e+06 -7.41202148e+01 
 3.83847234e+01  1.19299159e+06 -7.58294070e+01 
 3.92698648e+01  1.19299159e+06 -7.75780126e+01 
 4.01754173e+01  1.19299159e+06 -7.93669406e+01 
 4.11018515e+01  1.19299159e+06 -8.11971209e+01 
 4.20496491e+01  1.19299159e+06 -8.30695045e+01 
 4.30193027e+01  1.19299159e+06 -8.49850649e+01 
 4.40113162e+01  1.19299159e+06 -8.69447975e+01 
 4.50262052e+01  1.19299159e+06 -8.89497211e+01 
 4.60644974e+01  1.19299159e+06 -9.10008776e+01 
 4.71267322e+01  1.19299159e+06 -9.30993333e+01 
 4.82134619e+01  1.19299159e+06 -9.52461788e+01 
 4.93252513e+01  1.19299159e+06 -9.74425299e+01 
 5.04626783e+01  1.19299159e+06 -9.96895284e+01 
 5.16263340e+01  1.19299159e+06 -1.01988342e+02 
 5.28168234e+01  1.19299159e+06 -1.04340166e+02 
 5.40347650e+01  1.19299159e+06 -1.06746222e+02 
 5.52807921e+01  1.19299159e+06 -1.09207761e+02 
 5.65555523e+01  1.19299159e+06 -1.11726062e+02 
 5.78597080e+01  1.19299159e+06 -1.14302435e+02 
 5.91939372e+01  1.19299159e+06 -1.16938218e+02 
 6.05589334e+01  1.19299159e+06 -1.19634782e+02 
 6.19554061e+01  1.19299159e+06 -1.22393528e+02 
 6.33840810e+01  1.19299158e+06 -1.25215890e+02 
 6.48457008e+01  1.19299158e+06 -1.28103334e+02 
 6.63410251e+01  1.19299158e+06 -1.31057363e+02 
 6.78708313e+01  1.19299158e+06 -1.34079510e+02 
 6.94359143e+01  1.19299158e+06 -1.37171347e+02 
 7.10370877e+01  1.19299158e+06 -1.40334482e+02 
 7.26751838e+01  1.19299158e+06 -1.43570557e+02 
 7.43510539e+01  1.19299158e+06 -1.46881255e+02 
 7.60655691e+01  1.19299158e+06 -1.50268297e+02 
 7.78196206e+01  1.19299158e+06 -1.53733444e+02 
 7.96141200e+01  1.19299158e+06 -1.57278495e+02 
 8.14500001e+01  1.19299158e+06 -1.60905295e+02 
 8.33282151e+01  1.19299158e+06 -1.64615728e+02 
 8.52497412e+01  1.19299157e+06 -1.68411722e+02 
 8.72155772e+01  1.19299157e+06 -1.72295251e+02 
 8.92267449e+01  1.19299157e+06 -1.76268333e+02 
 9.12842895e+01  1.19299157e+06 -1.80333033e+02 
 9.33892805e+01  1.19299157e+06 -1.84491464e+02 
 9.55428121e+01  1.19299157e+06 -1.88745788e+02 
 9.77460036e+01  1.19299157e+06 -1.93098215e+02 
 1.00000000e+02  1.19299157e+06 -1.97551008e+02 
 1.02305973e+02  1.19299156e+06 -2.02106481e+02 
 1.04665121e+02  1.19299156e+06 -2.06767002e+02 
 1.07078670e+02  1.19299156e+06 -2.11534993e+02 
 1.09547876e+02  1.19299156e+06 -2.16412933e+02 
 1.12074020e+02  1.19299156e+06 -2.21403357e+02 
 1.14658417e+02  1.19299156e+06 -2.26508859e+02 
 1.17302409e+02  1.19299155e+06 -2.31732092e+02 
 1.20007371e+02  1.19299155e+06 -2.37075772e+02 
 1.22774708e+02  1.19299155e+06 -2.42542675e+02 
 1.25605860e+02  1.19299155e+06 -2.48135644e+02 
 1.28502297e+02  1.19299154e+06 -2.53857585e+02 
 1.31465525e+02  1.19299154e+06 -2.59711473e+02 
 1.34497085e+02  1.19299154e+06 -2.65700349e+02 
 1.37598551e+02  1.19299154e+06 -2.71827328e+02 
 1.40771537e+02  1.19299153e+06 -2.78095593e+02 
 1.44017690e+02  1.19299153e+06 -2.84508403e+02 
 1.47338699e+02  1.19299153e+06 -2.91069090e+02 
 1.50736290e+02  1.19299152e+06 -2.97781065e+02 
 1.54212228e+02  1.19299152e+06 -3.04647817e+02 
 1.57768320e+02  1.19299152e+06 -3.11672913e+02 
 1.61406415e+02  1.19299151e+06 -3.18860007e+02 
 1.65128404e+02  1.19299151e+06 -3.26212833e+02 
 1.68936220e+02  1.19299151e+06 -3.33735214e+02 
 1.72831844e+02  1.19299150e+06 -3.41431058e+02 
 1.76817299e+02  1.19299150e+06 -3.49304367e+02 
 1.80894658e+02  1.19299149e+06 -3.57359232e+02 
 1.85066040e+02  1.19299149e+06 -3.65599840e+02 
 1.89333613e+02  1.19299148e+06 -3.74030475e+02 
 1.93699595e+02  1.19299148e+06 -3.82655517e+02 
 1.98166255e+02  1.19299147e+06 -3.91479451e+02 
 2.02735916e+02  1.19299147e+06 -4.00506862e+02 
 2.07410951e+02  1.19299146e+06 -4.09742444e+02 
 2.12193792e+02  1.19299145e+06 -4.19190995e+02 
 2.17086923e+02  1.19299145e+06 -4.28857427e+02 
 2.22092889e+02  1.19299144e+06 -4.38746765e+02 
 2.27214291e+02  1.19299143e+06 -4.48864148e+02 
 2.32453791e+02  1.19299142e+06 -4.59214836e+02 
 2.37814113e+02  1.19299142e+06 -4.69804208e+02 
 2.43298042e+02  1.19299141e+06 -4.80637768e+02 
 2.48908429e+02  1.19299140e+06 -4.91721147e+02 
 2.54648190e+02  1.19299139e+06 -5.03060106e+02 
 2.60520309e+02  1.19299138e+06 -5.14660538e+02 
 2.66527837e+02  1.19299137e+06 -5.26528474e+02 
 2.72673897e+02  1.19299136e+06 -5.38670081e+02 
 2.78961683e+02  1.19299135e+06 -5.51091670e+02 
 2.85394464e+02  1.19299133e+06 -5.63799698e+02 
 2.91975583e+02  1.19299132e+06 -5.76800770e+02 
 2.98708461e+02  1.19299131e+06 -5.90101644e+02 
 3.05596598e+02  1.19299130e+06 -6.03709231e+02 
 3.12643573e+02  1.19299128e+06 -6.17630607e+02 
 3.19853049e+02  1.19299127e+06 -6.31873006e+02 
 3.27228774e+02  1.19299125e+06 -6.46443832e+02 
 3.34774581e+02  1.19299124e+06 -6.61350656e+02 
 3.42494392e+02  1.19299122e+06 -6.76601229e+02 
 3.50392221e+02  1.19299120e+06 -6.92203476e+02 
 3.58472171e+02  1.19299118e+06 -7.08165507e+02 
 3.66738442e+02  1.19299116e+06 -7.24495619e+02 
 3.75195331e+02  1.19299114e+06 -7.41202299e+02 
 3.83847234e+02  1.19299112e+06 -7.58294231e+02 
 3.92698648e+02  1.19299110e+06 -7.75780299e+02 
 4.01754173e+02  1.19299108e+06 -7.93669591e+02 
 4.11018515e+02  1.19299105e+06 -8.11971406e+02 
 4.20496491e+02  1.19299103e+06 -8.30695258e+02 
 4.30193027e+02  1.19299100e+06 -8.49850876e+02 
 4.40113162e+02  1.19299097e+06 -8.69448218e+02 
 4.50262052e+02  1.19299094e+06 -8.89497471e+02 
 4.60644974e+02  1.19299091e+06 -9.10009055e+02 
 4.71267322e+02  1.19299088e+06 -9.30993632e+02 
 4.82134619e+02  1.19299085e+06 -9.52462108e+02 
 4.93252513e+02  1.19299081e+06 -9.74425641e+02 
 5.04626783e+02  1.19299078e+06 -9.96895651e+02 
 5.16263340e+02  1.19299074e+06 -1.01988381e+03 
 5.28168234e+02  1.19299070e+06 -1.04340208e+03 
 5.40347650e+02  1.19299066e+06 -1.06746267e+03 
 5.52807921e+02  1.19299061e+06 -1.09207809e+03 
 5.65555523e+02  1.19299057e+06 -1.11726114e+03 
 5.78597080e+02  1.19299052e+06 -1.14302490e+03 
 5.91939372e+02  1.19299047e+06 -1.16938278e+03 
 6.05589334e+02  1.19299041e+06 -1.19634845e+03 
 6.19554061e+02  1.19299036e+06 -1.22393596e+03 
 6.33840810e+02  1.19299030e+06 -1.25215962e+03 
 6.48457008e+02  1.19299024e+06 -1.28103412e+03 
 6.63410251e+02  1.19299018e+06 -1.31057446e+03 
 6.78708313e+02  1.19299011e+06 -1.34079599e+03 
 6.94359143e+02  1.19299004e+06 -1.37171443e+03 
 7.10370877e+02  1.19298997e+06 -1.40334584e+03 
 7.26751838e+02  1.19298989e+06 -1.43570666e+03 
 7.43510539e+02  1.19298981e+06 -1.46881372e+03 
 7.60655691e+02  1.19298973e+06 -1.50268423e+03 
 7.78196206e+02  1.19298964e+06 -1.53733578e+03 
 7.96141200e+02  1.19298955e+06 -1.57278639e+03 
 8.14500001e+02  1.19298946e+06 -1.60905449e+03 
 8.33282151e+02  1.19298936e+06 -1.64615893e+03 
 8.52497412e+02  1.19298925e+06 -1.68411899e+03 
 8.72155772e+02  1.19298914e+06 -1.72295440e+03 
 8.92267449e+02  1.19298903e+06 -1.76268536e+03 
 9.12842895e+02  1.19298891e+06 -1.80333250e+03 
 9.33892805e+02  1.19298878e+06 -1.84491697e+03 
 9.55428121e+02  1.19298865e+06 -1.88746037e+03 
 9.77460036e+02  1.19298851e+06 -1.93098481e+03 
 1.00000000e+03  1.19298837e+06 -1.97551293e+03 
 1.02305973e+03  1.19298822e+06 -2.02106786e+03 
 1.04665121e+03  1.19298806e+06 -2.06767329e+03 
 1.07078670e+03  1.19298790e+06 -2.11535343e+03 
 1.09547876e+03  1.19298773e+06 -2.16413308e+03 
 1.12074020e+03  1.19298754e+06 -2.21403758e+03 
 1.14658417e+03  1.19298736e+06 -2.26509288e+03 
 1.17302409e+03  1.19298716e+06 -2.31732552e+03 
 1.20007371e+03  1.19298695e+06 -2.37076265e+03 
 1.22774708e+03  1.19298673e+06 -2.42543203e+03 
 1.25605860e+03  1.19298651e+06 -2.48136209e+03 
 1.28502297e+03  1.19298627e+06 -2.53858190e+03 
 1.31465525e+03  1.19298602e+06 -2.59712121e+03 
 1.34497085e+03  1.19298576e+06 -2.65701043e+03 
 1.37598551e+03  1.19298549e+06 -2.71828071e+03 
 1.40771537e+03  1.19298520e+06 -2.78096389e+03 
 1.44017690e+03  1.19298490e+06 -2.84509255e+03 
 1.47338699e+03  1.19298459e+06 -2.91070002e+03 
 1.50736290e+03  1.19298427e+06 -2.97782042e+03 
 1.54212228e+03  1.19298392e+06 -3.04648862e+03 
 1.57768320e+03  1.19298356e+06 -3.11674033e+03 
 1.61406415e+03  1.19298319e+06 -3.18861206e+03 
 1.65128404e+03  1.19298280e+06 -3.26214117e+03 
 1.68936220e+03  1.19298239e+06 -3.33736589e+03 
 1.72831844e+03  1.19298196e+06 -3.41432531e+03 
 1.76817299e+03  1.19298151e+06 -3.49305943e+03 
 1.80894658e+03  1.19298104e+06 -3.57360920e+03 
 1.85066040e+03  1.19298054e+06 -3.65601647e+03 
 1.89333613e+03  1.19298003e+06 -3.74032410e+03 
 1.93699595e+03  1.19297949e+06 -3.82657590e+03 
 1.98166255e+03  1.19297892e+06 -3.91481670e+03 
 2.02735916e+03  1.19297833e+06 -4.00509239e+03 
 2.07410951e+03  1.19297771e+06 -4.09744988e+03 
 2.12193792e+03  1.19297707e+06 -4.19193719e+03 
 2.17086923e+03  1.19297639e+06 -4.28860344e+03 
 2.22092889e+03  1.19297568e+06 -4.38749889e+03 
 2.27214291e+03  1.19297494e+06 -4.48867493e+03 
 2.32453791e+03  1.19297416e+06 -4.59218418e+03 
 2.37814113e+03  1.19297334e+06 -4.69808043e+03 
 2.43298042e+03  1.19297249e+06 -4.80641874e+03 
 2.48908429e+03  1.19297160e+06 -4.91725544e+03 
 2.54648190e+03  1.19297067e+06 -5.03064814e+03 
 2.60520309e+03  1.19296969e+06 -5.14665579e+03 
 2.66527837e+03  1.19296867e+06 -5.26533872e+03 
 2.72673897e+03  1.19296760e+06 -5.38675861e+03 
 2.78961683e+03  1.19296648e+06 -5.51097859e+03 
 2.85394464e+03  1.19296531e+06 -5.63806325e+03 
 2.91975583e+03  1.19296408e+06 -5.76807866e+03 
 2.98708461e+03  1.19296280e+06 -5.90109241e+03 
 3.05596598e+03  1.19296146e+06 -6.03717367e+03 
 3.12643573e+03  1.19296005e+06 -6.17639319e+03 
 3.19853049e+03  1.19295858e+06 -6.31882334e+03 
 3.27228774e+03  1.19295704e+06 -6.46453820e+03 
 3.34774581e+03  1.19295542e+06 -6.61361351e+03 
 3.42494392e+03  1.19295374e+06 -6.76612681e+03 
 3.50392221e+03  1.19295197e+06 -6.92215738e+03 
 3.58472171e+03  1.19295012e+06 -7.08178637e+03 
 3.66738442e+03  1.19294819e+06 -7.24509677e+03 
 3.75195331e+03  1.19294616e+06 -7.41217352e+03 
 3.83847234e+03  1.19294404e+06 -7.58310349e+03 
 3.92698648e+03  1.19294182e+06 -7.75797557e+03 
 4.01754173e+03  1.19293950e+06 -7.93688071e+03 
 4.11018515e+03  1.19293707e+06 -8.11991193e+03 
 4.20496491e+03  1.19293452e+06 -8.30716443e+03 
 4.30193027e+03  1.19293186e+06 -8.49873561e+03 
 4.40113162e+03  1.19292907e+06 -8.69472508e+03 
 4.50262052e+03  1.19292615e+06 -8.89523479e+03 
 4.60644974e+03  1.19292310e+06 -9.10036903e+03 
 4.71267322e+03  1.19291990e+06 -9.31023448e+03 
 4.82134619e+03  1.19291656e+06 -9.52494033e+03 
 4.93252513e+03  1.19291306e+06 -9.74459826e+03 
 5.04626783e+03  1.19290939e+06 -9.96932251e+03 
 5.16263340e+03  1.19290555e+06 -1.01992300e+04 
 5.28168234e+03  1.19290154e+06 -1.04344404e+04 
 5.40347650e+03  1.19289734e+06 -1.06750760e+04 
 5.52807921e+03  1.19289294e+06 -1.09212619e+04 
 5.65555523e+03  1.19288833e+06 -1.11731264e+04 
 5.78597080e+03  1.19288351e+06 -1.14308005e+04 
 5.91939372e+03  1.19287847e+06 -1.16944182e+04 
 6.05589334e+03  1.19287319e+06 -1.19641167e+04 
 6.19554061e+03  1.19286766e+06 -1.22400365e+04 
 6.33840810e+03  1.19286188e+06 -1.25223210e+04 
 6.48457008e+03  1.19285582e+06 -1.28111172e+04 
 6.63410251e+03  1.19284949e+06 -1.31065754e+04 
 6.78708313e+03  1.19284285e+06 -1.34088494e+04 
 6.94359143e+03  1.19283591e+06 -1.37180966e+04 
 7.10370877e+03  1.19282864e+06 -1.40344780e+04 
 7.26751838e+03  1.19282103e+06 -1.43581583e+04 
 7.43510539e+03  1.19281307e+06 -1.46893061e+04 
 7.60655691e+03  1.19280474e+06 -1.50280937e+04 
 7.78196206e+03  1.19279601e+06 -1.53746976e+04 
 7.96141200e+03  1.19278688e+06 -1.57292983e+04 
 8.14500001e+03  1.19277732e+06 -1.60920806e+04 
 8.33282151e+03  1.19276732e+06 -1.64632334e+04 
 8.52497412e+03  1.19275684e+06 -1.68429501e+04 
 8.72155772e+03  1.19274588e+06 -1.72314284e+04 
 8.92267449e+03  1.19273441e+06 -1.76288710e+04 
 9.12842895e+03  1.19272240e+06 -1.80354848e+04 
 9.33892805e+03  1.19270982e+06 -1.84514819e+04 
 9.55428121e+03  1.19269666e+06 -1.88770790e+04 
 9.77460036e+03  1.19268289e+06 -1.93124980e+04 
 1.00000000e+04  1.19266847e+06 -1.97579661e+04 
 1.02305973e+04  1.19265337e+06 -2.02137154e+04 
 1.04665121e+04  1.19263757e+06 -2.06799838e+04 
 1.07078670e+04  1.19262103e+06 -2.11570144e+04 
 1.09547876e+04  1.19260372e+06 -2.16450561e+04 
 1.12074020e+04  1.19258559e+06 -2.21443637e+04 
 1.14658417e+04  1.19256662e+06 -2.26551977e+04 
 1.17302409e+04  1.19254676e+06 -2.31778247e+04 
 1.20007371e+04  1.19252597e+06 -2.37125177e+04 
 1.22774708e+04  1.19250421e+06 -2.42595558e+04 
 1.25605860e+04  1.19248143e+06 -2.48192249e+04 
 1.28502297e+04  1.19245758e+06 -2.53918172e+04 
 1.31465525e+04  1.19243261e+06 -2.59776322e+04 
 1.34497085e+04  1.19240647e+06 -2.65769759e+04 
 1.37598551e+04  1.19237911e+06 -2.71901617e+04 
 1.40771537e+04  1.19235046e+06 -2.78175103e+04 
 1.44017690e+04  1.19232047e+06 -2.84593498e+04 
 1.47338699e+04  1.19228908e+06 -2.91160161e+04 
 1.50736290e+04  1.19225621e+06 -2.97878529e+04 
 1.54212228e+04  1.19222180e+06 -3.04752120e+04 
 1.57768320e+04  1.19218578e+06 -3.11784532e+04 
 1.61406415e+04  1.19214806e+06 -3.18979452e+04 
 1.65128404e+04  1.19210857e+06 -3.26340649e+04 
 1.68936220e+04  1.19206723e+06 -3.33871982e+04 
 1.72831844e+04  1.19202394e+06 -3.41577402e+04 
 1.76817299e+04  1.19197862e+06 -3.49460951e+04 
 1.80894658e+04  1.19193117e+06 -3.57526766e+04 
 1.85066040e+04  1.19188149e+06 -3.65779084e+04 
 1.89333613e+04  1.19182946e+06 -3.74222240e+04 
 1.93699595e+04  1.19177499e+06 -3.82860669e+04 
 1.98166255e+04  1.19171795e+06 -3.91698915e+04 
 2.02735916e+04  1.19165823e+06 -4.00741626e+04 
 2.07410951e+04  1.19159569e+06 -4.09993561e+04 
 2.12193792e+04  1.19153020e+06 -4.19459593e+04 
 2.17086923e+04  1.19146162e+06 -4.29144706e+04 
 2.22092889e+04  1.19138980e+06 -4.39054008e+04 
 2.27214291e+04  1.19131459e+06 -4.49192723e+04 
 2.32453791e+04  1.19123582e+06 -4.59566202e+04 
 2.37814113e+04  1.19115333e+06 -4.70179923e+04 
 2.43298042e+04  1.19106694e+06 -4.81039492e+04 
 2.48908429e+04  1.19097645e+06 -4.92150650e+04 
 2.54648190e+04  1.19088168e+06 -5.03519275e+04 
 2.60520309e+04  1.19078241e+06 -5.15151384e+04 
 2.66527837e+04  1.19067844e+06 -5.27053139e+04 
 2.72673897e+04  1.19056952e+06 -5.39230847e+04 
 2.78961683e+04  1.19045543e+06 -5.51690969e+04 
 2.85394464e+04  1.19033591e+06 -5.64440107e+04 
 2.91975583e+04  1.19021070e+06 -5.77485051e+04 
 2.98708461e+04  1.19007953e+06 -5.90832726e+04 
 3.05596598e+04  1.18994210e+06 -6.04490230e+04 
 3.12643573e+04  1.18979811e+06 -6.18464835e+04 
 3.19853049e+04  1.18964724e+06 -6.32763982e+04 
 3.27228774e+04  1.18948915e+06 -6.47395294e+04 
 3.34774581e+04  1.18932349e+06 -6.62366575e+04 
 3.42494392e+04  1.18914989e+06 -6.77685818e+04 
 3.50392221e+04  1.18896795e+06 -6.93361204e+04 
 3.58472171e+04  1.18877728e+06 -7.09401112e+04 
 3.66738442e+04  1.18857742e+06 -7.25814121e+04 
 3.75195331e+04  1.18836793e+06 -7.42609015e+04 
 3.83847234e+04  1.18814834e+06 -7.59794787e+04 
 3.92698648e+04  1.18791813e+06 -7.77380645e+04 
 4.01754173e+04  1.18767679e+06 -7.95376015e+04 
 4.11018515e+04  1.18742374e+06 -8.13790534e+04 
 4.20496491e+04  1.18715840e+06 -8.32634104e+04 
 4.30193027e+04  1.18688017e+06 -8.51916823e+04 
 4.40113162e+04  1.18658838e+06 -8.71649041e+04 
 4.50262052e+04  1.18628235e+06 -8.91841341e+04 
 4.60644974e+04  1.18596136e+06 -9.12504561e+04 
 4.71267322e+04  1.18562465e+06 -9.33649783e+04 
 4.82134619e+04  1.18527140e+06 -9.55288343e+04 
 4.93252513e+04  1.18490079e+06 -9.77431837e+04 
 5.04626783e+04  1.18451190e+06 -1.00009212e+05 
 5.16263340e+04  1.18410380e+06 -1.02328129e+05 
 5.28168234e+04  1.18367550e+06 -1.04701175e+05 
 5.40347650e+04  1.18322594e+06 -1.07129615e+05 
 5.52807921e+04  1.18275403e+06 -1.09614741e+05 
 5.65555523e+04  1.18225857e+06 -1.12157869e+05 
 5.78597080e+04  1.18173835e+06 -1.14760346e+05 
 5.91939372e+04  1.18119205e+06 -1.17423541e+05 
 6.05589334e+04  1.18061830e+06 -1.20148856e+05 
 6.19554061e+04  1.18001563e+06 -1.22937712e+05 
 6.33840810e+04  1.17938250e+06 -1.25791559e+05 
 6.48457008e+04  1.17871727e+06 -1.28711870e+05 
 6.63410251e+04  1.17801823e+06 -1.31700139e+05 
 6.78708313e+04  1.17728354e+06 -1.34757888e+05 
 6.94359143e+04  1.17651128e+06 -1.37886657e+05 
 7.10370877e+04  1.17569940e+06 -1.41088001e+05 
 7.26751838e+04  1.17484573e+06 -1.44363494e+05 
 7.43510539e+04  1.17394797e+06 -1.47714728e+05 
 7.60655691e+04  1.17300371e+06 -1.51143301e+05 
 7.78196206e+04  1.17201037e+06 -1.54650820e+05 
 7.96141200e+04  1.17096522e+06 -1.58238891e+05 
 8.14500001e+04  1.16986539e+06 -1.61909127e+05 
 8.33282151e+04  1.16870781e+06 -1.65663125e+05 
 8.52497412e+04  1.16748925e+06 -1.69502476e+05 
 8.72155772e+04  1.16620629e+06 -1.73428745e+05 
 8.92267449e+04  1.16485527e+06 -1.77443467e+05 
 9.12842895e+04  1.16343238e+06 -1.81548145e+05 
 9.33892805e+04  1.16193352e+06 -1.85744224e+05 
 9.55428121e+04  1.16035438e+06 -1.90033097e+05 
 9.77460036e+04  1.15869042e+06 -1.94416076e+05 
 1.00000000e+05  1.15693677e+06 -1.98894379e+05 
 1.02305973e+05  1.15508836e+06 -2.03469125e+05 
 1.04665121e+05  1.15313977e+06 -2.08141304e+05 
 1.07078670e+05  1.15108529e+06 -2.12911751e+05 
 1.09547876e+05  1.14891892e+06 -2.17781137e+05 
 1.12074020e+05  1.14663427e+06 -2.22749924e+05 
 1.14658417e+05  1.14422467e+06 -2.27818349e+05 
 1.17302409e+05  1.14168305e+06 -2.32986390e+05 
 1.20007371e+05  1.13900198e+06 -2.38253715e+05 
 1.22774708e+05  1.13617368e+06 -2.43619663e+05 
 1.25605860e+05  1.13318996e+06 -2.49083182e+05 
 1.28502297e+05  1.13004227e+06 -2.54642796e+05 
 1.31465525e+05  1.12672166e+06 -2.60296532e+05 
 1.34497085e+05  1.12321878e+06 -2.66041886e+05 
 1.37598551e+05  1.11952394e+06 -2.71875747e+05 
 1.40771537e+05  1.11562706e+06 -2.77794335e+05 
 1.44017690e+05  1.11151773e+06 -2.83793131e+05 
 1.47338699e+05  1.10718523e+06 -2.89866803e+05 
 1.50736290e+05  1.10261854e+06 -2.96009121e+05 
 1.54212228e+05  1.09780642e+06 -3.02212892e+05 
 1.57768320e+05  1.09273744e+06 -3.08469854e+05 
 1.61406415e+05  1.08740009e+06 -3.14770601e+05 
 1.65128404e+05  1.08178279e+06 -3.21104496e+05 
 1.68936220e+05  1.07587409e+06 -3.27459594e+05 
 1.72831844e+05  1.06966268e+06 -3.33822538e+05 
 1.76817299e+05  1.06313761e+06 -3.40178511e+05 
 1.80894658e+05  1.05628838e+06 -3.46511139e+05 
 1.85066040e+05  1.04910516e+06 -3.52802461e+05 
 1.89333613e+05  1.04157894e+06 -3.59032871e+05 
 1.93699595e+05  1.03370179e+06 -3.65181109e+05 
 1.98166255e+05  1.02546702e+06 -3.71224242e+05 
 2.02735916e+05  1.01686949e+06 -3.77137714e+05 
 2.07410951e+05  1.00790585e+06 -3.82895415e+05 
 2.12193792e+05  9.98574794e+05 -3.88469754e+05 
 2.17086923e+05  9.88877334e+05 -3.93831825e+05 
 2.22092889e+05  9.78817095e+05 -3.98951585e+05 
 2.27214291e+05  9.68400561e+05 -4.03798107e+05 
 2.32453791e+05  9.57637324e+05 -4.08339860e+05 
 2.37814113e+05  9.46540295e+05 -4.12545040e+05 
 2.43298042e+05  9.35125896e+05 -4.16381987e+05 
 2.48908429e+05  9.23414182e+05 -4.19819605e+05 
 2.54648190e+05  9.11428908e+05 -4.22827847e+05 
 2.60520309e+05  8.99197534e+05 -4.25378233e+05 
 2.66527837e+05  8.86751143e+05 -4.27444362e+05 
 2.72673897e+05  8.74124269e+05 -4.29002476e+05 
 2.78961683e+05  8.61354644e+05 -4.30031963e+05 
 2.85394464e+05  8.48482840e+05 -4.30515871e+05 
 2.91975583e+05  8.35551836e+05 -4.30441377e+05 
 2.98708461e+05  8.22606482e+05 -4.29800150e+05 
 3.05596598e+05  8.09692913e+05 -4.28588683e+05 
 3.12643573e+05  7.96857880e+05 -4.26808505e+05 
 3.19853049e+05  7.84148065e+05 -4.24466280e+05 
 3.27228774e+05  7.71609362e+05 -4.21573823e+05 
 3.34774581e+05  7.59286167e+05 -4.18147941e+05 
 3.42494392e+05  7.47220694e+05 -4.14210206e+05 
 3.50392221e+05  7.35452343e+05 -4.09786600e+05 
 3.58472171e+05  7.24017131e+05 -4.04907055e+05 
 3.66738442e+05  7.12947216e+05 -3.99604920e+05 
 3.75195331e+05  7.02270517e+05 -3.93916364e+05 
 3.83847234e+05  6.92010446e+05 -3.87879724e+05 
 3.92698648e+05  6.82185748e+05 -3.81534847e+05 
 4.01754173e+05  6.72810455e+05 -3.74922422e+05 
 4.11018515e+05  6.63893945e+05 -3.68083332e+05 
 4.20496491e+05  6.55441093e+05 -3.61058061e+05 
 4.30193027e+05  6.47452521e+05 -3.53886124e+05 
 4.40113162e+05  6.39924893e+05 -3.46605594e+05 
 4.50262052e+05  6.32851291e+05 -3.39252676e+05 
 4.60644974e+05  6.26221611e+05 -3.31861375e+05 
 4.71267322e+05  6.20022986e+05 -3.24463233e+05 
 4.82134619e+05  6.14240229e+05 -3.17087134e+05 
 4.93252513e+05  6.08856257e+05 -3.09759204e+05 
 5.04626783e+05  6.03852511e+05 -3.02502747e+05 
 5.16263340e+05  5.99209351e+05 -2.95338262e+05 
 5.28168234e+05  5.94906420e+05 -2.88283493e+05 
 5.40347650e+05  5.90922977e+05 -2.81353533e+05 
 5.52807921e+05  5.87238193e+05 -2.74560951e+05 
 5.65555523e+05  5.83831400e+05 -2.67915950e+05 
 5.78597080e+05  5.80682322e+05 -2.61426537e+05 
 5.91939372e+05  5.77771251e+05 -2.55098712e+05 
 6.05589334e+05  5.75079195e+05 -2.48936656e+05 
 6.19554061e+05  5.72587992e+05 -2.42942918e+05 
 6.33840810e+05  5.70280400e+05 -2.37118611e+05 
 6.48457008e+05  5.68140156e+05 -2.31463584e+05 
 6.63410251e+05  5.66152014e+05 -2.25976598e+05 
 6.78708313e+05  5.64301758e+05 -2.20655492e+05 
 6.94359143e+05  5.62576211e+05 -2.15497323e+05 
 7.10370877e+05  5.60963213e+05 -2.10498516e+05 
 7.26751838e+05  5.59451600e+05 -2.05654980e+05 
 7.43510539e+05  5.58031174e+05 -2.00962227e+05 
 7.60655691e+05  5.56692655e+05 -1.96415467e+05 
 7.78196206e+05  5.55427641e+05 -1.92009703e+05 
 7.96141200e+05  5.54228554e+05 -1.87739804e+05 
 8.14500001e+05  5.53088593e+05 -1.83600576e+05 
 8.33282151e+05  5.52001675e+05 -1.79586816e+05 
 8.52497412e+05  5.50962388e+05 -1.75693367e+05 
 8.72155772e+05  5.49965933e+05 -1.71915151e+05 
 8.92267449e+05  5.49008080e+05 -1.68247207e+05 
 9.12842895e+05  5.48085108e+05 -1.64684721e+05 
 9.33892805e+05  5.47193768e+05 -1.61223041e+05 
 9.55428121e+05  5.46331231e+05 -1.57857696e+05 
 9.77460036e+05  5.45495046e+05 -1.54584412e+05 
 1.00000000e+06  5.44683103e+05 -1.51399110e+05 
 1.02305973e+06  5.43893593e+05 -1.48297922e+05 
 1.04665121e+06  5.43124974e+05 -1.45277181e+05 
 1.07078670e+06  5.42375938e+05 -1.42333432e+05 
 1.09547876e+06  5.41645385e+05 -1.39463418e+05 
 1.12074020e+06  5.40932393e+05 -1.36664085e+05 
 1.14658417e+06  5.40236192e+05 -1.33932568e+05 
 1.17302409e+06  5.39556146e+05 -1.31266191e+05 
 1.20007371e+06  5.38891732e+05 -1.28662454e+05 
 1.22774708e+06  5.38242521e+05 -1.26119029e+05 
 1.25605860e+06  5.37608161e+05 -1.23633747e+05 
 1.28502297e+06  5.36988368e+05 -1.21204592e+05 
 1.31465525e+06  5.36382906e+05 -1.18829690e+05 
 1.34497085e+06  5.35791584e+05 -1.16507305e+05 
 1.37598551e+06  5.35214242e+05 -1.14235820e+05 
 1.40771537e+06  5.34650741e+05 -1.12013738e+05 
 1.44017690e+06  5.34100963e+05 -1.09839668e+05 
 1.47338699e+06  5.33564797e+05 -1.07712321e+05 
 1.50736290e+06  5.33042141e+05 -1.05630496e+05 
 1.54212228e+06  5.32532893e+05 -1.03593078e+05 
 1.57768320e+06  5.32036949e+05 -1.01599028e+05 
 1.61406415e+06  5.31554201e+05 -9.96473794e+04 
 1.65128404e+06  5.31084535e+05 -9.77372266e+04 
 1.68936220e+06  5.30627829e+05 -9.58677240e+04 
 1.72831844e+06  5.30183950e+05 -9.40380779e+04 
 1.76817299e+06  5.29752757e+05 -9.22475429e+04 
 1.80894658e+06  5.29334098e+05 -9.04954155e+04 
 1.85066040e+06  5.28927809e+05 -8.87810324e+04 
 1.89333613e+06  5.28533717e+05 -8.71037637e+04 
 1.93699595e+06  5.28151638e+05 -8.54630117e+04 
 1.98166255e+06  5.27781377e+05 -8.38582067e+04 
 2.02735916e+06  5.27422732e+05 -8.22888041e+04 
 2.07410951e+06  5.27075491e+05 -8.07542815e+04 
 2.12193792e+06  5.26739433e+05 -7.92541377e+04 
 2.17086923e+06  5.26414331e+05 -7.77878886e+04 
 2.22092889e+06  5.26099950e+05 -7.63550671e+04 
 2.27214291e+06  5.25796051e+05 -7.49552206e+04 
 2.32453791e+06  5.25502390e+05 -7.35879095e+04 
 2.37814113e+06  5.25218718e+05 -7.22527069e+04 
 2.43298042e+06  5.24944782e+05 -7.09491956e+04 
 2.48908429e+06  5.24680327e+05 -6.96769696e+04 
 2.54648190e+06  5.24425098e+05 -6.84356314e+04 
 2.60520309e+06  5.24178837e+05 -6.72247919e+04 
 2.66527837e+06  5.23941284e+05 -6.60440703e+04 
 2.72673897e+06  5.23712183e+05 -6.48930926e+04 
 2.78961683e+06  5.23491276e+05 -6.37714924e+04 
 2.85394464e+06  5.23278305e+05 -6.26789100e+04 
 2.91975583e+06  5.23073017e+05 -6.16149914e+04 
 2.98708461e+06  5.22875159e+05 -6.05793899e+04 
 3.05596598e+06  5.22684482e+05 -5.95717641e+04 
 3.12643573e+06  5.22500736e+05 -5.85917793e+04 
 3.19853049e+06  5.22323680e+05 -5.76391063e+04 
 3.27228774e+06  5.22153071e+05 -5.67134222e+04 
 3.34774581e+06  5.21988673e+05 -5.58144096e+04 
 3.42494392e+06  5.21830253e+05 -5.49417580e+04 
 3.50392221e+06  5.21677581e+05 -5.40951620e+04 
 3.58472171e+06  5.21530433e+05 -5.32743230e+04 
 3.66738442e+06  5.21388587e+05 -5.24789484e+04 
 3.75195331e+06  5.21251827e+05 -5.17087518e+04 
 3.83847234e+06  5.21119942e+05 -5.09634534e+04 
 3.92698648e+06  5.20992723e+05 -5.02427799e+04 
 4.01754173e+06  5.20869967e+05 -4.95464645e+04 
 4.11018515e+06  5.20751476e+05 -4.88742473e+04 
 4.20496491e+06  5.20637054e+05 -4.82258750e+04 
 4.30193027e+06  5.20526511e+05 -4.76011016e+04 
 4.40113162e+06  5.20419661e+05 -4.69996877e+04 
 4.50262052e+06  5.20316323e+05 -4.64214016e+04 
 4.60644974e+06  5.20216319e+05 -4.58660186e+04 
 4.71267322e+06  5.20119474e+05 -4.53333213e+04 
 4.82134619e+06  5.20025618e+05 -4.48230998e+04 
 4.93252513e+06  5.19934584e+05 -4.43351520e+04 
 5.04626783e+06  5.19846211e+05 -4.38692832e+04 
 5.16263340e+06  5.19760337e+05 -4.34253066e+04 
 5.28168234e+06  5.19676807e+05 -4.30030433e+04 
 5.40347650e+06  5.19595468e+05 -4.26023217e+04 
 5.52807921e+06  5.19516168e+05 -4.22229792e+04 
 5.65555523e+06  5.19438761e+05 -4.18648604e+04 
 5.78597080e+06  5.19363100e+05 -4.15278183e+04 
 5.91939372e+06  5.19289043e+05 -4.12117141e+04 
 6.05589334e+06  5.19216450e+05 -4.09164171e+04 
 6.19554061e+06  5.19145181e+05 -4.06418050e+04 
 6.33840810e+06  5.19075100e+05 -4.03877637e+04 
 6.48457008e+06  5.19006071e+05 -4.01541876e+04 
 6.63410251e+06  5.18937960e+05 -3.99409794e+04 
 6.78708313e+06  5.18870634e+05 -3.97480504e+04 
 6.94359143e+06  5.18803962e+05 -3.95753200e+04 
 7.10370877e+06  5.18737812e+05 -3.94227166e+04 
 7.26751838e+06  5.18672054e+05 -3.92901768e+04 
 7.43510539e+06  5.18606557e+05 -3.91776458e+04 
 7.60655691e+06  5.18541191e+05 -3.90850777e+04 
 7.78196206e+06  5.18475825e+05 -3.90124348e+04 
 7.96141200e+06  5.18410330e+05 -3.89596882e+04 
 8.14500001e+06  5.18344574e+05 -3.89268178e+04 
 8.33282151e+06  5.18278424e+05 -3.89138120e+04 
 8.52497412e+06  5.18211748e+05 -3.89206678e+04 
 8.72155772e+06  5.18144411e+05 -3.89473911e+04 
 8.92267449e+06  5.18076276e+05 -3.89939964e+04 
 9.12842895e+06  5.18007207e+05 -3.90605067e+04 
 9.33892805e+06  5.17937063e+05 -3.91469542e+04 
 9.55428121e+06  5.17865702e+05 -3.92533793e+04 
 9.77460036e+06  5.17792979e+05 -3.93798313e+04 
 1.00000000e+07  5.17718747e+05 -3.95263683e+04 
 1.02305973e+07  5.17642855e+05 -3.96930569e+04 
 1.04665121e+07  5.17565148e+05 -3.98799726e+04 
 1.07078670e+07  5.17485470e+05 -4.00871992e+04 
 1.09547876e+07  5.17403657e+05 -4.03148297e+04 
 1.12074020e+07  5.17319544e+05 -4.05629652e+04 
 1.14658417e+07  5.17232959e+05 -4.08317157e+04 
 1.17302409e+07  5.17143728e+05 -4.11211997e+04 
 1.20007371e+07  5.17051669e+05 -4.14315442e+04 
 1.22774708e+07  5.16956595e+05 -4.17628847e+04 
 1.25605860e+07  5.16858314e+05 -4.21153652e+04 
 1.28502297e+07  5.16756627e+05 -4.24891382e+04 
 1.31465525e+07  5.16651327e+05 -4.28843642e+04 
 1.34497085e+07  5.16542203e+05 -4.33012123e+04 
 1.37598551e+07  5.16429035e+05 -4.37398597e+04 
 1.40771537e+07  5.16311593e+05 -4.42004916e+04 
 1.44017690e+07  5.16189642e+05 -4.46833014e+04 
 1.47338699e+07  5.16062937e+05 -4.51884904e+04 
 1.50736290e+07  5.15931223e+05 -4.57162674e+04 
 1.54212228e+07  5.15794237e+05 -4.62668493e+04 
 1.57768320e+07  5.15651704e+05 -4.68404602e+04 
 1.61406415e+07  5.15503340e+05 -4.74373317e+04 
 1.65128404e+07  5.15348850e+05 -4.80577027e+04 
 1.68936220e+07  5.15187926e+05 -4.87018188e+04 
 1.72831844e+07  5.15020250e+05 -4.93699329e+04 
 1.76817299e+07  5.14845489e+05 -5.00623039e+04 
 1.80894658e+07  5.14663299e+05 -5.07791975e+04 
 1.85066040e+07  5.14473320e+05 -5.15208852e+04 
 1.89333613e+07  5.14275179e+05 -5.22876443e+04 
 1.93699595e+07  5.14068489e+05 -5.30797578e+04 
 1.98166255e+07  5.13852846e+05 -5.38975135e+04 
 2.02735916e+07  5.13627829e+05 -5.47412040e+04 
 2.07410951e+07  5.13393003e+05 -5.56111263e+04 
 2.12193792e+07  5.13147912e+05 -5.65075813e+04 
 2.17086923e+07  5.12892085e+05 -5.74308732e+04 
 2.22092889e+07  5.12625031e+05 -5.83813091e+04 
 2.27214291e+07  5.12346237e+05 -5.93591986e+04 
 2.32453791e+07  5.12055174e+05 -6.03648529e+04 
 2.37814113e+07  5.11751289e+05 -6.13985842e+04 
 2.43298042e+07  5.11434008e+05 -6.24607052e+04 
 2.48908429e+07  5.11102734e+05 -6.35515284e+04 
 2.54648190e+07  5.10756848e+05 -6.46713650e+04 
 2.60520309e+07  5.10395706e+05 -6.58205241e+04 
 2.66527837e+07  5.10018639e+05 -6.69993121e+04 
 2.72673897e+07  5.09624953e+05 -6.82080315e+04 
 2.78961683e+07  5.09213927e+05 -6.94469798e+04 
 2.85394464e+07  5.08784814e+05 -7.07164483e+04 
 2.91975583e+07  5.08336839e+05 -7.20167213e+04 
 2.98708461e+07  5.07869196e+05 -7.33480746e+04 
 3.05596598e+07  5.07381053e+05 -7.47107739e+04 
 3.12643573e+07  5.06871546e+05 -7.61050738e+04 
 3.19853049e+07  5.06339780e+05 -7.75312162e+04 
 3.27228774e+07  5.05784830e+05 -7.89894283e+04 
 3.34774581e+07  5.05205738e+05 -8.04799214e+04 
 3.42494392e+07  5.04601514e+05 -8.20028889e+04 
 3.50392221e+07  5.03971133e+05 -8.35585043e+04 
 3.58472171e+07  5.03313539e+05 -8.51469193e+04 
 3.66738442e+07  5.02627640e+05 -8.67682617e+04 
 3.75195331e+07  5.01912309e+05 -8.84226330e+04 
 3.83847234e+07  5.01166387e+05 -9.01101067e+04 
 3.92698648e+07  5.00388677e+05 -9.18307247e+04 
 4.01754173e+07  4.99577949e+05 -9.35844960e+04 
 4.11018515e+07  4.98732937e+05 -9.53713933e+04 
 4.20496491e+07  4.97852340e+05 -9.71913503e+04 
 4.30193027e+07  4.96934822e+05 -9.90442589e+04 
 4.40113162e+07  4.95979015e+05 -1.00929966e+05 
 4.50262052e+07  4.94983514e+05 -1.02848272e+05 
 4.60644974e+07  4.93946884e+05 -1.04798924e+05 
 4.71267322e+07  4.92867657e+05 -1.06781615e+05 
 4.82134619e+07  4.91744332e+05 -1.08795983e+05 
 4.93252513e+07  4.90575383e+05 -1.10841600e+05 
 5.04626783e+07  4.89359251e+05 -1.12917977e+05 
 5.16263340e+07  4.88094356e+05 -1.15024556e+05 
 5.28168234e+07  4.86779090e+05 -1.17160703e+05 
 5.40347650e+07  4.85411826e+05 -1.19325713e+05 
 5.52807921e+07  4.83990917e+05 -1.21518799e+05 
 5.65555523e+07  4.82514700e+05 -1.23739090e+05 
 5.78597080e+07  4.80981501e+05 -1.25985628e+05 
 5.91939372e+07  4.79389636e+05 -1.28257365e+05 
 6.05589334e+07  4.77737417e+05 -1.30553157e+05 
 6.19554061e+07  4.76023155e+05 -1.32871764e+05 
 6.33840810e+07  4.74245166e+05 -1.35211842e+05 
 6.48457008e+07  4.72401777e+05 -1.37571944e+05 
 6.63410251e+07  4.70491329e+05 -1.39950513e+05 
 6.78708313e+07  4.68512186e+05 -1.42345884e+05 
 6.94359143e+07  4.66462739e+05 -1.44756277e+05 
 7.10370877e+07  4.64341413e+05 -1.47179796e+05 
 7.26751838e+07  4.62146679e+05 -1.49614428e+05 
 7.43510539e+07  4.59877053e+05 -1.52058040e+05 
 7.60655691e+07  4.57531114e+05 -1.54508382e+05 
 7.78196206e+07  4.55107503e+05 -1.56963080e+05 
 7.96141200e+07  4.52604939e+05 -1.59419639e+05 
 8.14500001e+07  4.50022224e+05 -1.61875448e+05 
 8.33282151e+07  4.47358255e+05 -1.64327773e+05 
 8.52497412e+07  4.44612032e+05 -1.66773764e+05 
 8.72155772e+07  4.41782668e+05 -1.69210459e+05 
 8.92267449e+07  4.38869397e+05 -1.71634783e+05 
 9.12842895e+07  4.35871590e+05 -1.74043555e+05 
 9.33892805e+07  4.32788759e+05 -1.76433495e+05 
 9.55428121e+07  4.29620568e+05 -1.78801225e+05 
 9.77460036e+07  4.26366846e+05 -1.81143281e+05 
 1.00000000e+08  4.23027593e+05 -1.83456118e+05 
 1.02305973e+08  4.19602990e+05 -1.85736121e+05 
 1.04665121e+08  4.16093411e+05 -1.87979613e+05 
 1.07078670e+08  4.12499426e+05 -1.90182868e+05 
 1.09547876e+08  4.08821811e+05 -1.92342121e+05 
 1.12074020e+08  4.05061557e+05 -1.94453581e+05 
 1.14658417e+08  4.01219873e+05 -1.96513445e+05 
 1.17302409e+08  3.97298191e+05 -1.98517914e+05 
 1.20007371e+08  3.93298174e+05 -2.00463204e+05 
 1.22774708e+08  3.89221713e+05 -2.02345565e+05 
 1.25605860e+08  3.85070933e+05 -2.04161299e+05 
 1.28502297e+08  3.80848193e+05 -2.05906772e+05 
 1.31465525e+08  3.76556081e+05 -2.07578434e+05 
 1.34497085e+08  3.72197417e+05 -2.09172838e+05 
 1.37598551e+08  3.67775244e+05 -2.10686652e+05 
 1.40771537e+08  3.63292827e+05 -2.12116683e+05 
 1.44017690e+08  3.58753642e+05 -2.13459890e+05 
 1.47338699e+08  3.54161369e+05 -2.14713402e+05 
 1.50736290e+08  3.49519881e+05 -2.15874533e+05 
 1.54212228e+08  3.44833235e+05 -2.16940800e+05 
 1.57768320e+08  3.40105655e+05 -2.17909935e+05 
 1.61406415e+08  3.35341517e+05 -2.18779902e+05 
 1.65128404e+08  3.30545340e+05 -2.19548905e+05 
 1.68936220e+08  3.25721761e+05 -2.20215402e+05 
 1.72831844e+08  3.20875520e+05 -2.20778115e+05 
 1.76817299e+08  3.16011442e+05 -2.21236037e+05 
 1.80894658e+08  3.11134417e+05 -2.21588440e+05 
 1.85066040e+08  3.06249378e+05 -2.21834878e+05 
 1.89333613e+08  3.01361282e+05 -2.21975191e+05 
 1.93699595e+08  2.96475087e+05 -2.22009507e+05 
 1.98166255e+08  2.91595734e+05 -2.21938240e+05 
 2.02735916e+08  2.86728125e+05 -2.21762090e+05 
 2.07410951e+08  2.81877099e+05 -2.21482035e+05 
 2.12193792e+08  2.77047419e+05 -2.21099330e+05 
 2.17086923e+08  2.72243744e+05 -2.20615495e+05 
 2.22092889e+08  2.67470618e+05 -2.20032310e+05 
 2.27214291e+08  2.62732448e+05 -2.19351800e+05 
 2.32453791e+08  2.58033489e+05 -2.18576226e+05 
 2.37814113e+08  2.53377828e+05 -2.17708071e+05 
 2.43298042e+08  2.48769372e+05 -2.16750026e+05 
 2.48908429e+08  2.44211832e+05 -2.15704974e+05 
 2.54648190e+08  2.39708716e+05 -2.14575974e+05 
 2.60520309e+08  2.35263314e+05 -2.13366244e+05 
 2.66527837e+08  2.30878698e+05 -2.12079146e+05 
 2.72673897e+08  2.26557707e+05 -2.10718164e+05 
 2.78961683e+08  2.22302949e+05 -2.09286893e+05 
 2.85394464e+08  2.18116793e+05 -2.07789013e+05 
 2.91975583e+08  2.14001368e+05 -2.06228278e+05 
 2.98708461e+08  2.09958566e+05 -2.04608497e+05 
 3.05596598e+08  2.05990039e+05 -2.02933516e+05 
 3.12643573e+08  2.02097202e+05 -2.01207202e+05 
 3.19853049e+08  1.98281238e+05 -1.99433427e+05 
 3.27228774e+08  1.94543102e+05 -1.97616053e+05 
 3.34774581e+08  1.90883524e+05 -1.95758920e+05 
 3.42494392e+08  1.87303020e+05 -1.93865828e+05 
 3.50392221e+08  1.83801895e+05 -1.91940527e+05 
 3.58472171e+08  1.80380254e+05 -1.89986704e+05 
 3.66738442e+08  1.77038009e+05 -1.88007976e+05 
 3.75195331e+08  1.73774888e+05 -1.86007875e+05 
 3.83847234e+08  1.70590446e+05 -1.83989840e+05 
 3.92698648e+08  1.67484073e+05 -1.81957211e+05 
 4.01754173e+08  1.64455006e+05 -1.79913223e+05 
 4.11018515e+08  1.61502335e+05 -1.77860996e+05 
 4.20496491e+08  1.58625020e+05 -1.75803531e+05 
 4.30193027e+08  1.55821896e+05 -1.73743709e+05 
 4.40113162e+08  1.53091683e+05 -1.71684280e+05 
 4.50262052e+08  1.50432999e+05 -1.69627870e+05 
 4.60644974e+08  1.47844369e+05 -1.67576969e+05 
 4.71267322e+08  1.45324234e+05 -1.65533938e+05 
 4.82134619e+08  1.42870960e+05 -1.63501001e+05 
 4.93252513e+08  1.40482847e+05 -1.61480250e+05 
 5.04626783e+08  1.38158141e+05 -1.59473643e+05 
 5.16263340e+08  1.35895036e+05 -1.57483005e+05 
 5.28168234e+08  1.33691690e+05 -1.55510030e+05 
 5.40347650e+08  1.31546226e+05 -1.53556280e+05 
 5.52807921e+08  1.29456744e+05 -1.51623191e+05 
 5.65555523e+08  1.27421325e+05 -1.49712073e+05 
 5.78597080e+08  1.25438040e+05 -1.47824113e+05 
 5.91939372e+08  1.23504954e+05 -1.45960376e+05 
 6.05589334e+08  1.21620135e+05 -1.44121812e+05 
 6.19554061e+08  1.19781657e+05 -1.42309257e+05 
 6.33840810e+08  1.17987606e+05 -1.40523433e+05 
 6.48457008e+08  1.16236084e+05 -1.38764960e+05 
 6.63410251e+08  1.14525218e+05 -1.37034351e+05 
 6.78708313e+08  1.12853158e+05 -1.35332022e+05 
 6.94359143e+08  1.11218086e+05 -1.33658290e+05 
 7.10370877e+08  1.09618216e+05 -1.32013383e+05 
 7.26751838e+08  1.08051802e+05 -1.30397441e+05 
 7.43510539e+08  1.06517137e+05 -1.28810520e+05 
 7.60655691e+08  1.05012557e+05 -1.27252594e+05 
 7.78196206e+08  1.03536446e+05 -1.25723564e+05 
 7.96141200e+08  1.02087235e+05 -1.24223260e+05 
 8.14500001e+08  1.00663407e+05 -1.22751443e+05 
 8.33282151e+08  9.92634990e+04 -1.21307810e+05 
 8.52497412e+08  9.78861004e+04 -1.19892001e+05 
 8.72155772e+08  9.65298585e+04 -1.18503601e+05 
 8.92267449e+08  9.51934776e+04 -1.17142143e+05 
 9.12842895e+08  9.38757213e+04 -1.15807114e+05 
 9.33892805e+08  9.25754124e+04 -1.14497959e+05 
 9.55428121e+08  9.12914341e+04 -1.13214085e+05 
 9.77460036e+08  9.00227306e+04 -1.11954863e+05 
 1.00000000e+09  8.87683069e+04 -1.10719636e+05 
