 freq            v(vout_RF_filt_spec_db)
 2.86604247e+06 -9.73791320e+01 
 2.99065301e+06 -9.17248176e+01 
 3.11526355e+06 -9.49229943e+01 
 3.23987409e+06 -1.00089773e+02 
 3.36448464e+06 -9.61043240e+01 
 3.48909518e+06 -9.29335724e+01 
 3.61370572e+06 -9.64035657e+01 
 3.73831626e+06 -1.01210514e+02 
 3.86292680e+06 -9.83992115e+01 
 3.98753735e+06 -9.49621631e+01 
 4.11214789e+06 -9.69161119e+01 
 4.23675843e+06 -9.46996265e+01 
 4.36136897e+06 -9.68941087e+01 
 4.48597951e+06 -9.97698074e+01 
 4.61059006e+06 -1.05759567e+02 
 4.73520060e+06 -9.77115661e+01 
 4.85981114e+06 -9.95066489e+01 
 4.98442168e+06 -1.02895974e+02 
 5.10903222e+06 -1.11783730e+02 
 5.23364277e+06 -1.00319427e+02 
 5.35825331e+06 -1.07834051e+02 
 5.48286385e+06 -1.13392442e+02 
 5.60747439e+06 -1.05846088e+02 
 5.73208493e+06 -1.08916748e+02 
 5.85669548e+06 -1.01224806e+02 
 5.98130602e+06 -9.90462894e+01 
 6.10591656e+06 -1.03216005e+02 
 6.23052710e+06 -1.10456146e+02 
 6.35513764e+06 -9.81739026e+01 
 6.47974819e+06 -9.65331682e+01 
 6.60435873e+06 -1.01070262e+02 
 6.72896927e+06 -1.02773007e+02 
 6.85357981e+06 -9.72347702e+01 
 6.97819036e+06 -9.66116833e+01 
 7.10280090e+06 -9.85974690e+01 
 7.22741144e+06 -9.70260242e+01 
 7.35202198e+06 -9.50805296e+01 
 7.47663252e+06 -9.65613574e+01 
 7.60124307e+06 -1.03795847e+02 
 7.72585361e+06 -1.06597650e+02 
 7.85046415e+06 -1.06982934e+02 
 7.97507469e+06 -1.13143137e+02 
 8.09968523e+06 -1.27871834e+02 
 8.22429578e+06 -1.04212938e+02 
 8.34890632e+06 -1.09318046e+02 
 8.47351686e+06 -1.03404692e+02 
 8.59812740e+06 -1.04293536e+02 
 8.72273794e+06 -1.01051704e+02 
 8.84734849e+06 -1.02852265e+02 
 8.97195903e+06 -1.10149024e+02 
 9.09656957e+06 -1.09768234e+02 
 9.22118011e+06 -1.02853462e+02 
 9.34579065e+06 -1.03752969e+02 
 9.47040120e+06 -1.08603741e+02 
 9.59501174e+06 -1.09342598e+02 
 9.71962228e+06 -1.01725722e+02 
 9.84423282e+06 -1.02532556e+02 
 9.96884336e+06 -1.10527310e+02 
 1.00934539e+07 -1.09041139e+02 
 1.02180644e+07 -1.03528662e+02 
 1.03426750e+07 -1.02779706e+02 
 1.04672855e+07 -1.04022460e+02 
 1.05918961e+07 -1.02329801e+02 
 1.07165066e+07 -9.88968961e+01 
 1.08411172e+07 -9.62152096e+01 
 1.09657277e+07 -9.76798198e+01 
 1.10903382e+07 -1.00401052e+02 
 1.12149488e+07 -9.83521103e+01 
 1.13395593e+07 -1.02401615e+02 
 1.14641699e+07 -1.10422689e+02 
 1.15887804e+07 -1.15895092e+02 
 1.17133910e+07 -1.03722288e+02 
 1.18380015e+07 -1.19505484e+02 
 1.19626120e+07 -1.01241772e+02 
 1.20872226e+07 -1.03481525e+02 
 1.22118331e+07 -1.06060816e+02 
 1.23364437e+07 -1.08261707e+02 
 1.24610542e+07 -1.02422793e+02 
 1.25856647e+07 -1.10940704e+02 
 1.27102753e+07 -1.04828158e+02 
 1.28348858e+07 -1.08612675e+02 
 1.29594964e+07 -1.09836448e+02 
 1.30841069e+07 -9.91041462e+01 
 1.32087175e+07 -9.71255747e+01 
 1.33333280e+07 -9.92101024e+01 
 1.34579385e+07 -9.87892056e+01 
 1.35825491e+07 -9.54761698e+01 
 1.37071596e+07 -9.60791950e+01 
 1.38317702e+07 -9.96452897e+01 
 1.39563807e+07 -9.65261401e+01 
 1.40809913e+07 -9.25410388e+01 
 1.42056018e+07 -9.39926045e+01 
 1.43302123e+07 -9.57115587e+01 
 1.44548229e+07 -9.30386626e+01 
 1.45794334e+07 -9.14224361e+01 
 1.47040440e+07 -9.30134831e+01 
 1.48286545e+07 -9.41650758e+01 
 1.49532650e+07 -9.39808758e+01 
 1.50778756e+07 -9.39088828e+01 
 1.52024861e+07 -9.40668016e+01 
 1.53270967e+07 -9.50782641e+01 
 1.54517072e+07 -9.64611262e+01 
 1.55763178e+07 -9.76755932e+01 
 1.57009283e+07 -9.89976570e+01 
 1.58255388e+07 -9.79305927e+01 
 1.59501494e+07 -1.01049186e+02 
 1.60747599e+07 -1.07694012e+02 
 1.61993705e+07 -1.06511668e+02 
 1.63239810e+07 -1.06076186e+02 
 1.64485916e+07 -1.06388519e+02 
 1.65732021e+07 -9.92431940e+01 
 1.66978126e+07 -9.44527773e+01 
 1.68224232e+07 -9.62085247e+01 
 1.69470337e+07 -9.65122850e+01 
 1.70716443e+07 -9.45387333e+01 
 1.71962548e+07 -9.40145815e+01 
 1.73208653e+07 -9.81913217e+01 
 1.74454759e+07 -9.91825857e+01 
 1.75700864e+07 -9.63494218e+01 
 1.76946970e+07 -9.44354022e+01 
 1.78193075e+07 -9.62209537e+01 
 1.79439181e+07 -9.63333418e+01 
 1.80685286e+07 -1.00888423e+02 
 1.81931391e+07 -9.97207521e+01 
 1.83177497e+07 -9.62784848e+01 
 1.84423602e+07 -9.57873067e+01 
 1.85669708e+07 -9.74250640e+01 
 1.86915813e+07 -9.71044641e+01 
 1.88161919e+07 -9.46514003e+01 
 1.89408024e+07 -9.27491139e+01 
 1.90654129e+07 -9.25748583e+01 
 1.91900235e+07 -9.44824820e+01 
 1.93146340e+07 -9.25597419e+01 
 1.94392446e+07 -9.06651880e+01 
 1.95638551e+07 -9.17172784e+01 
 1.96884656e+07 -9.77945505e+01 
 1.98130762e+07 -9.70083566e+01 
 1.99376867e+07 -9.26177435e+01 
 2.00622973e+07 -9.64808039e+01 
 2.01869078e+07 -1.03703519e+02 
 2.03115184e+07 -9.62446990e+01 
 2.04361289e+07 -9.57953049e+01 
 2.05607394e+07 -1.00757191e+02 
 2.06853500e+07 -9.74811219e+01 
 2.08099605e+07 -1.00683644e+02 
 2.09345711e+07 -9.43434586e+01 
 2.10591816e+07 -1.01832444e+02 
 2.11837921e+07 -1.00070500e+02 
 2.13084027e+07 -1.02376485e+02 
 2.14330132e+07 -8.99210173e+01 
 2.15576238e+07 -9.04874586e+01 
 2.16822343e+07 -9.34123622e+01 
 2.18068449e+07 -9.53114817e+01 
 2.19314554e+07 -9.00227952e+01 
 2.20560659e+07 -8.80356060e+01 
 2.21806765e+07 -8.71189386e+01 
 2.23052870e+07 -9.16037635e+01 
 2.24298976e+07 -9.01497732e+01 
 2.25545081e+07 -8.55656653e+01 
 2.26791187e+07 -8.63100038e+01 
 2.28037292e+07 -9.84820433e+01 
 2.29283397e+07 -9.27207143e+01 
 2.30529503e+07 -8.89568288e+01 
 2.31775608e+07 -9.20048194e+01 
 2.33021714e+07 -8.66003080e+01 
 2.34267819e+07 -8.99045687e+01 
 2.35513924e+07 -8.87697265e+01 
 2.36760030e+07 -1.10923347e+02 
 2.38006135e+07 -8.28164150e+01 
 2.39252241e+07 -8.74609449e+01 
 2.40498346e+07 -8.78974557e+01 
 2.41744452e+07 -9.03573480e+01 
 2.42990557e+07 -8.09610816e+01 
 2.44236662e+07 -8.10054092e+01 
 2.45482768e+07 -8.41089635e+01 
 2.46728873e+07 -8.55547270e+01 
 2.47974979e+07 -7.42227394e+01 
 2.49221084e+07 -7.31912288e+01 
 2.50467190e+07 -8.83014395e+01 
 2.51713295e+07 -7.81328950e+01 
 2.52959400e+07 -7.62379533e+01 
 2.54205506e+07 -7.23027531e+01 
 2.55451611e+07 -7.64536299e+01 
 2.56697717e+07 -8.58156128e+01 
 2.57943822e+07 -6.63352422e+01 
 2.59189927e+07 -6.44761128e+01 
 2.60436033e+07 -7.46010037e+01 
 2.61682138e+07 -8.54683408e+01 
 2.62928244e+07 -6.11287025e+01 
 2.64174349e+07 -6.13238586e+01 
 2.65420455e+07 -7.21396534e+01 
 2.66666560e+07 -6.73328935e+01 
 2.67912665e+07 -5.42034401e+01 
 2.69158771e+07 -4.65706214e+01 
 2.70404876e+07 -5.65476548e+01 
 2.71650982e+07 -5.14787628e+01 
 2.72897087e+07 -3.49814946e+01 
 2.74143193e+07 -2.91613555e+01 
 2.75389298e+07 -4.52736290e+01 
 2.76635403e+07 -2.64308025e+01 
 2.77881509e+07 -3.54005521e+00 
 2.79127614e+07 -1.10074099e-06 
 2.80373720e+07 -8.77127695e+00 
 2.81619825e+07 -3.10871071e+01 
 2.82865930e+07 -2.24323936e+01 
 2.84112036e+07 -1.87939011e+01 
 2.85358141e+07 -2.76989675e+01 
 2.86604247e+07 -4.82234582e+01 
 2.87850352e+07 -4.98313784e+01 
 2.89096458e+07 -4.71305824e+01 
 2.90342563e+07 -6.30940861e+01 
 2.91588668e+07 -6.42368213e+01 
 2.92834774e+07 -6.88265544e+01 
 2.94080879e+07 -5.95749994e+01 
 2.95326985e+07 -6.27037420e+01 
 2.96573090e+07 -8.09595466e+01 
 2.97819196e+07 -6.61541693e+01 
 2.99065301e+07 -6.35151897e+01 
 3.00311406e+07 -7.13394883e+01 
 3.01557512e+07 -8.48797158e+01 
 3.02803617e+07 -7.29675549e+01 
 3.04049723e+07 -7.29948034e+01 
 3.05295828e+07 -8.05567731e+01 
 3.06541933e+07 -8.77445616e+01 
 3.07788039e+07 -7.91085012e+01 
 3.09034144e+07 -7.30856423e+01 
 3.10280250e+07 -7.89610682e+01 
 3.11526355e+07 -9.57050295e+01 
 3.12772461e+07 -8.59390825e+01 
 3.14018566e+07 -7.72179046e+01 
 3.15264671e+07 -8.08200400e+01 
 3.16510777e+07 -9.39647366e+01 
 3.17756882e+07 -9.29347971e+01 
 3.19002988e+07 -8.20271662e+01 
 3.20249093e+07 -8.23330039e+01 
 3.21495199e+07 -1.01016369e+02 
 3.22741304e+07 -1.00586404e+02 
 3.23987409e+07 -8.47388401e+01 
 3.25233515e+07 -9.43959008e+01 
 3.26479620e+07 -8.71815922e+01 
 3.27725726e+07 -9.64057289e+01 
 3.28971831e+07 -8.98267779e+01 
 3.30217936e+07 -9.38473805e+01 
 3.31464042e+07 -8.86371818e+01 
 3.32710147e+07 -8.81465158e+01 
 3.33956253e+07 -8.78706010e+01 
 3.35202358e+07 -8.84333915e+01 
 3.36448464e+07 -8.78862768e+01 
 3.37694569e+07 -8.56582602e+01 
 3.38940674e+07 -8.57662222e+01 
 3.40186780e+07 -9.34605486e+01 
 3.41432885e+07 -9.46322633e+01 
 3.42678991e+07 -8.73644680e+01 
 3.43925096e+07 -8.80639843e+01 
 3.45171201e+07 -1.00021519e+02 
 3.46417307e+07 -1.04111065e+02 
 3.47663412e+07 -9.16526927e+01 
 3.48909518e+07 -9.02574070e+01 
 3.50155623e+07 -1.01456005e+02 
 3.51401729e+07 -9.74607091e+01 
 3.52647834e+07 -9.28539044e+01 
 3.53893939e+07 -9.57089912e+01 
 3.55140045e+07 -1.06019503e+02 
 3.56386150e+07 -9.59827128e+01 
 3.57632256e+07 -9.14584138e+01 
 3.58878361e+07 -9.31038843e+01 
 3.60124467e+07 -9.15756246e+01 
 3.61370572e+07 -9.25739841e+01 
 3.62616677e+07 -9.48347726e+01 
 3.63862783e+07 -9.63017205e+01 
 3.65108888e+07 -9.35715584e+01 
 3.66354994e+07 -9.72825879e+01 
 3.67601099e+07 -9.83052792e+01 
 3.68847204e+07 -9.34320166e+01 
 3.70093310e+07 -9.43131180e+01 
 3.71339415e+07 -9.70842704e+01 
 3.72585521e+07 -1.01003548e+02 
 3.73831626e+07 -9.39814404e+01 
 3.75077732e+07 -9.63422120e+01 
 3.76323837e+07 -9.60142257e+01 
 3.77569942e+07 -9.44493271e+01 
 3.78816048e+07 -9.32220416e+01 
 3.80062153e+07 -9.30553222e+01 
 3.81308259e+07 -9.25866575e+01 
 3.82554364e+07 -9.47559465e+01 
 3.83800470e+07 -9.59728215e+01 
 3.85046575e+07 -9.40073893e+01 
 3.86292680e+07 -9.34075143e+01 
 3.87538786e+07 -9.72735050e+01 
 3.88784891e+07 -9.99512165e+01 
 3.90030997e+07 -9.73703300e+01 
 3.91277102e+07 -9.90361944e+01 
 3.92523207e+07 -1.04991521e+02 
 3.93769313e+07 -1.01727002e+02 
 3.95015418e+07 -9.83958229e+01 
 3.96261524e+07 -9.87685609e+01 
 3.97507629e+07 -1.02382655e+02 
 3.98753735e+07 -1.03310727e+02 
 3.99999840e+07 -1.00541882e+02 
 4.01245945e+07 -1.07483317e+02 
 4.02492051e+07 -1.05586666e+02 
 4.03738156e+07 -1.00087509e+02 
 4.04984262e+07 -1.01246109e+02 
 4.06230367e+07 -1.01252356e+02 
 4.07476473e+07 -1.03785076e+02 
 4.08722578e+07 -9.67718735e+01 
 4.09968683e+07 -9.65962288e+01 
 4.11214789e+07 -9.84824883e+01 
 4.12460894e+07 -9.88320977e+01 
 4.13707000e+07 -9.66054750e+01 
 4.14953105e+07 -9.71978464e+01 
 4.16199210e+07 -1.02964915e+02 
 4.17445316e+07 -1.03973649e+02 
 4.18691421e+07 -9.94625317e+01 
 4.19937527e+07 -9.94001909e+01 
 4.21183632e+07 -1.06515633e+02 
 4.22429738e+07 -1.08662338e+02 
 4.23675843e+07 -1.00659693e+02 
 4.24921948e+07 -9.69598222e+01 
 4.26168054e+07 -9.86125093e+01 
 4.27414159e+07 -1.03087543e+02 
 4.28660265e+07 -9.81428020e+01 
 4.29906370e+07 -9.90233069e+01 
 4.31152476e+07 -1.03842324e+02 
 4.32398581e+07 -9.93541803e+01 
 4.33644686e+07 -9.63482853e+01 
 4.34890792e+07 -1.00280812e+02 
 4.36136897e+07 -1.05171069e+02 
 4.37383003e+07 -1.02407068e+02 
 4.38629108e+07 -9.81965365e+01 
 4.39875213e+07 -9.76014477e+01 
 4.41121319e+07 -9.62389601e+01 
 4.42367424e+07 -9.93863472e+01 
 4.43613530e+07 -1.01338081e+02 
 4.44859635e+07 -9.77982640e+01 
 4.46105741e+07 -9.98435332e+01 
 4.47351846e+07 -1.16919270e+02 
 4.48597951e+07 -1.03024432e+02 
 4.49844057e+07 -9.91835384e+01 
 4.51090162e+07 -1.02187560e+02 
 4.52336268e+07 -1.02297044e+02 
 4.53582373e+07 -9.87974593e+01 
 4.54828479e+07 -1.00481749e+02 
 4.56074584e+07 -1.05789919e+02 
 4.57320689e+07 -1.04771221e+02 
 4.58566795e+07 -1.04263149e+02 
 4.59812900e+07 -1.07956249e+02 
 4.61059006e+07 -1.12108528e+02 
 4.62305111e+07 -1.03733775e+02 
 4.63551216e+07 -1.06341431e+02 
 4.64797322e+07 -1.15647540e+02 
 4.66043427e+07 -1.08462668e+02 
 4.67289533e+07 -9.67675029e+01 
 4.68535638e+07 -9.77132676e+01 
 4.69781744e+07 -1.07347228e+02 
 4.71027849e+07 -1.04228611e+02 
 4.72273954e+07 -9.72732722e+01 
 4.73520060e+07 -9.84618664e+01 
 4.74766165e+07 -1.04642099e+02 
 4.76012271e+07 -1.04367092e+02 
 4.77258376e+07 -1.03650906e+02 
 4.78504481e+07 -9.85932133e+01 
 4.79750587e+07 -9.66394886e+01 
 4.80996692e+07 -1.00510976e+02 
 4.82242798e+07 -9.99661025e+01 
 4.83488903e+07 -9.41942498e+01 
 4.84735009e+07 -9.33975542e+01 
 4.85981114e+07 -9.56919457e+01 
 4.87227219e+07 -9.51273333e+01 
 4.88473325e+07 -9.58834372e+01 
 4.89719430e+07 -1.02732521e+02 
 4.90965536e+07 -1.09951202e+02 
 4.92211641e+07 -9.83118844e+01 
 4.93457747e+07 -9.72885109e+01 
 4.94703852e+07 -1.09201543e+02 
 4.95949957e+07 -1.07630912e+02 
 4.97196063e+07 -1.01397471e+02 
 4.98442168e+07 -1.00521268e+02 
 4.99688274e+07 -1.05629314e+02 
 5.00934379e+07 -1.19234479e+02 
 5.02180484e+07 -1.04489574e+02 
 5.03426590e+07 -1.03557244e+02 
 5.04672695e+07 -1.12092670e+02 
 5.05918801e+07 -1.08815806e+02 
 5.07164906e+07 -1.00775269e+02 
 5.08411012e+07 -9.75079780e+01 
 5.09657117e+07 -9.91428238e+01 
 5.10903222e+07 -1.04782137e+02 
 5.12149328e+07 -9.65581950e+01 
 5.13395433e+07 -9.22304852e+01 
 5.14641539e+07 -9.49506238e+01 
 5.15887644e+07 -9.90455858e+01 
 5.17133750e+07 -9.35591622e+01 
 5.18379855e+07 -9.37950408e+01 
 5.19625960e+07 -9.81205267e+01 
 5.20872066e+07 -9.98453804e+01 
 5.22118171e+07 -9.31973966e+01 
 5.23364277e+07 -9.56157906e+01 
 5.24610382e+07 -1.17308423e+02 
 5.25856487e+07 -1.00918084e+02 
 5.27102593e+07 -9.83696187e+01 
 5.28348698e+07 -1.00801154e+02 
 5.29594804e+07 -1.02910957e+02 
 5.30840909e+07 -9.51226133e+01 
 5.32087015e+07 -1.01921147e+02 
 5.33333120e+07 -1.06344368e+02 
 5.34579225e+07 -1.02295087e+02 
 5.35825331e+07 -9.93185534e+01 
 5.37071436e+07 -1.00151077e+02 
 5.38317542e+07 -1.06200138e+02 
 5.39563647e+07 -1.00185166e+02 
 5.40809753e+07 -1.06119864e+02 
 5.42055858e+07 -1.10673310e+02 
 5.43301963e+07 -9.74429526e+01 
 5.44548069e+07 -9.09155643e+01 
 5.45794174e+07 -9.06914545e+01 
 5.47040280e+07 -9.33500726e+01 
 5.48286385e+07 -8.74819173e+01 
 5.49532490e+07 -8.72736519e+01 
 5.50778596e+07 -9.25004979e+01 
 5.52024701e+07 -9.80728492e+01 
 5.53270807e+07 -8.81676567e+01 
 5.54516912e+07 -8.43926896e+01 
 5.55763018e+07 -8.84271257e+01 
 5.57009123e+07 -8.54309268e+01 
 5.58255228e+07 -8.44055449e+01 
 5.59501334e+07 -9.00302666e+01 
 5.60747439e+07 -9.16216916e+01 
 5.61993545e+07 -8.18099156e+01 
 5.63239650e+07 -8.14804410e+01 
 5.64485756e+07 -8.78471786e+01 
 5.65731861e+07 -8.98471403e+01 
 5.66977966e+07 -8.48021897e+01 
 5.68224072e+07 -8.57241424e+01 
 5.69470177e+07 -9.17630370e+01 
 5.70716283e+07 -9.12668539e+01 
 5.71962388e+07 -9.19421122e+01 
 5.73208493e+07 -9.79187055e+01 
 5.74454599e+07 -1.00395491e+02 
 5.75700704e+07 -9.36878692e+01 
 5.76946810e+07 -9.36928643e+01 
 5.78192915e+07 -1.01206899e+02 
 5.79439021e+07 -1.10577728e+02 
 5.80685126e+07 -9.71125117e+01 
 5.81931231e+07 -9.79036490e+01 
 5.83177337e+07 -1.02819758e+02 
 5.84423442e+07 -1.22578083e+02 
 5.85669548e+07 -1.00680515e+02 
 5.86915653e+07 -1.00354997e+02 
 5.88161759e+07 -9.98143004e+01 
 5.89407864e+07 -9.63222838e+01 
 5.90653969e+07 -9.67214266e+01 
 5.91900075e+07 -1.06916111e+02 
 5.93146180e+07 -1.06354693e+02 
 5.94392286e+07 -9.78518009e+01 
 5.95638391e+07 -9.90404090e+01 
 5.96884496e+07 -1.02048907e+02 
 5.98130602e+07 -9.67841059e+01 
 5.99376707e+07 -9.54772266e+01 
 6.00622813e+07 -9.68805240e+01 
 6.01868918e+07 -9.65730486e+01 
 6.03115024e+07 -9.82938656e+01 
 6.04361129e+07 -9.81622542e+01 
 6.05607234e+07 -1.06778454e+02 
 6.06853340e+07 -9.81947750e+01 
 6.08099445e+07 -9.60672575e+01 
 6.09345551e+07 -9.90852304e+01 
 6.10591656e+07 -1.15972576e+02 
 6.11837761e+07 -1.07626030e+02 
 6.13083867e+07 -1.10103039e+02 
 6.14329972e+07 -1.16279074e+02 
 6.15576078e+07 -1.20489305e+02 
 6.16822183e+07 -1.10461410e+02 
 6.18068289e+07 -1.10800510e+02 
 6.19314394e+07 -1.07100544e+02 
 6.20560499e+07 -1.07841141e+02 
 6.21806605e+07 -1.16080124e+02 
 6.23052710e+07 -1.12749930e+02 
 6.24298816e+07 -1.09729704e+02 
 6.25544921e+07 -1.07375107e+02 
 6.26791027e+07 -1.02646957e+02 
 6.28037132e+07 -1.03772116e+02 
 6.29283237e+07 -1.03905701e+02 
 6.30529343e+07 -1.01950974e+02 
 6.31775448e+07 -1.04152335e+02 
 6.33021554e+07 -1.02062417e+02 
 6.34267659e+07 -1.06623827e+02 
 6.35513764e+07 -1.17666875e+02 
 6.36759870e+07 -1.12303791e+02 
 6.38005975e+07 -1.04873030e+02 
 6.39252081e+07 -9.98702725e+01 
 6.40498186e+07 -1.00187080e+02 
 6.41744292e+07 -1.03715423e+02 
 6.42990397e+07 -1.00368064e+02 
 6.44236502e+07 -9.82092190e+01 
 6.45482608e+07 -1.01578280e+02 
 6.46728713e+07 -1.01828290e+02 
 6.47974819e+07 -9.65713044e+01 
 6.49220924e+07 -9.49383131e+01 
 6.50467030e+07 -9.59996053e+01 
 6.51713135e+07 -9.57841751e+01 
 6.52959240e+07 -9.54022020e+01 
 6.54205346e+07 -9.67574921e+01 
 6.55451451e+07 -9.87822985e+01 
 6.56697557e+07 -9.96118262e+01 
 6.57943662e+07 -1.01141882e+02 
 6.59189767e+07 -1.03899306e+02 
 6.60435873e+07 -1.04361748e+02 
 6.61681978e+07 -1.03296764e+02 
 6.62928084e+07 -1.12225403e+02 
 6.64174189e+07 -1.03025871e+02 
 6.65420295e+07 -1.02637702e+02 
 6.66666400e+07 -1.07451981e+02 
 6.67912505e+07 -1.04689276e+02 
 6.69158611e+07 -1.03223907e+02 
 6.70404716e+07 -1.02056539e+02 
 6.71650822e+07 -1.02991607e+02 
 6.72896927e+07 -1.05116265e+02 
 6.74143033e+07 -1.05177465e+02 
 6.75389138e+07 -1.02937949e+02 
 6.76635243e+07 -1.02630605e+02 
 6.77881349e+07 -1.03005630e+02 
 6.79127454e+07 -1.03878859e+02 
 6.80373560e+07 -1.01552468e+02 
 6.81619665e+07 -9.90779650e+01 
 6.82865770e+07 -9.91197463e+01 
 6.84111876e+07 -1.02133441e+02 
 6.85357981e+07 -1.00068588e+02 
 6.86604087e+07 -9.93773873e+01 
 6.87850192e+07 -1.01793898e+02 
 6.89096298e+07 -1.01077520e+02 
 6.90342403e+07 -9.79890394e+01 
 6.91588508e+07 -9.74511590e+01 
 6.92834614e+07 -9.64568373e+01 
 6.94080719e+07 -9.46146587e+01 
 6.95326825e+07 -9.53009961e+01 
 6.96572930e+07 -9.62731600e+01 
 6.97819036e+07 -9.49011872e+01 
 6.99065141e+07 -9.53087883e+01 
 7.00311246e+07 -9.63139092e+01 
 7.01557352e+07 -9.40970950e+01 
 7.02803457e+07 -9.24130652e+01 
 7.04049563e+07 -9.31783865e+01 
 7.05295668e+07 -9.62177557e+01 
 7.06541773e+07 -9.57347571e+01 
 7.07787879e+07 -9.30128835e+01 
 7.09033984e+07 -9.34815058e+01 
 7.10280090e+07 -9.63302939e+01 
 7.11526195e+07 -9.48882980e+01 
 7.12772301e+07 -9.40656602e+01 
 7.14018406e+07 -9.83823447e+01 
 7.15264511e+07 -1.03779945e+02 
 7.16510617e+07 -9.94681603e+01 
 7.17756722e+07 -9.84595340e+01 
 7.19002828e+07 -1.05598777e+02 
 7.20248933e+07 -1.06240672e+02 
 7.21495039e+07 -1.03013055e+02 
 7.22741144e+07 -1.02669706e+02 
 7.23987249e+07 -1.05326957e+02 
 7.25233355e+07 -1.01080406e+02 
 7.26479460e+07 -9.95057719e+01 
 7.27725566e+07 -1.02942874e+02 
 7.28971671e+07 -1.12628130e+02 
 7.30217776e+07 -1.13292166e+02 
 7.31463882e+07 -1.07086567e+02 
 7.32709987e+07 -1.07435969e+02 
 7.33956093e+07 -1.13314904e+02 
 7.35202198e+07 -1.05585257e+02 
 7.36448304e+07 -1.10630712e+02 
 7.37694409e+07 -1.02311197e+02 
 7.38940514e+07 -1.05489203e+02 
 7.40186620e+07 -1.19432569e+02 
 7.41432725e+07 -1.08681921e+02 
 7.42678831e+07 -9.87809534e+01 
 7.43924936e+07 -9.65995437e+01 
 7.45171041e+07 -9.74103324e+01 
 7.46417147e+07 -9.53824029e+01 
 7.47663252e+07 -9.49835664e+01 
 7.48909358e+07 -9.64895072e+01 
 7.50155463e+07 -9.54580106e+01 
 7.51401569e+07 -9.40481545e+01 
 7.52647674e+07 -9.47004352e+01 
 7.53893779e+07 -9.33061933e+01 
 7.55139885e+07 -9.28318754e+01 
 7.56385990e+07 -9.44772434e+01 
 7.57632096e+07 -9.45513535e+01 
 7.58878201e+07 -9.41337930e+01 
 7.60124307e+07 -9.61070999e+01 
 7.61370412e+07 -9.63470359e+01 
 7.62616517e+07 -9.32120071e+01 
 7.63862623e+07 -9.43071880e+01 
 7.65108728e+07 -9.84550584e+01 
 7.66354834e+07 -9.53243777e+01 
 7.67600939e+07 -9.32202681e+01 
 7.68847044e+07 -9.70640844e+01 
 7.70093150e+07 -1.02434324e+02 
 7.71339255e+07 -1.00670301e+02 
 7.72585361e+07 -9.94609751e+01 
 7.73831466e+07 -1.01624975e+02 
 7.75077572e+07 -1.05759949e+02 
 7.76323677e+07 -1.01029530e+02 
 7.77569782e+07 -9.93605701e+01 
 7.78815888e+07 -9.98812304e+01 
 7.80061993e+07 -9.62518290e+01 
 7.81308099e+07 -9.42897301e+01 
 7.82554204e+07 -9.82932355e+01 
 7.83800310e+07 -9.86752697e+01 
 7.85046415e+07 -9.30490240e+01 
 7.86292520e+07 -9.14980953e+01 
 7.87538626e+07 -9.56863508e+01 
 7.88784731e+07 -9.96527730e+01 
 7.90030837e+07 -9.59807211e+01 
 7.91276942e+07 -9.41673359e+01 
 7.92523047e+07 -9.58348209e+01 
 7.93769153e+07 -9.58215841e+01 
 7.95015258e+07 -9.32572395e+01 
 7.96261364e+07 -9.47223050e+01 
 7.97507469e+07 -1.00659260e+02 
 7.98753575e+07 -1.00374412e+02 
 7.99999680e+07 -9.94671470e+01 
 8.01245785e+07 -1.00738813e+02 
 8.02491891e+07 -1.12025268e+02 
 8.03737996e+07 -1.03460751e+02 
 8.04984102e+07 -1.06768802e+02 
 8.06230207e+07 -9.59236660e+01 
 8.07476313e+07 -9.39835701e+01 
 8.08722418e+07 -9.56821485e+01 
 8.09968523e+07 -1.00117786e+02 
 8.11214629e+07 -9.41697826e+01 
 8.12460734e+07 -9.41885966e+01 
 8.13706840e+07 -1.02917692e+02 
 8.14952945e+07 -9.78686509e+01 
 8.16199050e+07 -8.90405406e+01 
 8.17445156e+07 -8.90056389e+01 
 8.18691261e+07 -9.26481648e+01 
 8.19937367e+07 -9.07105987e+01 
 8.21183472e+07 -8.61924124e+01 
 8.22429578e+07 -8.92100016e+01 
 8.23675683e+07 -9.59335138e+01 
 8.24921788e+07 -9.05800382e+01 
 8.26167894e+07 -8.30534929e+01 
 8.27413999e+07 -8.09321061e+01 
 8.28660105e+07 -8.54941055e+01 
 8.29906210e+07 -8.45404501e+01 
 8.31152316e+07 -7.55172677e+01 
 8.32398421e+07 -7.40065415e+01 
 8.33644526e+07 -7.73807967e+01 
 8.34890632e+07 -7.62112683e+01 
 8.36136737e+07 -6.98495761e+01 
 8.37382843e+07 -7.05774866e+01 
 8.38628948e+07 -8.38355688e+01 
 8.39875053e+07 -7.93817924e+01 
 8.41121159e+07 -7.04204555e+01 
 8.42367264e+07 -7.21906406e+01 
 8.43613370e+07 -8.11036398e+01 
 8.44859475e+07 -8.21044042e+01 
 8.46105581e+07 -7.90372627e+01 
 8.47351686e+07 -8.13500841e+01 
 8.48597791e+07 -9.14087073e+01 
 8.49843897e+07 -9.72767444e+01 
 8.51090002e+07 -9.81799732e+01 
 8.52336108e+07 -1.09605020e+02 
 8.53582213e+07 -9.97943657e+01 
 8.54828319e+07 -9.53320610e+01 
 8.56074424e+07 -8.87795977e+01 
 8.57320529e+07 -8.87867537e+01 
 8.58566635e+07 -9.61922829e+01 
 8.59812740e+07 -9.66997287e+01 
 8.61058846e+07 -9.27285544e+01 
 8.62304951e+07 -9.76018579e+01 
 8.63551056e+07 -1.02850115e+02 
 8.64797162e+07 -1.02859605e+02 
 8.66043267e+07 -1.05384211e+02 
 8.67289373e+07 -1.03877279e+02 
 8.68535478e+07 -1.06253371e+02 
 8.69781584e+07 -1.00167865e+02 
 8.71027689e+07 -1.02212081e+02 
 8.72273794e+07 -1.02199057e+02 
 8.73519900e+07 -1.05511519e+02 
 8.74766005e+07 -1.03158162e+02 
 8.76012111e+07 -1.00415969e+02 
 8.77258216e+07 -1.01608144e+02 
 8.78504321e+07 -1.02009176e+02 
 8.79750427e+07 -9.95493863e+01 
 8.80996532e+07 -1.00268905e+02 
 8.82242638e+07 -9.99256097e+01 
 8.83488743e+07 -9.86602128e+01 
 8.84734849e+07 -9.83554225e+01 
 8.85980954e+07 -9.60886730e+01 
 8.87227059e+07 -9.72169157e+01 
 8.88473165e+07 -1.00352030e+02 
 8.89719270e+07 -9.94038631e+01 
 8.90965376e+07 -9.73846484e+01 
 8.92211481e+07 -9.42645568e+01 
 8.93457587e+07 -9.31190173e+01 
 8.94703692e+07 -9.34367200e+01 
 8.95949797e+07 -9.39997061e+01 
 8.97195903e+07 -9.40426465e+01 
 8.98442008e+07 -9.37986734e+01 
 8.99688114e+07 -9.36168797e+01 
 9.00934219e+07 -9.44018441e+01 
 9.02180324e+07 -9.51392417e+01 
 9.03426430e+07 -9.72778242e+01 
 9.04672535e+07 -1.03496113e+02 
 9.05918641e+07 -1.05183559e+02 
 9.07164746e+07 -1.02237278e+02 
 9.08410852e+07 -1.05535695e+02 
 9.09656957e+07 -1.03898818e+02 
 9.10903062e+07 -9.93137297e+01 
 9.12149168e+07 -9.84038655e+01 
 9.13395273e+07 -9.57720489e+01 
 9.14641379e+07 -9.42127863e+01 
 9.15887484e+07 -9.66099189e+01 
 9.17133590e+07 -9.72542986e+01 
 9.18379695e+07 -9.38143334e+01 
 9.19625800e+07 -9.38827352e+01 
 9.20871906e+07 -9.59790193e+01 
 9.22118011e+07 -9.51527436e+01 
 9.23364117e+07 -9.42488777e+01 
 9.24610222e+07 -9.51393393e+01 
 9.25856327e+07 -9.50830921e+01 
 9.27102433e+07 -9.41547996e+01 
 9.28348538e+07 -9.54763863e+01 
 9.29594644e+07 -9.65050883e+01 
 9.30840749e+07 -9.58849368e+01 
 9.32086855e+07 -9.47131668e+01 
 9.33332960e+07 -9.29033823e+01 
 9.34579065e+07 -9.34935863e+01 
 9.35825171e+07 -9.76398821e+01 
 9.37071276e+07 -9.78649291e+01 
 9.38317382e+07 -9.45439191e+01 
 9.39563487e+07 -9.49033064e+01 
 9.40809593e+07 -9.65066020e+01 
 9.42055698e+07 -9.67255359e+01 
 9.43301803e+07 -9.73007730e+01 
 9.44547909e+07 -1.01157139e+02 
 9.45794014e+07 -1.04667426e+02 
 9.47040120e+07 -1.00080954e+02 
 9.48286225e+07 -9.72099095e+01 
 9.49532330e+07 -9.99357498e+01 
 9.50778436e+07 -1.04028647e+02 
 9.52024541e+07 -1.01346375e+02 
 9.53270647e+07 -1.00080335e+02 
 9.54516752e+07 -1.03770790e+02 
 9.55762858e+07 -1.09698620e+02 
 9.57008963e+07 -1.26561020e+02 
 9.58255068e+07 -1.05595137e+02 
 9.59501174e+07 -1.06031284e+02 
 9.60747279e+07 -1.10209042e+02 
 9.61993385e+07 -1.04327464e+02 
 9.63239490e+07 -1.03771219e+02 
 9.64485596e+07 -1.03096684e+02 
 9.65731701e+07 -1.00842057e+02 
 9.66977806e+07 -1.01023241e+02 
 9.68223912e+07 -9.94764693e+01 
 9.69470017e+07 -9.98750359e+01 
 9.70716123e+07 -1.00109374e+02 
 9.71962228e+07 -9.97297981e+01 
 9.73208333e+07 -9.87446169e+01 
 9.74454439e+07 -9.74281305e+01 
 9.75700544e+07 -9.89705459e+01 
 9.76946650e+07 -9.92039811e+01 
 9.78192755e+07 -9.88139789e+01 
 9.79438861e+07 -1.00875446e+02 
 9.80684966e+07 -1.00033840e+02 
 9.81931071e+07 -9.61530369e+01 
 9.83177177e+07 -9.61103529e+01 
 9.84423282e+07 -9.90612052e+01 
 9.85669388e+07 -9.84815092e+01 
 9.86915493e+07 -9.59594476e+01 
 9.88161599e+07 -9.74157611e+01 
 9.89407704e+07 -9.93341685e+01 
 9.90653809e+07 -9.67855573e+01 
 9.91899915e+07 -9.53723381e+01 
 9.93146020e+07 -9.73092981e+01 
 9.94392126e+07 -1.00510467e+02 
 9.95638231e+07 -9.96002819e+01 
 9.96884336e+07 -1.02385818e+02 
 9.98130442e+07 -1.03983549e+02 
 9.99376547e+07 -1.00451224e+02 
 1.00062265e+08 -1.01862006e+02 
 1.00186876e+08 -1.07129344e+02 
 1.00311486e+08 -1.03764435e+02 
 1.00436097e+08 -1.06184345e+02 
 1.00560707e+08 -1.04386979e+02 
 1.00685318e+08 -1.21663828e+02 
 1.00809929e+08 -1.12859021e+02 
 1.00934539e+08 -1.05828504e+02 
 1.01059150e+08 -1.03653650e+02 
 1.01183760e+08 -1.04847494e+02 
 1.01308371e+08 -1.07329473e+02 
 1.01432981e+08 -1.06121100e+02 
 1.01557592e+08 -1.06179526e+02 
 1.01682202e+08 -1.09410816e+02 
 1.01806813e+08 -1.13145317e+02 
 1.01931423e+08 -1.13307561e+02 
 1.02056034e+08 -1.03368053e+02 
 1.02180644e+08 -1.05555116e+02 
 1.02305255e+08 -1.15593298e+02 
 1.02429866e+08 -1.06668611e+02 
 1.02554476e+08 -9.89241342e+01 
 1.02679087e+08 -9.80540294e+01 
 1.02803697e+08 -9.92197681e+01 
 1.02928308e+08 -1.00382810e+02 
 1.03052918e+08 -1.01605751e+02 
 1.03177529e+08 -1.02151807e+02 
 1.03302139e+08 -1.04500074e+02 
 1.03426750e+08 -1.00636022e+02 
 1.03551360e+08 -9.73630327e+01 
 1.03675971e+08 -9.90674708e+01 
 1.03800582e+08 -1.00747112e+02 
 1.03925192e+08 -1.01015031e+02 
 1.04049803e+08 -9.83640656e+01 
 1.04174413e+08 -9.73550653e+01 
 1.04299024e+08 -1.00050199e+02 
 1.04423634e+08 -1.00978698e+02 
 1.04548245e+08 -9.89517714e+01 
 1.04672855e+08 -9.95018442e+01 
 1.04797466e+08 -1.01692513e+02 
 1.04922076e+08 -1.01111044e+02 
 1.05046687e+08 -9.80119511e+01 
 1.05171297e+08 -1.00744521e+02 
 1.05295908e+08 -1.05997046e+02 
 1.05420519e+08 -1.06231212e+02 
 1.05545129e+08 -1.01843966e+02 
 1.05669740e+08 -1.06103491e+02 
 1.05794350e+08 -1.06717938e+02 
 1.05918961e+08 -1.18748666e+02 
 1.06043571e+08 -1.09890850e+02 
 1.06168182e+08 -1.07962402e+02 
 1.06292792e+08 -1.05558414e+02 
 1.06417403e+08 -1.04299009e+02 
 1.06542013e+08 -1.00909645e+02 
 1.06666624e+08 -1.00237160e+02 
 1.06791235e+08 -1.02771111e+02 
 1.06915845e+08 -1.03889526e+02 
 1.07040456e+08 -9.83670215e+01 
 1.07165066e+08 -9.96136496e+01 
 1.07289677e+08 -1.04402902e+02 
 1.07414287e+08 -1.00657514e+02 
 1.07538898e+08 -9.81544001e+01 
 1.07663508e+08 -1.01723989e+02 
 1.07788119e+08 -1.01085599e+02 
 1.07912729e+08 -9.63737448e+01 
 1.08037340e+08 -9.74527997e+01 
 1.08161951e+08 -1.06647234e+02 
 1.08286561e+08 -1.02638786e+02 
 1.08411172e+08 -9.84175087e+01 
 1.08535782e+08 -1.00206942e+02 
 1.08660393e+08 -1.03272350e+02 
 1.08785003e+08 -9.72105717e+01 
 1.08909614e+08 -9.53687237e+01 
 1.09034224e+08 -9.70773793e+01 
 1.09158835e+08 -9.66772563e+01 
 1.09283445e+08 -9.85805717e+01 
 1.09408056e+08 -1.03640469e+02 
 1.09532666e+08 -1.03711401e+02 
 1.09657277e+08 -1.00294920e+02 
 1.09781888e+08 -9.95520787e+01 
 1.09906498e+08 -1.03770815e+02 
 1.10031109e+08 -1.06465798e+02 
 1.10155719e+08 -1.06966614e+02 
 1.10280330e+08 -1.00753758e+02 
 1.10404940e+08 -1.07037707e+02 
 1.10529551e+08 -9.69857250e+01 
 1.10654161e+08 -9.15643581e+01 
 1.10778772e+08 -9.25393618e+01 
 1.10903382e+08 -9.40987860e+01 
 1.11027993e+08 -9.00947425e+01 
 1.11152604e+08 -8.72163170e+01 
 1.11277214e+08 -8.81086129e+01 
 1.11401825e+08 -8.87204648e+01 
 1.11526435e+08 -8.59083224e+01 
 1.11651046e+08 -8.61330841e+01 
 1.11775656e+08 -8.87595288e+01 
 1.11900267e+08 -8.65376065e+01 
 1.12024877e+08 -8.29270045e+01 
 1.12149488e+08 -8.38517674e+01 
 1.12274098e+08 -8.58612434e+01 
 1.12398709e+08 -8.66821648e+01 
 1.12523319e+08 -8.78570862e+01 
 1.12647930e+08 -9.10834073e+01 
 1.12772541e+08 -9.29925100e+01 
 1.12897151e+08 -9.16137233e+01 
 1.13021762e+08 -9.31074774e+01 
 1.13146372e+08 -9.31062648e+01 
 1.13270983e+08 -9.31720105e+01 
 1.13395593e+08 -9.54378815e+01 
 1.13520204e+08 -1.03617153e+02 
 1.13644814e+08 -1.04665625e+02 
 1.13769425e+08 -9.77325471e+01 
 1.13894035e+08 -1.05318164e+02 
 1.14018646e+08 -1.13083605e+02 
 1.14143257e+08 -1.12384031e+02 
 1.14267867e+08 -1.16218645e+02 
 1.14392478e+08 -1.12476614e+02 
 1.14517088e+08 -1.04509187e+02 
 1.14641699e+08 -1.02913735e+02 
 1.14766309e+08 -1.04804908e+02 
 1.14890920e+08 -1.00867774e+02 
 1.15015530e+08 -1.00626656e+02 
 1.15140141e+08 -9.92603551e+01 
 1.15264751e+08 -1.00267830e+02 
 1.15389362e+08 -1.02873641e+02 
 1.15513972e+08 -9.96683038e+01 
 1.15638583e+08 -9.99278693e+01 
 1.15763194e+08 -1.03073459e+02 
 1.15887804e+08 -1.01367627e+02 
 1.16012415e+08 -9.94460890e+01 
 1.16137025e+08 -9.93140935e+01 
 1.16261636e+08 -9.88286815e+01 
 1.16386246e+08 -9.84583496e+01 
 1.16510857e+08 -9.93984701e+01 
 1.16635467e+08 -1.02467606e+02 
 1.16760078e+08 -1.03365922e+02 
 1.16884688e+08 -1.05582837e+02 
 1.17009299e+08 -1.24281340e+02 
 1.17133910e+08 -1.10536467e+02 
 1.17258520e+08 -1.09351563e+02 
 1.17383131e+08 -1.13122811e+02 
 1.17507741e+08 -1.09224381e+02 
 1.17632352e+08 -1.02914003e+02 
 1.17756962e+08 -1.03891988e+02 
 1.17881573e+08 -1.08081690e+02 
 1.18006183e+08 -1.03164629e+02 
 1.18130794e+08 -1.01684030e+02 
 1.18255404e+08 -1.04469491e+02 
 1.18380015e+08 -1.05323677e+02 
 1.18504625e+08 -1.03739413e+02 
 1.18629236e+08 -1.09177103e+02 
 1.18753847e+08 -1.10783857e+02 
 1.18878457e+08 -1.06091920e+02 
 1.19003068e+08 -1.00040727e+02 
 1.19127678e+08 -1.01133823e+02 
 1.19252289e+08 -9.99207491e+01 
 1.19376899e+08 -1.02187428e+02 
 1.19501510e+08 -1.04944973e+02 
 1.19626120e+08 -9.89057485e+01 
 1.19750731e+08 -9.65744922e+01 
 1.19875341e+08 -9.82195600e+01 
 1.19999952e+08 -9.97892947e+01 
 1.20124563e+08 -9.88524448e+01 
 1.20249173e+08 -9.80055934e+01 
 1.20373784e+08 -9.92634166e+01 
 1.20498394e+08 -9.89994897e+01 
 1.20623005e+08 -9.57821298e+01 
 1.20747615e+08 -9.49932506e+01 
 1.20872226e+08 -9.72550907e+01 
 1.20996836e+08 -9.96501077e+01 
 1.21121447e+08 -9.87934178e+01 
 1.21246057e+08 -9.90434024e+01 
 1.21370668e+08 -1.01661465e+02 
 1.21495279e+08 -1.00441822e+02 
 1.21619889e+08 -9.96821547e+01 
 1.21744500e+08 -1.00879081e+02 
 1.21869110e+08 -1.03507393e+02 
 1.21993721e+08 -1.03824344e+02 
 1.22118331e+08 -1.05594318e+02 
 1.22242942e+08 -1.07294733e+02 
 1.22367552e+08 -1.12780447e+02 
 1.22492163e+08 -1.17504399e+02 
 1.22616773e+08 -1.18376136e+02 
 1.22741384e+08 -1.21662413e+02 
 1.22865994e+08 -1.15363101e+02 
 1.22990605e+08 -1.11607049e+02 
 1.23115216e+08 -1.12763504e+02 
 1.23239826e+08 -1.04896711e+02 
 1.23364437e+08 -1.05579600e+02 
 1.23489047e+08 -1.08781956e+02 
 1.23613658e+08 -1.06405809e+02 
 1.23738268e+08 -1.04118477e+02 
 1.23862879e+08 -1.04224273e+02 
 1.23987489e+08 -1.03638032e+02 
 1.24112100e+08 -1.04858974e+02 
 1.24236710e+08 -1.01962239e+02 
 1.24361321e+08 -1.02456669e+02 
 1.24485932e+08 -1.05756556e+02 
 1.24610542e+08 -1.03797024e+02 
 1.24735153e+08 -9.79921202e+01 
 1.24859763e+08 -9.85743019e+01 
 1.24984374e+08 -9.83160161e+01 
 1.25108984e+08 -9.46249616e+01 
 1.25233595e+08 -9.36581268e+01 
 1.25358205e+08 -9.58803706e+01 
 1.25482816e+08 -9.63652056e+01 
 1.25607426e+08 -9.55173321e+01 
 1.25732037e+08 -9.61793012e+01 
 1.25856647e+08 -9.68744904e+01 
 1.25981258e+08 -9.70140323e+01 
 1.26105869e+08 -9.57398606e+01 
 1.26230479e+08 -9.56668766e+01 
 1.26355090e+08 -9.70280004e+01 
 1.26479700e+08 -9.68782549e+01 
 1.26604311e+08 -9.53870208e+01 
 1.26728921e+08 -9.61358425e+01 
 1.26853532e+08 -9.60551545e+01 
 1.26978142e+08 -9.52355647e+01 
 1.27102753e+08 -9.61855881e+01 
 1.27227363e+08 -9.87516341e+01 
 1.27351974e+08 -1.01891845e+02 
 1.27476585e+08 -1.00400985e+02 
 1.27601195e+08 -9.93903634e+01 
 1.27725806e+08 -1.00628915e+02 
 1.27850416e+08 -1.02225051e+02 
 1.27975027e+08 -1.02506367e+02 
 1.28099637e+08 -1.06474315e+02 
 1.28224248e+08 -1.12381544e+02 
 1.28348858e+08 -1.05241114e+02 
 1.28473469e+08 -1.01406014e+02 
 1.28598079e+08 -1.04683827e+02 
 1.28722690e+08 -1.04873292e+02 
 1.28847300e+08 -1.07078553e+02 
 1.28971911e+08 -1.14326656e+02 
 1.29096522e+08 -1.07615308e+02 
 1.29221132e+08 -1.03274700e+02 
 1.29345743e+08 -1.03292678e+02 
 1.29470353e+08 -9.85496575e+01 
 1.29594964e+08 -9.88479912e+01 
 1.29719574e+08 -1.05754056e+02 
 1.29844185e+08 -1.07486318e+02 
 1.29968795e+08 -1.00027591e+02 
 1.30093406e+08 -9.68001372e+01 
 1.30218016e+08 -9.72855322e+01 
 1.30342627e+08 -9.63764908e+01 
 1.30467238e+08 -9.42498342e+01 
 1.30591848e+08 -9.48459792e+01 
 1.30716459e+08 -9.60585572e+01 
 1.30841069e+08 -9.39670604e+01 
 1.30965680e+08 -9.22858100e+01 
 1.31090290e+08 -9.39365928e+01 
 1.31214901e+08 -9.50815432e+01 
 1.31339511e+08 -9.47270724e+01 
 1.31464122e+08 -9.36210753e+01 
 1.31588732e+08 -9.25077037e+01 
 1.31713343e+08 -9.29811307e+01 
 1.31837953e+08 -9.45982643e+01 
 1.31962564e+08 -9.44108115e+01 
 1.32087175e+08 -9.32409907e+01 
 1.32211785e+08 -9.45127848e+01 
 1.32336396e+08 -9.55780250e+01 
 1.32461006e+08 -9.35521524e+01 
 1.32585617e+08 -9.46059743e+01 
 1.32710227e+08 -9.77420214e+01 
 1.32834838e+08 -9.56608828e+01 
 1.32959448e+08 -9.43941732e+01 
 1.33084059e+08 -9.53277490e+01 
 1.33208669e+08 -9.84389387e+01 
 1.33333280e+08 -1.03244787e+02 
 1.33457891e+08 -1.02990366e+02 
 1.33582501e+08 -9.94749107e+01 
 1.33707112e+08 -9.81894481e+01 
 1.33831722e+08 -9.70375021e+01 
 1.33956333e+08 -9.71018900e+01 
 1.34080943e+08 -9.81938200e+01 
 1.34205554e+08 -9.54158553e+01 
 1.34330164e+08 -9.20528317e+01 
 1.34454775e+08 -9.17135406e+01 
 1.34579385e+08 -9.38021342e+01 
 1.34703996e+08 -9.44700834e+01 
 1.34828607e+08 -9.44646132e+01 
 1.34953217e+08 -9.64179581e+01 
 1.35077828e+08 -9.74389420e+01 
 1.35202438e+08 -9.63379808e+01 
 1.35327049e+08 -9.68659192e+01 
 1.35451659e+08 -1.01315512e+02 
 1.35576270e+08 -1.07250740e+02 
 1.35700880e+08 -1.01716143e+02 
 1.35825491e+08 -1.03367229e+02 
 1.35950101e+08 -1.06391320e+02 
 1.36074712e+08 -1.02390053e+02 
 1.36199322e+08 -1.03304375e+02 
 1.36323933e+08 -1.03540887e+02 
 1.36448544e+08 -9.84136795e+01 
 1.36573154e+08 -9.63780114e+01 
 1.36697765e+08 -9.73856014e+01 
 1.36822375e+08 -9.60673387e+01 
 1.36946986e+08 -9.47659464e+01 
 1.37071596e+08 -9.73943897e+01 
 1.37196207e+08 -9.99644480e+01 
 1.37320817e+08 -9.88622336e+01 
 1.37445428e+08 -9.82372679e+01 
 1.37570038e+08 -9.91019416e+01 
 1.37694649e+08 -9.57072668e+01 
 1.37819260e+08 -9.18686220e+01 
 1.37943870e+08 -9.20451668e+01 
 1.38068481e+08 -9.65079053e+01 
 1.38193091e+08 -9.38425877e+01 
 1.38317702e+08 -9.29630935e+01 
 1.38442312e+08 -9.55334770e+01 
 1.38566923e+08 -9.94175894e+01 
 1.38691533e+08 -1.04317062e+02 
 1.38816144e+08 -9.05550010e+01 
 1.38940754e+08 -8.56108748e+01 
 1.39065365e+08 -8.44426119e+01 
 1.39189975e+08 -8.49712204e+01 
 1.39314586e+08 -8.11214382e+01 
 1.39439197e+08 -7.72651886e+01 
 1.39563807e+08 -7.81217016e+01 
 1.39688418e+08 -7.91400310e+01 
 1.39813028e+08 -8.26523234e+01 
 1.39937639e+08 -8.33346245e+01 
 1.40062249e+08 -8.86738941e+01 
