 frequency       v(inoise_spectrum) v(onoise_spectrum)
 1.00000000e+00  3.48692781e-05  3.38077355e-05 
 1.02305973e+00  3.43959910e-05  3.33488568e-05 
 1.04665121e+00  3.39291322e-05  3.28962108e-05 
 1.07078670e+00  3.34686144e-05  3.24497129e-05 
 1.09547876e+00  3.30143516e-05  3.20092794e-05 
 1.12074020e+00  3.25662588e-05  3.15748281e-05 
 1.14658417e+00  3.21242521e-05  3.11462777e-05 
 1.17302409e+00  3.16882490e-05  3.07235480e-05 
 1.20007371e+00  3.12581679e-05  3.03065601e-05 
 1.22774708e+00  3.08339284e-05  2.98952359e-05 
 1.25605860e+00  3.04154511e-05  2.94894985e-05 
 1.28502297e+00  3.00026578e-05  2.90892721e-05 
 1.31465525e+00  2.95954713e-05  2.86944817e-05 
 1.34497085e+00  2.91938154e-05  2.83050536e-05 
 1.37598551e+00  2.87976150e-05  2.79209150e-05 
 1.40771537e+00  2.84067961e-05  2.75419940e-05 
 1.44017690e+00  2.80212856e-05  2.71682198e-05 
 1.47338699e+00  2.76410113e-05  2.67995224e-05 
 1.50736290e+00  2.72659022e-05  2.64358329e-05 
 1.54212228e+00  2.68958881e-05  2.60770833e-05 
 1.57768320e+00  2.65308999e-05  2.57232066e-05 
 1.61406415e+00  2.61708692e-05  2.53741365e-05 
 1.65128404e+00  2.58157288e-05  2.50298078e-05 
 1.68936220e+00  2.54654122e-05  2.46901561e-05 
 1.72831844e+00  2.51198540e-05  2.43551179e-05 
 1.76817299e+00  2.47789895e-05  2.40246305e-05 
 1.80894658e+00  2.44427550e-05  2.36986321e-05 
 1.85066040e+00  2.41110875e-05  2.33770618e-05 
 1.89333613e+00  2.37839252e-05  2.30598595e-05 
 1.93699595e+00  2.34612068e-05  2.27469657e-05 
 1.98166255e+00  2.31428720e-05  2.24383221e-05 
 2.02735916e+00  2.28288613e-05  2.21338710e-05 
 2.07410951e+00  2.25191158e-05  2.18335553e-05 
 2.12193792e+00  2.22135778e-05  2.15373189e-05 
 2.17086923e+00  2.19121901e-05  2.12451065e-05 
 2.22092889e+00  2.16148963e-05  2.09568634e-05 
 2.27214291e+00  2.13216409e-05  2.06725357e-05 
 2.32453791e+00  2.10323690e-05  2.03920702e-05 
 2.37814113e+00  2.07470265e-05  2.01154146e-05 
 2.43298042e+00  2.04655601e-05  1.98425170e-05 
 2.48908429e+00  2.01879171e-05  1.95733264e-05 
 2.54648190e+00  1.99140457e-05  1.93077926e-05 
 2.60520309e+00  1.96438946e-05  1.90458658e-05 
 2.66527837e+00  1.93774133e-05  1.87874972e-05 
 2.72673897e+00  1.91145520e-05  1.85326383e-05 
 2.78961683e+00  1.88552616e-05  1.82812416e-05 
 2.85394464e+00  1.85994935e-05  1.80332599e-05 
 2.91975583e+00  1.83472000e-05  1.77886471e-05 
 2.98708461e+00  1.80983338e-05  1.75473573e-05 
 3.05596598e+00  1.78528485e-05  1.73093454e-05 
 3.12643573e+00  1.76106981e-05  1.70745669e-05 
 3.19853049e+00  1.73718374e-05  1.68429780e-05 
 3.27228774e+00  1.71362217e-05  1.66145352e-05 
 3.34774581e+00  1.69038069e-05  1.63891960e-05 
 3.42494392e+00  1.66745497e-05  1.61669182e-05 
 3.50392221e+00  1.64484071e-05  1.59476601e-05 
 3.58472171e+00  1.62253369e-05  1.57313810e-05 
 3.66738442e+00  1.60052973e-05  1.55180402e-05 
 3.75195331e+00  1.57882473e-05  1.53075979e-05 
 3.83847234e+00  1.55741462e-05  1.51000148e-05 
 3.92698648e+00  1.53629540e-05  1.48952520e-05 
 4.01754173e+00  1.51546313e-05  1.46932714e-05 
 4.11018515e+00  1.49491390e-05  1.44940350e-05 
 4.20496491e+00  1.47464388e-05  1.42975057e-05 
 4.30193027e+00  1.45464928e-05  1.41036468e-05 
 4.40113162e+00  1.43492636e-05  1.39124219e-05 
 4.50262052e+00  1.41547143e-05  1.37237953e-05 
 4.60644974e+00  1.39628085e-05  1.35377319e-05 
 4.71267322e+00  1.37735104e-05  1.33541967e-05 
 4.82134619e+00  1.35867847e-05  1.31731555e-05 
 4.93252513e+00  1.34025962e-05  1.29945744e-05 
 5.04626783e+00  1.32209108e-05  1.28184201e-05 
 5.16263340e+00  1.30416943e-05  1.26446595e-05 
 5.28168234e+00  1.28649133e-05  1.24732604e-05 
 5.40347650e+00  1.26905347e-05  1.23041905e-05 
 5.52807921e+00  1.25185259e-05  1.21374183e-05 
 5.65555523e+00  1.23488549e-05  1.19729126e-05 
 5.78597080e+00  1.21814897e-05  1.18106426e-05 
 5.91939372e+00  1.20163993e-05  1.16505781e-05 
 6.05589334e+00  1.18535527e-05  1.14926891e-05 
 6.19554061e+00  1.16929194e-05  1.13369461e-05 
 6.33840810e+00  1.15344695e-05  1.11833200e-05 
 6.48457008e+00  1.13781733e-05  1.10317820e-05 
 6.63410251e+00  1.12240017e-05  1.08823038e-05 
 6.78708313e+00  1.10719257e-05  1.07348576e-05 
 6.94359143e+00  1.09219169e-05  1.05894156e-05 
 7.10370877e+00  1.07739474e-05  1.04459508e-05 
 7.26751838e+00  1.06279895e-05  1.03044364e-05 
 7.43510539e+00  1.04840158e-05  1.01648458e-05 
 7.60655691e+00  1.03419995e-05  1.00271529e-05 
 7.78196206e+00  1.02019141e-05  9.89133216e-06 
 7.96141200e+00  1.00637332e-05  9.75735804e-06 
 8.14500001e+00  9.92743121e-06  9.62520552e-06 
 8.33282151e+00  9.79298252e-06  9.49484992e-06 
 8.52497412e+00  9.66036204e-06  9.36626687e-06 
 8.72155772e+00  9.52954497e-06  9.23943233e-06 
 8.92267449e+00  9.40050686e-06  9.11432259e-06 
 9.12842895e+00  9.27322359e-06  8.99091427e-06 
 9.33892805e+00  9.14767138e-06  8.86918431e-06 
 9.55428121e+00  9.02382676e-06  8.74910995e-06 
 9.77460036e+00  8.90166658e-06  8.63066875e-06 
 1.00000000e+01  8.78116800e-06  8.51383857e-06 
 1.02305973e+01  8.66230851e-06  8.39859758e-06 
 1.04665121e+01  8.54506590e-06  8.28492424e-06 
 1.07078670e+01  8.42941824e-06  8.17279730e-06 
 1.09547876e+01  8.31534392e-06  8.06219580e-06 
 1.12074020e+01  8.20282163e-06  7.95309908e-06 
 1.14658417e+01  8.09183033e-06  7.84548674e-06 
 1.17302409e+01  7.98234928e-06  7.73933868e-06 
 1.20007371e+01  7.87435802e-06  7.63463505e-06 
 1.22774708e+01  7.76783636e-06  7.53135628e-06 
 1.25605860e+01  7.66276440e-06  7.42948308e-06 
 1.28502297e+01  7.55912250e-06  7.32899641e-06 
 1.31465525e+01  7.45689130e-06  7.22987748e-06 
 1.34497085e+01  7.35605168e-06  7.13210777e-06 
 1.37598551e+01  7.25658480e-06  7.03566901e-06 
 1.40771537e+01  7.15847207e-06  6.94054317e-06 
 1.44017690e+01  7.06169516e-06  6.84671249e-06 
 1.47338699e+01  6.96623597e-06  6.75415941e-06 
 1.50736290e+01  6.87207668e-06  6.66286666e-06 
 1.54212228e+01  6.77919968e-06  6.57281716e-06 
 1.57768320e+01  6.68758762e-06  6.48399409e-06 
 1.61406415e+01  6.59722338e-06  6.39638086e-06 
 1.65128404e+01  6.50809007e-06  6.30996107e-06 
 1.68936220e+01  6.42017103e-06  6.22471860e-06 
 1.72831844e+01  6.33344984e-06  6.14063750e-06 
 1.76817299e+01  6.24791029e-06  6.05770207e-06 
 1.80894658e+01  6.16353639e-06  5.97589681e-06 
 1.85066040e+01  6.08031237e-06  5.89520643e-06 
 1.89333613e+01  5.99822270e-06  5.81561585e-06 
 1.93699595e+01  5.91725202e-06  5.73711020e-06 
 1.98166255e+01  5.83738520e-06  5.65967481e-06 
 2.02735916e+01  5.75860733e-06  5.58329520e-06 
 2.07410951e+01  5.68090367e-06  5.50795712e-06 
 2.12193792e+01  5.60425972e-06  5.43364648e-06 
 2.17086923e+01  5.52866115e-06  5.36034939e-06 
 2.22092889e+01  5.45409383e-06  5.28805216e-06 
 2.27214291e+01  5.38054383e-06  5.21674128e-06 
 2.32453791e+01  5.30799740e-06  5.14640342e-06 
 2.37814113e+01  5.23644100e-06  5.07702544e-06 
 2.43298042e+01  5.16586124e-06  5.00859438e-06 
 2.48908429e+01  5.09624495e-06  4.94109745e-06 
 2.54648190e+01  5.02757911e-06  4.87452204e-06 
 2.60520309e+01  4.95985090e-06  4.80885571e-06 
 2.66527837e+01  4.89304765e-06  4.74408619e-06 
 2.72673897e+01  4.82715689e-06  4.68020137e-06 
 2.78961683e+01  4.76216630e-06  4.61718933e-06 
 2.85394464e+01  4.69806375e-06  4.55503828e-06 
 2.91975583e+01  4.63483724e-06  4.49373661e-06 
 2.98708461e+01  4.57247498e-06  4.43327287e-06 
 3.05596598e+01  4.51096531e-06  4.37363577e-06 
 3.12643573e+01  4.45029673e-06  4.31481415e-06 
 3.19853049e+01  4.39045791e-06  4.25679703e-06 
 3.27228774e+01  4.33143766e-06  4.19957357e-06 
 3.34774581e+01  4.27322497e-06  4.14313308e-06 
 3.42494392e+01  4.21580895e-06  4.08746500e-06 
 3.50392221e+01  4.15917888e-06  4.03255895e-06 
 3.58472171e+01  4.10332417e-06  3.97840465e-06 
 3.66738442e+01  4.04823439e-06  3.92499200e-06 
 3.75195331e+01  3.99389924e-06  3.87231100e-06 
 3.83847234e+01  3.94030857e-06  3.82035182e-06 
 3.92698648e+01  3.88745238e-06  3.76910475e-06 
 4.01754173e+01  3.83532077e-06  3.71856022e-06 
 4.11018515e+01  3.78390402e-06  3.66870877e-06 
 4.20496491e+01  3.73319251e-06  3.61954110e-06 
 4.30193027e+01  3.68317677e-06  3.57104801e-06 
 4.40113162e+01  3.63384746e-06  3.52322045e-06 
 4.50262052e+01  3.58519534e-06  3.47604948e-06 
 4.60644974e+01  3.53721134e-06  3.42952628e-06 
 4.71267322e+01  3.48988649e-06  3.38364217e-06 
 4.82134619e+01  3.44321195e-06  3.33838856e-06 
 4.93252513e+01  3.39717898e-06  3.29375700e-06 
 5.04626783e+01  3.35177900e-06  3.24973915e-06 
 5.16263340e+01  3.30700351e-06  3.20632678e-06 
 5.28168234e+01  3.26284415e-06  3.16351179e-06 
 5.40347650e+01  3.21929267e-06  3.12128616e-06 
 5.52807921e+01  3.17634092e-06  3.07964202e-06 
 5.65555523e+01  3.13398088e-06  3.03857156e-06 
 5.78597080e+01  3.09220463e-06  2.99806713e-06 
 5.91939372e+01  3.05100437e-06  2.95812115e-06 
 6.05589334e+01  3.01037239e-06  2.91872615e-06 
 6.19554061e+01  2.97030110e-06  2.87987478e-06 
 6.33840810e+01  2.93078301e-06  2.84155976e-06 
 6.48457008e+01  2.89181074e-06  2.80377393e-06 
 6.63410251e+01  2.85337699e-06  2.76651024e-06 
 6.78708313e+01  2.81547458e-06  2.72976171e-06 
 6.94359143e+01  2.77809642e-06  2.69352148e-06 
 7.10370877e+01  2.74123554e-06  2.65778277e-06 
 7.26751838e+01  2.70488503e-06  2.62253890e-06 
 7.43510539e+01  2.66903810e-06  2.58778327e-06 
 7.60655691e+01  2.63368804e-06  2.55350940e-06 
 7.78196206e+01  2.59882825e-06  2.51971086e-06 
 7.96141200e+01  2.56445221e-06  2.48638135e-06 
 8.14500001e+01  2.53055348e-06  2.45351461e-06 
 8.33282151e+01  2.49712573e-06  2.42110452e-06 
 8.52497412e+01  2.46416270e-06  2.38914500e-06 
 8.72155772e+01  2.43165823e-06  2.35763008e-06 
 8.92267449e+01  2.39960623e-06  2.32655386e-06 
 9.12842895e+01  2.36800071e-06  2.29591052e-06 
 9.33892805e+01  2.33683575e-06  2.26569434e-06 
 9.55428121e+01  2.30610553e-06  2.23589964e-06 
 9.77460036e+01  2.27580428e-06  2.20652087e-06 
 1.00000000e+02  2.24592634e-06  2.17755252e-06 
 1.02305973e+02  2.21646610e-06  2.14898916e-06 
 1.04665121e+02  2.18741807e-06  2.12082545e-06 
 1.07078670e+02  2.15877679e-06  2.09305611e-06 
 1.09547876e+02  2.13053690e-06  2.06567595e-06 
 1.12074020e+02  2.10269311e-06  2.03867982e-06 
 1.14658417e+02  2.07524021e-06  2.01206268e-06 
 1.17302409e+02  2.04817304e-06  1.98581954e-06 
 1.20007371e+02  2.02148654e-06  1.95994547e-06 
 1.22774708e+02  1.99517570e-06  1.93443562e-06 
 1.25605860e+02  1.96923559e-06  1.90928522e-06 
 1.28502297e+02  1.94366135e-06  1.88448954e-06 
 1.31465525e+02  1.91844816e-06  1.86004394e-06 
 1.34497085e+02  1.89359131e-06  1.83594382e-06 
 1.37598551e+02  1.86908613e-06  1.81218467e-06 
 1.40771537e+02  1.84492802e-06  1.78876201e-06 
 1.44017690e+02  1.82111243e-06  1.76567145e-06 
 1.47338699e+02  1.79763490e-06  1.74290866e-06 
 1.50736290e+02  1.77449101e-06  1.72046936e-06 
 1.54212228e+02  1.75167642e-06  1.69834932e-06 
 1.57768320e+02  1.72918682e-06  1.67654439e-06 
 1.61406415e+02  1.70701799e-06  1.65505046e-06 
 1.65128404e+02  1.68516576e-06  1.63386349e-06 
 1.68936220e+02  1.66362602e-06  1.61297949e-06 
 1.72831844e+02  1.64239469e-06  1.59239452e-06 
 1.76817299e+02  1.62146779e-06  1.57210471e-06 
 1.80894658e+02  1.60084137e-06  1.55210623e-06 
 1.85066040e+02  1.58051153e-06  1.53239530e-06 
 1.89333613e+02  1.56047443e-06  1.51296821e-06 
 1.93699595e+02  1.54072630e-06  1.49382128e-06 
 1.98166255e+02  1.52126340e-06  1.47495090e-06 
 2.02735916e+02  1.50208205e-06  1.45635350e-06 
 2.07410951e+02  1.48317862e-06  1.43802556e-06 
 2.12193792e+02  1.46454952e-06  1.41996360e-06 
 2.17086923e+02  1.44619124e-06  1.40216421e-06 
 2.22092889e+02  1.42810028e-06  1.38462400e-06 
 2.27214291e+02  1.41027321e-06  1.36733966e-06 
 2.32453791e+02  1.39270665e-06  1.35030788e-06 
 2.37814113e+02  1.37539725e-06  1.33352545e-06 
 2.43298042e+02  1.35834172e-06  1.31698915e-06 
 2.48908429e+02  1.34153681e-06  1.30069585e-06 
 2.54648190e+02  1.32497932e-06  1.28464243e-06 
 2.60520309e+02  1.30866608e-06  1.26882582e-06 
 2.66527837e+02  1.29259397e-06  1.25324301e-06 
 2.72673897e+02  1.27675993e-06  1.23789102e-06 
 2.78961683e+02  1.26116091e-06  1.22276689e-06 
 2.85394464e+02  1.24579392e-06  1.20786773e-06 
 2.91975583e+02  1.23065602e-06  1.19319068e-06 
 2.98708461e+02  1.21574428e-06  1.17873291e-06 
 3.05596598e+02  1.20105583e-06  1.16449164e-06 
 3.12643573e+02  1.18658784e-06  1.15046411e-06 
 3.19853049e+02  1.17233752e-06  1.13664762e-06 
 3.27228774e+02  1.15830209e-06  1.12303949e-06 
 3.34774581e+02  1.14447885e-06  1.10963707e-06 
 3.42494392e+02  1.13086509e-06  1.09643778e-06 
 3.50392221e+02  1.11745818e-06  1.08343903e-06 
 3.58472171e+02  1.10425550e-06  1.07063828e-06 
 3.66738442e+02  1.09125446e-06  1.05803304e-06 
 3.75195331e+02  1.07845251e-06  1.04562084e-06 
 3.83847234e+02  1.06584714e-06  1.03339923e-06 
 3.92698648e+02  1.05343588e-06  1.02136581e-06 
 4.01754173e+02  1.04121626e-06  1.00951821e-06 
 4.11018515e+02  1.02918587e-06  9.97854075e-07 
 4.20496491e+02  1.01734233e-06  9.86371096e-07 
 4.30193027e+02  1.00568326e-06  9.75066986e-07 
 4.40113162e+02  9.94206363e-07  9.63939489e-07 
 4.50262052e+02  9.82909321e-07  9.52986378e-07 
 4.60644974e+02  9.71789871e-07  9.42205451e-07 
 4.71267322e+02  9.60845771e-07  9.31594537e-07 
 4.82134619e+02  9.50074809e-07  9.21151490e-07 
 4.93252513e+02  9.39474799e-07  9.10874191e-07 
 5.04626783e+02  9.29043582e-07  9.00760546e-07 
 5.16263340e+02  9.18779025e-07  8.90808489e-07 
 5.28168234e+02  9.08679021e-07  8.81015975e-07 
 5.40347650e+02  8.98741488e-07  8.71380986e-07 
 5.52807921e+02  8.88964369e-07  8.61901529e-07 
 5.65555523e+02  8.79345632e-07  8.52575632e-07 
 5.78597080e+02  8.69883268e-07  8.43401347e-07 
 5.91939372e+02  8.60575290e-07  8.34376750e-07 
 6.05589334e+02  8.51419737e-07  8.25499937e-07 
 6.19554061e+02  8.42414668e-07  8.16769028e-07 
 6.33840810e+02  8.33558164e-07  8.08182161e-07 
 6.48457008e+02  8.24848329e-07  7.99737499e-07 
 6.63410251e+02  8.16283287e-07  7.91433223e-07 
 6.78708313e+02  8.07861183e-07  7.83267533e-07 
 6.94359143e+02  7.99580182e-07  7.75238652e-07 
 7.10370877e+02  7.91438469e-07  7.67344818e-07 
 7.26751838e+02  7.83434249e-07  7.59584293e-07 
 7.43510539e+02  7.75565746e-07  7.51955353e-07 
 7.60655691e+02  7.67831200e-07  7.44456293e-07 
 7.78196206e+02  7.60228873e-07  7.37085428e-07 
 7.96141200e+02  7.52757044e-07  7.29841088e-07 
 8.14500001e+02  7.45414007e-07  7.22721621e-07 
 8.33282151e+02  7.38198076e-07  7.15725390e-07 
 8.52497412e+02  7.31107580e-07  7.08850778e-07 
 8.72155772e+02  7.24140867e-07  7.02096180e-07 
 8.92267449e+02  7.17296298e-07  6.95460009e-07 
 9.12842895e+02  7.10572252e-07  6.88940693e-07 
 9.33892805e+02  7.03967122e-07  6.82536674e-07 
 9.55428121e+02  6.97479319e-07  6.76246411e-07 
 9.77460036e+02  6.91107265e-07  6.70068374e-07 
 1.00000000e+03  6.84849401e-07  6.64001052e-07 
 1.02305973e+03  6.78704178e-07  6.58042943e-07 
 1.04665121e+03  6.72670065e-07  6.52192563e-07 
 1.07078670e+03  6.66745542e-07  6.46448438e-07 
 1.09547876e+03  6.60929105e-07  6.40809109e-07 
 1.12074020e+03  6.55219262e-07  6.35273131e-07 
 1.14658417e+03  6.49614534e-07  6.29839070e-07 
 1.17302409e+03  6.44113457e-07  6.24505505e-07 
 1.20007371e+03  6.38714577e-07  6.19271028e-07 
 1.22774708e+03  6.33416455e-07  6.14134243e-07 
 1.25605860e+03  6.28217663e-07  6.09093766e-07 
 1.28502297e+03  6.23116786e-07  6.04148225e-07 
 1.31465525e+03  6.18112422e-07  5.99296261e-07 
 1.34497085e+03  6.13203179e-07  5.94536524e-07 
 1.37598551e+03  6.08387679e-07  5.89867677e-07 
 1.40771537e+03  6.03664553e-07  5.85288396e-07 
 1.44017690e+03  5.99032447e-07  5.80797366e-07 
 1.47338699e+03  5.94490017e-07  5.76393283e-07 
 1.50736290e+03  5.90035929e-07  5.72074856e-07 
 1.54212228e+03  5.85668863e-07  5.67840805e-07 
 1.57768320e+03  5.81387509e-07  5.63689858e-07 
 1.61406415e+03  5.77190568e-07  5.59620758e-07 
 1.65128404e+03  5.73076753e-07  5.55632255e-07 
 1.68936220e+03  5.69044787e-07  5.51723113e-07 
 1.72831844e+03  5.65093405e-07  5.47892105e-07 
 1.76817299e+03  5.61221353e-07  5.44138016e-07 
 1.80894658e+03  5.57427388e-07  5.40459639e-07 
 1.85066040e+03  5.53710277e-07  5.36855782e-07 
 1.89333613e+03  5.50068801e-07  5.33325259e-07 
 1.93699595e+03  5.46501748e-07  5.29866899e-07 
 1.98166255e+03  5.43007921e-07  5.26479538e-07 
 2.02735916e+03  5.39586130e-07  5.23162026e-07 
 2.07410951e+03  5.36235200e-07  5.19913222e-07 
 2.12193792e+03  5.32953964e-07  5.16731995e-07 
 2.17086923e+03  5.29741268e-07  5.13617226e-07 
 2.22092889e+03  5.26595969e-07  5.10567807e-07 
 2.27214291e+03  5.23516933e-07  5.07582640e-07 
 2.32453791e+03  5.20503040e-07  5.04660638e-07 
 2.37814113e+03  5.17553181e-07  5.01800727e-07 
 2.43298042e+03  5.14666256e-07  4.99001840e-07 
 2.48908429e+03  5.11841179e-07  4.96262924e-07 
 2.54648190e+03  5.09076873e-07  4.93582936e-07 
 2.60520309e+03  5.06372274e-07  4.90960845e-07 
 2.66527837e+03  5.03726329e-07  4.88395630e-07 
 2.72673897e+03  5.01137998e-07  4.85886282e-07 
 2.78961683e+03  4.98606250e-07  4.83431802e-07 
 2.85394464e+03  4.96130067e-07  4.81031204e-07 
 2.91975583e+03  4.93708442e-07  4.78683514e-07 
 2.98708461e+03  4.91340382e-07  4.76387765e-07 
 3.05596598e+03  4.89024903e-07  4.74143007e-07 
 3.12643573e+03  4.86761035e-07  4.71948298e-07 
 3.19853049e+03  4.84547817e-07  4.69802708e-07 
 3.27228774e+03  4.82384303e-07  4.67705321e-07 
 3.34774581e+03  4.80269558e-07  4.65655228e-07 
 3.42494392e+03  4.78202658e-07  4.63651537e-07 
 3.50392221e+03  4.76182693e-07  4.61693363e-07 
 3.58472171e+03  4.74208763e-07  4.59779837e-07 
 3.66738442e+03  4.72279980e-07  4.57910098e-07 
 3.75195331e+03  4.70395472e-07  4.56083298e-07 
 3.83847234e+03  4.68554373e-07  4.54298603e-07 
 3.92698648e+03  4.66755835e-07  4.52555188e-07 
 4.01754173e+03  4.64999019e-07  4.50852241e-07 
 4.11018515e+03  4.63283099e-07  4.49188963e-07 
 4.20496491e+03  4.61607261e-07  4.47564564e-07 
 4.30193027e+03  4.59970703e-07  4.45978268e-07 
 4.40113162e+03  4.58372636e-07  4.44429311e-07 
 4.50262052e+03  4.56812283e-07  4.42916941e-07 
 4.60644974e+03  4.55288880e-07  4.41440416e-07 
 4.71267322e+03  4.53801672e-07  4.39999008e-07 
 4.82134619e+03  4.52349920e-07  4.38592000e-07 
 4.93252513e+03  4.50932896e-07  4.37218687e-07 
 5.04626783e+03  4.49549882e-07  4.35878376e-07 
 5.16263340e+03  4.48200177e-07  4.34570385e-07 
 5.28168234e+03  4.46883086e-07  4.33294044e-07 
 5.40347650e+03  4.45597932e-07  4.32048697e-07 
 5.52807921e+03  4.44344045e-07  4.30833696e-07 
 5.65555523e+03  4.43120771e-07  4.29648408e-07 
 5.78597080e+03  4.41927465e-07  4.28492209e-07 
 5.91939372e+03  4.40763495e-07  4.27364490e-07 
 6.05589334e+03  4.39628243e-07  4.26264649e-07 
 6.19554061e+03  4.38521098e-07  4.25192101e-07 
 6.33840810e+03  4.37441466e-07  4.24146267e-07 
 6.48457008e+03  4.36388762e-07  4.23126583e-07 
 6.63410251e+03  4.35362412e-07  4.22132496e-07 
 6.78708313e+03  4.34361856e-07  4.21163463e-07 
 6.94359143e+03  4.33386543e-07  4.20218954e-07 
 7.10370877e+03  4.32435935e-07  4.19298448e-07 
 7.26751838e+03  4.31509506e-07  4.18401438e-07 
 7.43510539e+03  4.30606740e-07  4.17527426e-07 
 7.60655691e+03  4.29727133e-07  4.16675926e-07 
 7.78196206e+03  4.28870191e-07  4.15846462e-07 
 7.96141200e+03  4.28035434e-07  4.15038571e-07 
 8.14500001e+03  4.27222391e-07  4.14251799e-07 
 8.33282151e+03  4.26430602e-07  4.13485704e-07 
 8.52497412e+03  4.25659619e-07  4.12739854e-07 
 8.72155772e+03  4.24909004e-07  4.12013828e-07 
 8.92267449e+03  4.24178330e-07  4.11307216e-07 
 9.12842895e+03  4.23467182e-07  4.10619618e-07 
 9.33892805e+03  4.22775155e-07  4.09950647e-07 
 9.55428121e+03  4.22101854e-07  4.09299923e-07 
 9.77460036e+03  4.21446896e-07  4.08667078e-07 
 1.00000000e+04  4.20809907e-07  4.08051756e-07 
 1.02305973e+04  4.20190525e-07  4.07453610e-07 
 1.04665121e+04  4.19588399e-07  4.06872302e-07 
 1.07078670e+04  4.19003186e-07  4.06307508e-07 
 1.09547876e+04  4.18434555e-07  4.05758912e-07 
 1.12074020e+04  4.17882187e-07  4.05226208e-07 
 1.14658417e+04  4.17345771e-07  4.04709102e-07 
 1.17302409e+04  4.16825007e-07  4.04207309e-07 
 1.20007371e+04  4.16319606e-07  4.03720555e-07 
 1.22774708e+04  4.15829288e-07  4.03248575e-07 
 1.25605860e+04  4.15353786e-07  4.02791118e-07 
 1.28502297e+04  4.14892840e-07  4.02347938e-07 
 1.31465525e+04  4.14446203e-07  4.01918804e-07 
 1.34497085e+04  4.14013636e-07  4.01503493e-07 
 1.37598551e+04  4.13594914e-07  4.01101794e-07 
 1.40771537e+04  4.13189819e-07  4.00713505e-07 
 1.44017690e+04  4.12798145e-07  4.00338434e-07 
 1.47338699e+04  4.12419695e-07  3.99976403e-07 
 1.50736290e+04  4.12054285e-07  3.99627241e-07 
 1.54212228e+04  4.11701740e-07  3.99290790e-07 
 1.57768320e+04  4.11361897e-07  3.98966902e-07 
 1.61406415e+04  4.11034601e-07  3.98655440e-07 
 1.65128404e+04  4.10719711e-07  3.98356279e-07 
 1.68936220e+04  4.10417096e-07  3.98069303e-07 
 1.72831844e+04  4.10126635e-07  3.97794410e-07 
 1.76817299e+04  4.09848219e-07  3.97531507e-07 
 1.80894658e+04  4.09581750e-07  3.97280516e-07 
 1.85066040e+04  4.09327144e-07  3.97041367e-07 
 1.89333613e+04  4.09084325e-07  3.96814005e-07 
 1.93699595e+04  4.08853230e-07  3.96598386e-07 
 1.98166255e+04  4.08633809e-07  3.96394478e-07 
 2.02735916e+04  4.08426025e-07  3.96202263e-07 
 2.07410951e+04  4.08229850e-07  3.96021735e-07 
 2.12193792e+04  4.08045273e-07  3.95852903e-07 
 2.17086923e+04  4.07872293e-07  3.95695786e-07 
 2.22092889e+04  4.07710924e-07  3.95550420e-07 
 2.27214291e+04  4.07561191e-07  3.95416854e-07 
 2.32453791e+04  4.07423136e-07  3.95295152e-07 
 2.37814113e+04  4.07296814e-07  3.95185392e-07 
 2.43298042e+04  4.07182294e-07  3.95087669e-07 
 2.48908429e+04  4.07079660e-07  3.95002093e-07 
 2.54648190e+04  4.06989012e-07  3.94928788e-07 
 2.60520309e+04  4.06910464e-07  3.94867898e-07 
 2.66527837e+04  4.06844150e-07  3.94819582e-07 
 2.72673897e+04  4.06790215e-07  3.94784018e-07 
 2.78961683e+04  4.06748827e-07  3.94761401e-07 
 2.85394464e+04  4.06720167e-07  3.94751946e-07 
 2.91975583e+04  4.06704436e-07  3.94755885e-07 
 2.98708461e+04  4.06701854e-07  3.94773474e-07 
 3.05596598e+04  4.06712661e-07  3.94804985e-07 
 3.12643573e+04  4.06737114e-07  3.94850716e-07 
 3.19853049e+04  4.06775494e-07  3.94910983e-07 
 3.27228774e+04  4.06828101e-07  3.94986129e-07 
 3.34774581e+04  4.06895258e-07  3.95076516e-07 
 3.42494392e+04  4.06977310e-07  3.95182536e-07 
 3.50392221e+04  4.07074628e-07  3.95304601e-07 
 3.58472171e+04  4.07187603e-07  3.95443153e-07 
 3.66738442e+04  4.07316656e-07  3.95598661e-07 
 3.75195331e+04  4.07462230e-07  3.95771620e-07 
 3.83847234e+04  4.07624798e-07  3.95962558e-07 
 3.92698648e+04  4.07804859e-07  3.96172030e-07 
 4.01754173e+04  4.08002943e-07  3.96400626e-07 
 4.11018515e+04  4.08219609e-07  3.96648965e-07 
 4.20496491e+04  4.08455447e-07  3.96917705e-07 
 4.30193027e+04  4.08711079e-07  3.97207535e-07 
 4.40113162e+04  4.08987162e-07  3.97519183e-07 
 4.50262052e+04  4.09284388e-07  3.97853415e-07 
 4.60644974e+04  4.09603483e-07  3.98211036e-07 
 4.71267322e+04  4.09945211e-07  3.98592894e-07 
 4.82134619e+04  4.10310377e-07  3.98999877e-07 
 4.93252513e+04  4.10699823e-07  3.99432921e-07 
 5.04626783e+04  4.11114436e-07  3.99893005e-07 
 5.16263340e+04  4.11555144e-07  4.00381158e-07 
 5.28168234e+04  4.12022920e-07  4.00898457e-07 
 5.40347650e+04  4.12518786e-07  4.01446033e-07 
 5.52807921e+04  4.13043808e-07  4.02025068e-07 
 5.65555523e+04  4.13599106e-07  4.02636803e-07 
 5.78597080e+04  4.14185850e-07  4.03282534e-07 
 5.91939372e+04  4.14805263e-07  4.03963618e-07 
 6.05589334e+04  4.15458626e-07  4.04681475e-07 
 6.19554061e+04  4.16147275e-07  4.05437589e-07 
 6.33840810e+04  4.16872608e-07  4.06233510e-07 
 6.48457008e+04  4.17636084e-07  4.07070859e-07 
 6.63410251e+04  4.18439225e-07  4.07951329e-07 
 6.78708313e+04  4.19283619e-07  4.08876685e-07 
 6.94359143e+04  4.20170926e-07  4.09848773e-07 
 7.10370877e+04  4.21102873e-07  4.10869515e-07 
 7.26751838e+04  4.22081262e-07  4.11940919e-07 
 7.43510539e+04  4.23107970e-07  4.13065077e-07 
 7.60655691e+04  4.24184953e-07  4.14244168e-07 
 7.78196206e+04  4.25314249e-07  4.15480464e-07 
 7.96141200e+04  4.26497977e-07  4.16776332e-07 
 8.14500001e+04  4.27738344e-07  4.18134232e-07 
 8.33282151e+04  4.29037646e-07  4.19556730e-07 
 8.52497412e+04  4.30398270e-07  4.21046489e-07 
 8.72155772e+04  4.31822700e-07  4.22606282e-07 
 8.92267449e+04  4.33313514e-07  4.24238990e-07 
 9.12842895e+04  4.34873395e-07  4.25947605e-07 
 9.33892805e+04  4.36505128e-07  4.27735234e-07 
 9.55428121e+04  4.38211603e-07  4.29605101e-07 
 9.77460036e+04  4.39995825e-07  4.31560551e-07 
 1.00000000e+05  4.41860909e-07  4.33605048e-07 
 1.02305973e+05  4.43810088e-07  4.35742184e-07 
 1.04665121e+05  4.45846716e-07  4.37975674e-07 
 1.07078670e+05  4.47974270e-07  4.40309361e-07 
 1.09547876e+05  4.50196354e-07  4.42747219e-07 
 1.12074020e+05  4.52516706e-07  4.45293347e-07 
 1.14658417e+05  4.54939196e-07  4.47951977e-07 
 1.17302409e+05  4.57467836e-07  4.50727466e-07 
 1.20007371e+05  4.60106777e-07  4.53624300e-07 
 1.22774708e+05  4.62860321e-07  4.56647087e-07 
 1.25605860e+05  4.65732919e-07  4.59800556e-07 
 1.28502297e+05  4.68729180e-07  4.63089550e-07 
 1.31465525e+05  4.71853871e-07  4.66519021e-07 
 1.34497085e+05  4.75111926e-07  4.70094017e-07 
 1.37598551e+05  4.78508449e-07  4.73819677e-07 
 1.40771537e+05  4.82048719e-07  4.77701210e-07 
 1.44017690e+05  4.85738196e-07  4.81743883e-07 
 1.47338699e+05  4.89582528e-07  4.85952998e-07 
 1.50736290e+05  4.93587555e-07  4.90333866e-07 
 1.54212228e+05  4.97759315e-07  4.94891779e-07 
 1.57768320e+05  5.02104055e-07  4.99631973e-07 
 1.61406415e+05  5.06628231e-07  5.04559582e-07 
 1.65128404e+05  5.11338524e-07  5.09679595e-07 
 1.68936220e+05  5.16241842e-07  5.14996786e-07 
 1.72831844e+05  5.21345329e-07  5.20515653e-07 
 1.76817299e+05  5.26656378e-07  5.26240331e-07 
 1.80894658e+05  5.32182637e-07  5.32174496e-07 
 1.85066040e+05  5.37932024e-07  5.38321254e-07 
 1.89333613e+05  5.43912730e-07  5.44683014e-07 
 1.93699595e+05  5.50133242e-07  5.51261335e-07 
 1.98166255e+05  5.56602346e-07  5.58056754e-07 
 2.02735916e+05  5.63329146e-07  5.65068592e-07 
 2.07410951e+05  5.70323079e-07  5.72294726e-07 
 2.12193792e+05  5.77593928e-07  5.79731334e-07 
 2.17086923e+05  5.85151841e-07  5.87372607e-07 
 2.22092889e+05  5.93007347e-07  5.95210425e-07 
 2.27214291e+05  6.01171379e-07  6.03234001e-07 
 2.32453791e+05  6.09655289e-07  6.11429479e-07 
 2.37814113e+05  6.18470877e-07  6.19779509e-07 
 2.43298042e+05  6.27630408e-07  6.28262782e-07 
 2.48908429e+05  6.37146640e-07  6.36853537e-07 
 2.54648190e+05  6.47032853e-07  6.45521062e-07 
 2.60520309e+05  6.57302871e-07  6.54229176e-07 
 2.66527837e+05  6.67971100e-07  6.62935743e-07 
 2.72673897e+05  6.79052553e-07  6.71592211e-07 
 2.78961683e+05  6.90562891e-07  6.80143240e-07 
 2.85394464e+05  7.02518451e-07  6.88526425e-07 
 2.91975583e+05  7.14936294e-07  6.96672188e-07 
 2.98708461e+05  7.27834238e-07  7.04503874e-07 
 3.05596598e+05  7.41230903e-07  7.11938112e-07 
 3.12643573e+05  7.55145760e-07  7.18885491e-07 
 3.19853049e+05  7.69599175e-07  7.25251612e-07 
 3.27228774e+05  7.84612460e-07  7.30938539e-07 
 3.34774581e+05  8.00207931e-07  7.35846683e-07 
 3.42494392e+05  8.16408959e-07  7.39877092e-07 
 3.50392221e+05  8.33240034e-07  7.42934116e-07 
 3.58472171e+05  8.50726826e-07  7.44928353e-07 
 3.66738442e+05  8.68896249e-07  7.45779748e-07 
 3.75195331e+05  8.87776537e-07  7.45420674e-07 
 3.83847234e+05  9.07397308e-07  7.43798812e-07 
 3.92698648e+05  9.27789652e-07  7.40879606e-07 
 4.01754173e+05  9.48986200e-07  7.36648118e-07 
 4.11018515e+05  9.71021219e-07  7.31110109e-07 
 4.20496491e+05  9.93930696e-07  7.24292246e-07 
 4.30193027e+05  1.01775243e-06  7.16241402e-07 
 4.40113162e+05  1.04252614e-06  7.07023087e-07 
 4.50262052e+05  1.06829355e-06  6.96719126e-07 
 4.60644974e+05  1.09509852e-06  6.85424760e-07 
 4.71267322e+05  1.12298713e-06  6.73245372e-07 
 4.82134619e+05  1.15200784e-06  6.60293059e-07 
 4.93252513e+05  1.18221157e-06  6.46683265e-07 
 5.04626783e+05  1.21365186e-06  6.32531647e-07 
 5.16263340e+05  1.24638500e-06  6.17951316e-07 
 5.28168234e+05  1.28047016e-06  6.03050533e-07 
 5.40347650e+05  1.31596956e-06  5.87930913e-07 
 5.52807921e+05  1.35294861e-06  5.72686117e-07 
 5.65555523e+05  1.39147611e-06  5.57401027e-07 
 5.78597080e+05  1.43162438e-06  5.42151325e-07 
 5.91939372e+05  1.47346945e-06  5.27003428e-07 
 6.05589334e+05  1.51709127e-06  5.12014698e-07 
 6.19554061e+05  1.56257392e-06  4.97233862e-07 
 6.33840810e+05  1.61000577e-06  4.82701581e-07 
 6.48457008e+05  1.65947976e-06  4.68451115e-07 
 6.63410251e+05  1.71109358e-06  4.54509029e-07 
 6.78708313e+05  1.76494998e-06  4.40895920e-07 
 6.94359143e+05  1.82115694e-06  4.27627127e-07 
 7.10370877e+05  1.87982803e-06  4.14713407e-07 
 7.26751838e+05  1.94108261e-06  4.02161576e-07 
 7.43510539e+05  2.00504620e-06  3.89975080e-07 
 7.60655691e+05  2.07185076e-06  3.78154530e-07 
 7.78196206e+05  2.14163503e-06  3.66698170e-07 
 7.96141200e+05  2.21454489e-06  3.55602286e-07 
 8.14500001e+05  2.29073370e-06  3.44861577e-07 
 8.33282151e+05  2.37036274e-06  3.34469468e-07 
 8.52497412e+05  2.45360158e-06  3.24418380e-07 
 8.72155772e+05  2.54062854e-06  3.14699961e-07 
 8.92267449e+05  2.63163113e-06  3.05305291e-07 
 9.12842895e+05  2.72680659e-06  2.96225039e-07 
 9.33892805e+05  2.82636234e-06  2.87449609e-07 
 9.55428121e+05  2.93051657e-06  2.78969255e-07 
 9.77460036e+05  3.03949883e-06  2.70774174e-07 
 1.00000000e+06  3.15355058e-06  2.62854590e-07 
 1.02305973e+06  3.27292594e-06  2.55200813e-07 
 1.04665121e+06  3.39789231e-06  2.47803295e-07 
 1.07078670e+06  3.52873112e-06  2.40652666e-07 
 1.09547876e+06  3.66573862e-06  2.33739771e-07 
 1.12074020e+06  3.80922672e-06  2.27055689e-07 
 1.14658417e+06  3.95952384e-06  2.20591756e-07 
 1.17302409e+06  4.11697589e-06  2.14339573e-07 
 1.20007371e+06  4.28194721e-06  2.08291019e-07 
 1.22774708e+06  4.45482168e-06  2.02438253e-07 
 1.25605860e+06  4.63600383e-06  1.96773715e-07 
 1.28502297e+06  4.82592003e-06  1.91290129e-07 
 1.31465525e+06  5.02501979e-06  1.85980499e-07 
 1.34497085e+06  5.23377711e-06  1.80838104e-07 
 1.37598551e+06  5.45269195e-06  1.75856492e-07 
 1.40771537e+06  5.68229174e-06  1.71029480e-07 
 1.44017690e+06  5.92313309e-06  1.66351138e-07 
 1.47338699e+06  6.17580351e-06  1.61815790e-07 
 1.50736290e+06  6.44092329e-06  1.57418001e-07 
 1.54212228e+06  6.71914754e-06  1.53152571e-07 
 1.57768320e+06  7.01116830e-06  1.49014526e-07 
 1.61406415e+06  7.31771687e-06  1.44999113e-07 
 1.65128404e+06  7.63956620e-06  1.41101785e-07 
 1.68936220e+06  7.97753358e-06  1.37318200e-07 
 1.72831844e+06  8.33248335e-06  1.33644211e-07 
 1.76817299e+06  8.70532995e-06  1.30075854e-07 
 1.80894658e+06  9.09704110e-06  1.26609345e-07 
 1.85066040e+06  9.50864122e-06  1.23241072e-07 
 1.89333613e+06  9.94121507e-06  1.19967584e-07 
 1.93699595e+06  1.03959117e-05  1.16785589e-07 
 1.98166255e+06  1.08739485e-05  1.13691943e-07 
 2.02735916e+06  1.13766160e-05  1.10683646e-07 
 2.07410951e+06  1.19052824e-05  1.07757832e-07 
 2.12193792e+06  1.24613985e-05  1.04911768e-07 
 2.17086923e+06  1.30465040e-05  1.02142843e-07 
 2.22092889e+06  1.36622324e-05  9.94485666e-08 
 2.27214291e+06  1.43103180e-05  9.68265580e-08 
 2.32453791e+06  1.49926026e-05  9.42745458e-08 
 2.37814113e+06  1.57110422e-05  9.17903601e-08 
 2.43298042e+06  1.64677157e-05  8.93719281e-08 
 2.48908429e+06  1.72648322e-05  8.70172691e-08 
 2.54648190e+06  1.81047408e-05  8.47244901e-08 
 2.60520309e+06  1.89899394e-05  8.24917812e-08 
 2.66527837e+06  1.99230858e-05  8.03174111e-08 
 2.72673897e+06  2.09070077e-05  7.81997235e-08 
 2.78961683e+06  2.19447153e-05  7.61371322e-08 
 2.85394464e+06  2.30394135e-05  7.41281183e-08 
 2.91975583e+06  2.41945153e-05  7.21712257e-08 
 2.98708461e+06  2.54136566e-05  7.02650580e-08 
 3.05596598e+06  2.67007117e-05  6.84082746e-08 
 3.12643573e+06  2.80598096e-05  6.65995881e-08 
 3.19853049e+06  2.94953522e-05  6.48377605e-08 
 3.27228774e+06  3.10120332e-05  6.31216006e-08 
 3.34774581e+06  3.26148585e-05  6.14499610e-08 
 3.42494392e+06  3.43091683e-05  5.98217350e-08 
 3.50392221e+06  3.61006606e-05  5.82358547e-08 
 3.58472171e+06  3.79954162e-05  5.66912879e-08 
 3.66738442e+06  3.99999256e-05  5.51870357e-08 
 3.75195331e+06  4.21211183e-05  5.37221308e-08 
 3.83847234e+06  4.43663934e-05  5.22956347e-08 
 3.92698648e+06  4.67436525e-05  5.09066363e-08 
 4.01754173e+06  4.92613357e-05  4.95542496e-08 
 4.11018515e+06  5.19284594e-05  4.82376121e-08 
 4.20496491e+06  5.47546567e-05  4.69558832e-08 
 4.30193027e+06  5.77502213e-05  4.57082428e-08 
 4.40113162e+06  6.09261542e-05  4.44938897e-08 
 4.50262052e+06  6.42942131e-05  4.33120403e-08 
 4.60644974e+06  6.78669666e-05  4.21619278e-08 
 4.71267322e+06  7.16578507e-05  4.10428008e-08 
 4.82134619e+06  7.56812307e-05  3.99539227e-08 
 4.93252513e+06  7.99524663e-05  3.88945705e-08 
 5.04626783e+06  8.44879820e-05  3.78640343e-08 
 5.16263340e+06  8.93053420e-05  3.68616167e-08 
 5.28168234e+06  9.44233310e-05  3.58866322e-08 
 5.40347650e+06  9.98620398e-05  3.49384066e-08 
 5.52807921e+06  1.05642958e-04  3.40162771e-08 
 5.65555523e+06  1.11789070e-04  3.31195912e-08 
 5.78597080e+06  1.18324967e-04  3.22477074e-08 
 5.91939372e+06  1.25276950e-04  3.13999943e-08 
 6.05589334e+06  1.32673160e-04  3.05758307e-08 
 6.19554061e+06  1.40543701e-04  2.97746056e-08 
 6.33840810e+06  1.48920780e-04  2.89957182e-08 
 6.48457008e+06  1.57838858e-04  2.82385777e-08 
 6.63410251e+06  1.67334802e-04  2.75026035e-08 
 6.78708313e+06  1.77448060e-04  2.67872252e-08 
 6.94359143e+06  1.88220840e-04  2.60918827e-08 
 7.10370877e+06  1.99698304e-04  2.54160260e-08 
 7.26751838e+06  2.11928774e-04  2.47591158e-08 
 7.43510539e+06  2.24963958e-04  2.41206233e-08 
 7.60655691e+06  2.38859183e-04  2.35000302e-08 
 7.78196206e+06  2.53673651e-04  2.28968289e-08 
 7.96141200e+06  2.69470712e-04  2.23105226e-08 
 8.14500001e+06  2.86318152e-04  2.17406255e-08 
 8.33282151e+06  3.04288508e-04  2.11866624e-08 
 8.52497412e+06  3.23459396e-04  2.06481693e-08 
 8.72155772e+06  3.43913872e-04  2.01246932e-08 
 8.92267449e+06  3.65740810e-04  1.96157919e-08 
 9.12842895e+06  3.89035309e-04  1.91210344e-08 
 9.33892805e+06  4.13899132e-04  1.86400006e-08 
 9.55428121e+06  4.40441168e-04  1.81722811e-08 
 9.77460036e+06  4.68777936e-04  1.77174779e-08 
 1.00000000e+07  4.99034113e-04  1.72752032e-08 
 1.02305973e+07  5.31343108e-04  1.68450804e-08 
 1.04665121e+07  5.65847671e-04  1.64267432e-08 
 1.07078670e+07  6.02700547e-04  1.60198360e-08 
 1.09547876e+07  6.42065172e-04  1.56240134e-08 
 1.12074020e+07  6.84116419e-04  1.52389402e-08 
 1.14658417e+07  7.29041399e-04  1.48642913e-08 
 1.17302409e+07  7.77040311e-04  1.44997513e-08 
 1.20007371e+07  8.28327356e-04  1.41450148e-08 
 1.22774708e+07  8.83131712e-04  1.37997855e-08 
 1.25605860e+07  9.41698577e-04  1.34637767e-08 
 1.28502297e+07  1.00429028e-03  1.31367105e-08 
 1.31465525e+07  1.07118748e-03  1.28183180e-08 
 1.34497085e+07  1.14269044e-03  1.25083390e-08 
 1.37598551e+07  1.21912036e-03  1.22065215e-08 
 1.40771537e+07  1.30082088e-03  1.19126219e-08 
 1.44017690e+07  1.38815960e-03  1.16264045e-08 
 1.47338699e+07  1.48152973e-03  1.13476413e-08 
 1.50736290e+07  1.58135190e-03  1.10761119e-08 
 1.54212228e+07  1.68807604e-03  1.08116030e-08 
 1.57768320e+07  1.80218337e-03  1.05539085e-08 
 1.61406415e+07  1.92418863e-03  1.03028293e-08 
 1.65128404e+07  2.05464231e-03  1.00581726e-08 
 1.68936220e+07  2.19413318e-03  9.81975230e-09 
 1.72831844e+07  2.34329087e-03  9.58738822e-09 
 1.76817299e+07  2.50278871e-03  9.36090635e-09 
 1.80894658e+07  2.67334671e-03  9.14013842e-09 
 1.85066040e+07  2.85573479e-03  8.92492173e-09 
 1.89333613e+07  3.05077612e-03  8.71509896e-09 
 1.93699595e+07  3.25935085e-03  8.51051800e-09 
 1.98166255e+07  3.48239992e-03  8.31103174e-09 
 2.02735916e+07  3.72092923e-03  8.11649791e-09 
 2.07410951e+07  3.97601407e-03  7.92677888e-09 
 2.12193792e+07  4.24880379e-03  7.74174154e-09 
 2.17086923e+07  4.54052685e-03  7.56125706e-09 
 2.22092889e+07  4.85249613e-03  7.38520081e-09 
 2.27214291e+07  5.18611466e-03  7.21345216e-09 
 2.32453791e+07  5.54288166e-03  7.04589435e-09 
 2.37814113e+07  5.92439899e-03  6.88241433e-09 
 2.43298042e+07  6.33237806e-03  6.72290263e-09 
 2.48908429e+07  6.76864712e-03  6.56725326e-09 
 2.54648190e+07  7.23515904e-03  6.41536353e-09 
 2.60520309e+07  7.73399963e-03  6.26713397e-09 
 2.66527837e+07  8.26739641e-03  6.12246816e-09 
 2.72673897e+07  8.83772797e-03  5.98127269e-09 
 2.78961683e+07  9.44753396e-03  5.84345698e-09 
 2.85394464e+07  1.00995256e-02  5.70893323e-09 
 2.91975583e+07  1.07965971e-02  5.57761629e-09 
 2.98708461e+07  1.15418371e-02  5.44942355e-09 
 3.05596598e+07  1.23385421e-02  5.32427489e-09 
 3.12643573e+07  1.31902290e-02  5.20209256e-09 
 3.19853049e+07  1.41006500e-02  5.08280110e-09 
 3.27228774e+07  1.50738075e-02  4.96632726e-09 
 3.34774581e+07  1.61139699e-02  4.85259993e-09 
 3.42494392e+07  1.72256887e-02  4.74155005e-09 
 3.50392221e+07  1.84138164e-02  4.63311054e-09 
 3.58472171e+07  1.96835255e-02  4.52721625e-09 
 3.66738442e+07  2.10403285e-02  4.42380386e-09 
 3.75195331e+07  2.24900990e-02  4.32281187e-09 
 3.83847234e+07  2.40390944e-02  4.22418046e-09 
 3.92698648e+07  2.56939792e-02  4.12785151e-09 
 4.01754173e+07  2.74618501e-02  4.03376850e-09 
 4.11018515e+07  2.93502622e-02  3.94187646e-09 
 4.20496491e+07  3.13672571e-02  3.85212194e-09 
 4.30193027e+07  3.35213917e-02  3.76445292e-09 
 4.40113162e+07  3.58217689e-02  3.67881882e-09 
 4.50262052e+07  3.82780705e-02  3.59517039e-09 
 4.60644974e+07  4.09005904e-02  3.51345973e-09 
 4.71267322e+07  4.37002711e-02  3.43364019e-09 
 4.82134619e+07  4.66887407e-02  3.35566636e-09 
 4.93252513e+07  4.98783521e-02  3.27949405e-09 
 5.04626783e+07  5.32822247e-02  3.20508020e-09 
 5.16263340e+07  5.69142872e-02  3.13238289e-09 
 5.28168234e+07  6.07893229e-02  3.06136128e-09 
 5.40347650e+07  6.49230168e-02  2.99197560e-09 
 5.52807921e+07  6.93320050e-02  2.92418709e-09 
 5.65555523e+07  7.40339262e-02  2.85795799e-09 
 5.78597080e+07  7.90474755e-02  2.79325151e-09 
 5.91939372e+07  8.43924604e-02  2.73003178e-09 
 6.05589334e+07  9.00898588e-02  2.66826385e-09 
 6.19554061e+07  9.61618801e-02  2.60791364e-09 
 6.33840810e+07  1.02632028e-01  2.54894795e-09 
 6.48457008e+07  1.09525166e-01  2.49133439e-09 
 6.63410251e+07  1.16867586e-01  2.43504139e-09 
 6.78708313e+07  1.24687077e-01  2.38003814e-09 
 6.94359143e+07  1.33013002e-01  2.32629462e-09 
 7.10370877e+07  1.41876369e-01  2.27378156e-09 
 7.26751838e+07  1.51309914e-01  2.22247037e-09 
 7.43510539e+07  1.61348177e-01  2.17233321e-09 
 7.60655691e+07  1.72027592e-01  2.12334288e-09 
 7.78196206e+07  1.83386568e-01  2.07547286e-09 
 7.96141200e+07  1.95465582e-01  2.02869730e-09 
 8.14500001e+07  2.08307272e-01  1.98299093e-09 
 8.33282151e+07  2.21956529e-01  1.93832913e-09 
 8.52497412e+07  2.36460598e-01  1.89468786e-09 
 8.72155772e+07  2.51869181e-01  1.85204367e-09 
 8.92267449e+07  2.68234540e-01  1.81037365e-09 
 9.12842895e+07  2.85611608e-01  1.76965546e-09 
 9.33892805e+07  3.04058097e-01  1.72986730e-09 
 9.55428121e+07  3.23634620e-01  1.69098788e-09 
 9.77460036e+07  3.44404807e-01  1.65299641e-09 
 1.00000000e+08  3.66435433e-01  1.61587262e-09 
 1.02305973e+08  3.89796542e-01  1.57959670e-09 
 1.04665121e+08  4.14561588e-01  1.54414931e-09 
 1.07078670e+08  4.40807566e-01  1.50951159e-09 
 1.09547876e+08  4.68615166e-01  1.47566510e-09 
 1.12074020e+08  4.98068916e-01  1.44259186e-09 
 1.14658417e+08  5.29257345e-01  1.41027429e-09 
 1.17302409e+08  5.62273144e-01  1.37869525e-09 
 1.20007371e+08  5.97213342e-01  1.34783797e-09 
 1.22774708e+08  6.34179485e-01  1.31768612e-09 
 1.25605860e+08  6.73277824e-01  1.28822370e-09 
 1.28502297e+08  7.14619517e-01  1.25943513e-09 
 1.31465525e+08  7.58320840e-01  1.23130516e-09 
 1.34497085e+08  8.04503405e-01  1.20381894e-09 
 1.37598551e+08  8.53294400e-01  1.17696191e-09 
 1.40771537e+08  9.04826829e-01  1.15071991e-09 
 1.44017690e+08  9.59239780e-01  1.12507906e-09 
 1.47338699e+08  1.01667870e+00  1.10002583e-09 
 1.50736290e+08  1.07729569e+00  1.07554700e-09 
 1.54212228e+08  1.14124982e+00  1.05162966e-09 
 1.57768320e+08  1.20870745e+00  1.02826119e-09 
 1.61406415e+08  1.27984260e+00  1.00542927e-09 
 1.65128404e+08  1.35483730e+00  9.83121876e-10 
 1.68936220e+08  1.43388200e+00  9.61327240e-10 
 1.72831844e+08  1.51717601e+00  9.40033882e-10 
 1.76817299e+08  1.60492793e+00  9.19230583e-10 
 1.80894658e+08  1.69735610e+00  8.98906385e-10 
 1.85066040e+08  1.79468917e+00  8.79050581e-10 
 1.89333613e+08  1.89716659e+00  8.59652713e-10 
 1.93699595e+08  2.00503920e+00  8.40702561e-10 
 1.98166255e+08  2.11856985e+00  8.22190144e-10 
 2.02735916e+08  2.23803401e+00  8.04105707e-10 
 2.07410951e+08  2.36372050e+00  7.86439720e-10 
 2.12193792e+08  2.49593220e+00  7.69182872e-10 
 2.17086923e+08  2.63498681e+00  7.52326065e-10 
 2.22092889e+08  2.78121772e+00  7.35860409e-10 
 2.27214291e+08  2.93497481e+00  7.19777216e-10 
 2.32453791e+08  3.09662545e+00  7.04067997e-10 
 2.37814113e+08  3.26655543e+00  6.88724456e-10 
 2.43298042e+08  3.44517001e+00  6.73738484e-10 
 2.48908429e+08  3.63289507e+00  6.59102158e-10 
 2.54648190e+08  3.83017823e+00  6.44807732e-10 
 2.60520309e+08  4.03749009e+00  6.30847634e-10 
 2.66527837e+08  4.25532559e+00  6.17214466e-10 
 2.72673897e+08  4.48420540e+00  6.03900990e-10 
 2.78961683e+08  4.72467735e+00  5.90900135e-10 
 2.85394464e+08  4.97731808e+00  5.78204985e-10 
 2.91975583e+08  5.24273463e+00  5.65808776e-10 
 2.98708461e+08  5.52156626e+00  5.53704896e-10 
 3.05596598e+08  5.41886877e+00  5.41886877e-10 
 3.12643573e+08  5.30348393e+00  5.30348393e-10 
 3.19853049e+08  5.19083255e+00  5.19083255e-10 
 3.27228774e+08  5.08085407e+00  5.08085407e-10 
 3.34774581e+08  4.97348927e+00  4.97348927e-10 
 3.42494392e+08  4.86868016e+00  4.86868016e-10 
 3.50392221e+08  4.76637000e+00  4.76637000e-10 
 3.58472171e+08  4.66650322e+00  4.66650322e-10 
 3.66738442e+08  4.56902546e+00  4.56902546e-10 
 3.75195331e+08  4.47388344e+00  4.47388344e-10 
 3.83847234e+08  4.38102499e+00  4.38102499e-10 
 3.92698648e+08  4.29039902e+00  4.29039902e-10 
 4.01754173e+08  4.20195544e+00  4.20195544e-10 
 4.11018515e+08  4.11564519e+00  4.11564519e-10 
 4.20496491e+08  4.03142015e+00  4.03142015e-10 
 4.30193027e+08  3.94923314e+00  3.94923314e-10 
 4.40113162e+08  3.86903792e+00  3.86903792e-10 
 4.50262052e+08  3.79078909e+00  3.79078909e-10 
 4.60644974e+08  3.71444212e+00  3.71444212e-10 
 4.71267322e+08  3.63995329e+00  3.63995329e-10 
 4.82134619e+08  3.56727971e+00  3.56727971e-10 
 4.93252513e+08  3.49637921e+00  3.49637921e-10 
 5.04626783e+08  3.42721042e+00  3.42721042e-10 
 5.16263340e+08  3.35973265e+00  3.35973265e-10 
 5.28168234e+08  3.29390592e+00  3.29390592e-10 
 5.40347650e+08  3.22969094e+00  3.22969094e-10 
 5.52807921e+08  3.16704907e+00  3.16704907e-10 
 5.65555523e+08  3.10594228e+00  3.10594228e-10 
 5.78597080e+08  3.04633320e+00  3.04633320e-10 
 5.91939372e+08  2.98818501e+00  2.98818501e-10 
 6.05589334e+08  2.93146150e+00  2.93146150e-10 
 6.19554061e+08  2.87612702e+00  2.87612702e-10 
 6.33840810e+08  2.82214648e+00  2.82214648e-10 
 6.48457008e+08  2.76948530e+00  2.76948530e-10 
 6.63410251e+08  2.71810946e+00  2.71810946e-10 
 6.78708313e+08  2.66798544e+00  2.66798544e-10 
 6.94359143e+08  2.61908022e+00  2.61908022e-10 
 7.10370877e+08  2.57136130e+00  2.57136130e-10 
 7.26751838e+08  2.52479668e+00  2.52479668e-10 
 7.43510539e+08  2.47935482e+00  2.47935482e-10 
 7.60655691e+08  2.43500470e+00  2.43500470e-10 
 7.78196206e+08  2.39171578e+00  2.39171578e-10 
 7.96141200e+08  2.34945800e+00  2.34945800e-10 
 8.14500001e+08  2.30820181e+00  2.30820181e-10 
 8.33282151e+08  2.26791814e+00  2.26791814e-10 
 8.52497412e+08  2.22857842e+00  2.22857842e-10 
 8.72155772e+08  2.19015459e+00  2.19015459e-10 
 8.92267449e+08  2.15261909e+00  2.15261909e-10 
 9.12842895e+08  2.11594489e+00  2.11594489e-10 
 9.33892805e+08  2.08010550e+00  2.08010550e-10 
 9.55428121e+08  2.04507494e+00  2.04507494e-10 
 9.77460036e+08  2.01082780e+00  2.01082780e-10 
 1.00000000e+09  1.97733923e+00  1.97733923e-10 
