 frequency       v(Amag_dB)      v(Aarg)        
 1.00000000e+00  2.30403824e+01 -1.34595735e-06 
 1.02305973e+00  2.30403824e+01 -1.37699477e-06 
 1.04665121e+00  2.30403824e+01 -1.40874790e-06 
 1.07078670e+00  2.30403824e+01 -1.44123324e-06 
 1.09547876e+00  2.30403824e+01 -1.47446769e-06 
 1.12074020e+00  2.30403824e+01 -1.50846852e-06 
 1.14658417e+00  2.30403824e+01 -1.54325339e-06 
 1.17302409e+00  2.30403824e+01 -1.57884040e-06 
 1.20007371e+00  2.30403824e+01 -1.61524803e-06 
 1.22774708e+00  2.30403824e+01 -1.65249522e-06 
 1.25605860e+00  2.30403824e+01 -1.69060131e-06 
 1.28502297e+00  2.30403824e+01 -1.72958612e-06 
 1.31465525e+00  2.30403824e+01 -1.76946991e-06 
 1.34497085e+00  2.30403824e+01 -1.81027341e-06 
 1.37598551e+00  2.30403824e+01 -1.85201782e-06 
 1.40771537e+00  2.30403824e+01 -1.89472485e-06 
 1.44017690e+00  2.30403824e+01 -1.93841669e-06 
 1.47338699e+00  2.30403824e+01 -1.98311606e-06 
 1.50736290e+00  2.30403824e+01 -2.02884618e-06 
 1.54212228e+00  2.30403824e+01 -2.07563083e-06 
 1.57768320e+00  2.30403824e+01 -2.12349431e-06 
 1.61406415e+00  2.30403824e+01 -2.17246152e-06 
 1.65128404e+00  2.30403824e+01 -2.22255789e-06 
 1.68936220e+00  2.30403824e+01 -2.27380948e-06 
 1.72831844e+00  2.30403824e+01 -2.32624291e-06 
 1.76817299e+00  2.30403824e+01 -2.37988544e-06 
 1.80894658e+00  2.30403824e+01 -2.43476496e-06 
 1.85066040e+00  2.30403824e+01 -2.49090998e-06 
 1.89333613e+00  2.30403824e+01 -2.54834969e-06 
 1.93699595e+00  2.30403824e+01 -2.60711395e-06 
 1.98166255e+00  2.30403824e+01 -2.66723329e-06 
 2.02735916e+00  2.30403824e+01 -2.72873897e-06 
 2.07410951e+00  2.30403824e+01 -2.79166295e-06 
 2.12193792e+00  2.30403824e+01 -2.85603795e-06 
 2.17086923e+00  2.30403824e+01 -2.92189741e-06 
 2.22092889e+00  2.30403824e+01 -2.98927557e-06 
 2.27214291e+00  2.30403824e+01 -3.05820746e-06 
 2.32453791e+00  2.30403824e+01 -3.12872890e-06 
 2.37814113e+00  2.30403824e+01 -3.20087654e-06 
 2.43298042e+00  2.30403824e+01 -3.27468789e-06 
 2.48908429e+00  2.30403824e+01 -3.35020131e-06 
 2.54648190e+00  2.30403824e+01 -3.42745605e-06 
 2.60520309e+00  2.30403824e+01 -3.50649226e-06 
 2.66527837e+00  2.30403824e+01 -3.58735102e-06 
 2.72673897e+00  2.30403824e+01 -3.67007437e-06 
 2.78961683e+00  2.30403824e+01 -3.75470529e-06 
 2.85394464e+00  2.30403824e+01 -3.84128778e-06 
 2.91975583e+00  2.30403824e+01 -3.92986684e-06 
 2.98708461e+00  2.30403824e+01 -4.02048850e-06 
 3.05596598e+00  2.30403824e+01 -4.11319988e-06 
 3.12643573e+00  2.30403824e+01 -4.20804916e-06 
 3.19853049e+00  2.30403824e+01 -4.30508564e-06 
 3.27228774e+00  2.30403824e+01 -4.40435975e-06 
 3.34774581e+00  2.30403824e+01 -4.50592310e-06 
 3.42494392e+00  2.30403824e+01 -4.60982847e-06 
 3.50392221e+00  2.30403824e+01 -4.71612986e-06 
 3.58472171e+00  2.30403824e+01 -4.82488255e-06 
 3.66738442e+00  2.30403824e+01 -4.93614303e-06 
 3.75195331e+00  2.30403824e+01 -5.04996916e-06 
 3.83847234e+00  2.30403824e+01 -5.16642008e-06 
 3.92698648e+00  2.30403824e+01 -5.28555633e-06 
 4.01754173e+00  2.30403824e+01 -5.40743984e-06 
 4.11018515e+00  2.30403824e+01 -5.53213394e-06 
 4.20496491e+00  2.30403824e+01 -5.65970345e-06 
 4.30193027e+00  2.30403824e+01 -5.79021468e-06 
 4.40113162e+00  2.30403824e+01 -5.92373547e-06 
 4.50262052e+00  2.30403824e+01 -6.06033521e-06 
 4.60644974e+00  2.30403824e+01 -6.20008490e-06 
 4.71267322e+00  2.30403824e+01 -6.34305718e-06 
 4.82134619e+00  2.30403824e+01 -6.48932637e-06 
 4.93252513e+00  2.30403824e+01 -6.63896848e-06 
 5.04626783e+00  2.30403824e+01 -6.79206130e-06 
 5.16263340e+00  2.30403824e+01 -6.94868440e-06 
 5.28168234e+00  2.30403824e+01 -7.10891919e-06 
 5.40347650e+00  2.30403824e+01 -7.27284894e-06 
 5.52807921e+00  2.30403824e+01 -7.44055887e-06 
 5.65555523e+00  2.30403824e+01 -7.61213615e-06 
 5.78597080e+00  2.30403824e+01 -7.78766995e-06 
 5.91939372e+00  2.30403824e+01 -7.96725152e-06 
 6.05589334e+00  2.30403824e+01 -8.15097419e-06 
 6.19554061e+00  2.30403824e+01 -8.33893345e-06 
 6.33840810e+00  2.30403824e+01 -8.53122700e-06 
 6.48457008e+00  2.30403824e+01 -8.72795479e-06 
 6.63410251e+00  2.30403824e+01 -8.92921907e-06 
 6.78708313e+00  2.30403824e+01 -9.13512445e-06 
 6.94359143e+00  2.30403824e+01 -9.34577795e-06 
 7.10370877e+00  2.30403824e+01 -9.56128907e-06 
 7.26751838e+00  2.30403824e+01 -9.78176981e-06 
 7.43510539e+00  2.30403824e+01 -1.00073348e-05 
 7.60655691e+00  2.30403824e+01 -1.02381012e-05 
 7.78196206e+00  2.30403824e+01 -1.04741891e-05 
 7.96141200e+00  2.30403824e+01 -1.07157210e-05 
 8.14500001e+00  2.30403824e+01 -1.09628227e-05 
 8.33282151e+00  2.30403824e+01 -1.12156224e-05 
 8.52497412e+00  2.30403824e+01 -1.14742516e-05 
 8.72155772e+00  2.30403824e+01 -1.17388448e-05 
 8.92267449e+00  2.30403824e+01 -1.20095394e-05 
 9.12842895e+00  2.30403824e+01 -1.22864761e-05 
 9.33892805e+00  2.30403824e+01 -1.25697989e-05 
 9.55428121e+00  2.30403824e+01 -1.28596551e-05 
 9.77460036e+00  2.30403824e+01 -1.31561952e-05 
 1.00000000e+01  2.30403824e+01 -1.34595735e-05 
 1.02305973e+01  2.30403824e+01 -1.37699477e-05 
 1.04665121e+01  2.30403824e+01 -1.40874790e-05 
 1.07078670e+01  2.30403824e+01 -1.44123324e-05 
 1.09547876e+01  2.30403824e+01 -1.47446769e-05 
 1.12074020e+01  2.30403824e+01 -1.50846852e-05 
 1.14658417e+01  2.30403824e+01 -1.54325339e-05 
 1.17302409e+01  2.30403824e+01 -1.57884040e-05 
 1.20007371e+01  2.30403824e+01 -1.61524803e-05 
 1.22774708e+01  2.30403824e+01 -1.65249522e-05 
 1.25605860e+01  2.30403824e+01 -1.69060131e-05 
 1.28502297e+01  2.30403824e+01 -1.72958612e-05 
 1.31465525e+01  2.30403824e+01 -1.76946991e-05 
 1.34497085e+01  2.30403824e+01 -1.81027341e-05 
 1.37598551e+01  2.30403824e+01 -1.85201782e-05 
 1.40771537e+01  2.30403824e+01 -1.89472485e-05 
 1.44017690e+01  2.30403824e+01 -1.93841669e-05 
 1.47338699e+01  2.30403824e+01 -1.98311606e-05 
 1.50736290e+01  2.30403824e+01 -2.02884618e-05 
 1.54212228e+01  2.30403824e+01 -2.07563083e-05 
 1.57768320e+01  2.30403824e+01 -2.12349431e-05 
 1.61406415e+01  2.30403824e+01 -2.17246152e-05 
 1.65128404e+01  2.30403824e+01 -2.22255789e-05 
 1.68936220e+01  2.30403824e+01 -2.27380948e-05 
 1.72831844e+01  2.30403824e+01 -2.32624291e-05 
 1.76817299e+01  2.30403824e+01 -2.37988544e-05 
 1.80894658e+01  2.30403824e+01 -2.43476496e-05 
 1.85066040e+01  2.30403824e+01 -2.49090998e-05 
 1.89333613e+01  2.30403824e+01 -2.54834969e-05 
 1.93699595e+01  2.30403824e+01 -2.60711395e-05 
 1.98166255e+01  2.30403824e+01 -2.66723329e-05 
 2.02735916e+01  2.30403824e+01 -2.72873897e-05 
 2.07410951e+01  2.30403824e+01 -2.79166295e-05 
 2.12193792e+01  2.30403824e+01 -2.85603795e-05 
 2.17086923e+01  2.30403824e+01 -2.92189741e-05 
 2.22092889e+01  2.30403824e+01 -2.98927557e-05 
 2.27214291e+01  2.30403824e+01 -3.05820746e-05 
 2.32453791e+01  2.30403824e+01 -3.12872890e-05 
 2.37814113e+01  2.30403824e+01 -3.20087654e-05 
 2.43298042e+01  2.30403824e+01 -3.27468789e-05 
 2.48908429e+01  2.30403824e+01 -3.35020131e-05 
 2.54648190e+01  2.30403824e+01 -3.42745605e-05 
 2.60520309e+01  2.30403824e+01 -3.50649226e-05 
 2.66527837e+01  2.30403824e+01 -3.58735102e-05 
 2.72673897e+01  2.30403824e+01 -3.67007437e-05 
 2.78961683e+01  2.30403824e+01 -3.75470529e-05 
 2.85394464e+01  2.30403824e+01 -3.84128778e-05 
 2.91975583e+01  2.30403824e+01 -3.92986684e-05 
 2.98708461e+01  2.30403824e+01 -4.02048850e-05 
 3.05596598e+01  2.30403824e+01 -4.11319988e-05 
 3.12643573e+01  2.30403824e+01 -4.20804916e-05 
 3.19853049e+01  2.30403824e+01 -4.30508564e-05 
 3.27228774e+01  2.30403824e+01 -4.40435975e-05 
 3.34774581e+01  2.30403824e+01 -4.50592310e-05 
 3.42494392e+01  2.30403824e+01 -4.60982847e-05 
 3.50392221e+01  2.30403824e+01 -4.71612986e-05 
 3.58472171e+01  2.30403824e+01 -4.82488255e-05 
 3.66738442e+01  2.30403824e+01 -4.93614303e-05 
 3.75195331e+01  2.30403824e+01 -5.04996916e-05 
 3.83847234e+01  2.30403824e+01 -5.16642008e-05 
 3.92698648e+01  2.30403824e+01 -5.28555633e-05 
 4.01754173e+01  2.30403824e+01 -5.40743984e-05 
 4.11018515e+01  2.30403824e+01 -5.53213394e-05 
 4.20496491e+01  2.30403824e+01 -5.65970345e-05 
 4.30193027e+01  2.30403824e+01 -5.79021468e-05 
 4.40113162e+01  2.30403824e+01 -5.92373547e-05 
 4.50262052e+01  2.30403824e+01 -6.06033521e-05 
 4.60644974e+01  2.30403824e+01 -6.20008490e-05 
 4.71267322e+01  2.30403824e+01 -6.34305718e-05 
 4.82134619e+01  2.30403824e+01 -6.48932637e-05 
 4.93252513e+01  2.30403824e+01 -6.63896848e-05 
 5.04626783e+01  2.30403824e+01 -6.79206130e-05 
 5.16263340e+01  2.30403824e+01 -6.94868440e-05 
 5.28168234e+01  2.30403824e+01 -7.10891919e-05 
 5.40347650e+01  2.30403824e+01 -7.27284894e-05 
 5.52807921e+01  2.30403824e+01 -7.44055887e-05 
 5.65555523e+01  2.30403824e+01 -7.61213615e-05 
 5.78597080e+01  2.30403824e+01 -7.78766995e-05 
 5.91939372e+01  2.30403824e+01 -7.96725152e-05 
 6.05589334e+01  2.30403824e+01 -8.15097419e-05 
 6.19554061e+01  2.30403824e+01 -8.33893345e-05 
 6.33840810e+01  2.30403824e+01 -8.53122700e-05 
 6.48457008e+01  2.30403824e+01 -8.72795479e-05 
 6.63410251e+01  2.30403824e+01 -8.92921907e-05 
 6.78708313e+01  2.30403824e+01 -9.13512445e-05 
 6.94359143e+01  2.30403824e+01 -9.34577795e-05 
 7.10370877e+01  2.30403824e+01 -9.56128907e-05 
 7.26751838e+01  2.30403824e+01 -9.78176981e-05 
 7.43510539e+01  2.30403824e+01 -1.00073348e-04 
 7.60655691e+01  2.30403824e+01 -1.02381012e-04 
 7.78196206e+01  2.30403824e+01 -1.04741891e-04 
 7.96141200e+01  2.30403824e+01 -1.07157210e-04 
 8.14500001e+01  2.30403824e+01 -1.09628227e-04 
 8.33282151e+01  2.30403824e+01 -1.12156224e-04 
 8.52497412e+01  2.30403824e+01 -1.14742516e-04 
 8.72155772e+01  2.30403824e+01 -1.17388448e-04 
 8.92267449e+01  2.30403824e+01 -1.20095394e-04 
 9.12842895e+01  2.30403824e+01 -1.22864761e-04 
 9.33892805e+01  2.30403824e+01 -1.25697989e-04 
 9.55428121e+01  2.30403824e+01 -1.28596551e-04 
 9.77460036e+01  2.30403824e+01 -1.31561952e-04 
 1.00000000e+02  2.30403824e+01 -1.34595735e-04 
 1.02305973e+02  2.30403824e+01 -1.37699477e-04 
 1.04665121e+02  2.30403824e+01 -1.40874790e-04 
 1.07078670e+02  2.30403824e+01 -1.44123324e-04 
 1.09547876e+02  2.30403824e+01 -1.47446769e-04 
 1.12074020e+02  2.30403824e+01 -1.50846852e-04 
 1.14658417e+02  2.30403824e+01 -1.54325339e-04 
 1.17302409e+02  2.30403824e+01 -1.57884040e-04 
 1.20007371e+02  2.30403824e+01 -1.61524803e-04 
 1.22774708e+02  2.30403824e+01 -1.65249522e-04 
 1.25605860e+02  2.30403824e+01 -1.69060131e-04 
 1.28502297e+02  2.30403824e+01 -1.72958612e-04 
 1.31465525e+02  2.30403824e+01 -1.76946991e-04 
 1.34497085e+02  2.30403824e+01 -1.81027341e-04 
 1.37598551e+02  2.30403824e+01 -1.85201782e-04 
 1.40771537e+02  2.30403824e+01 -1.89472485e-04 
 1.44017690e+02  2.30403824e+01 -1.93841669e-04 
 1.47338699e+02  2.30403824e+01 -1.98311606e-04 
 1.50736290e+02  2.30403824e+01 -2.02884618e-04 
 1.54212228e+02  2.30403824e+01 -2.07563083e-04 
 1.57768320e+02  2.30403824e+01 -2.12349431e-04 
 1.61406415e+02  2.30403824e+01 -2.17246152e-04 
 1.65128404e+02  2.30403824e+01 -2.22255789e-04 
 1.68936220e+02  2.30403824e+01 -2.27380948e-04 
 1.72831844e+02  2.30403824e+01 -2.32624291e-04 
 1.76817299e+02  2.30403824e+01 -2.37988544e-04 
 1.80894658e+02  2.30403824e+01 -2.43476496e-04 
 1.85066040e+02  2.30403824e+01 -2.49090998e-04 
 1.89333613e+02  2.30403824e+01 -2.54834969e-04 
 1.93699595e+02  2.30403824e+01 -2.60711395e-04 
 1.98166255e+02  2.30403824e+01 -2.66723329e-04 
 2.02735916e+02  2.30403824e+01 -2.72873897e-04 
 2.07410951e+02  2.30403824e+01 -2.79166295e-04 
 2.12193792e+02  2.30403824e+01 -2.85603795e-04 
 2.17086923e+02  2.30403824e+01 -2.92189741e-04 
 2.22092889e+02  2.30403824e+01 -2.98927557e-04 
 2.27214291e+02  2.30403824e+01 -3.05820746e-04 
 2.32453791e+02  2.30403824e+01 -3.12872890e-04 
 2.37814113e+02  2.30403824e+01 -3.20087654e-04 
 2.43298042e+02  2.30403824e+01 -3.27468789e-04 
 2.48908429e+02  2.30403824e+01 -3.35020131e-04 
 2.54648190e+02  2.30403824e+01 -3.42745605e-04 
 2.60520309e+02  2.30403824e+01 -3.50649226e-04 
 2.66527837e+02  2.30403824e+01 -3.58735102e-04 
 2.72673897e+02  2.30403824e+01 -3.67007437e-04 
 2.78961683e+02  2.30403824e+01 -3.75470529e-04 
 2.85394464e+02  2.30403824e+01 -3.84128778e-04 
 2.91975583e+02  2.30403824e+01 -3.92986684e-04 
 2.98708461e+02  2.30403824e+01 -4.02048850e-04 
 3.05596598e+02  2.30403824e+01 -4.11319988e-04 
 3.12643573e+02  2.30403824e+01 -4.20804916e-04 
 3.19853049e+02  2.30403824e+01 -4.30508564e-04 
 3.27228774e+02  2.30403824e+01 -4.40435975e-04 
 3.34774581e+02  2.30403824e+01 -4.50592310e-04 
 3.42494392e+02  2.30403824e+01 -4.60982847e-04 
 3.50392221e+02  2.30403824e+01 -4.71612986e-04 
 3.58472171e+02  2.30403824e+01 -4.82488255e-04 
 3.66738442e+02  2.30403824e+01 -4.93614303e-04 
 3.75195331e+02  2.30403824e+01 -5.04996916e-04 
 3.83847234e+02  2.30403824e+01 -5.16642008e-04 
 3.92698648e+02  2.30403824e+01 -5.28555633e-04 
 4.01754173e+02  2.30403824e+01 -5.40743983e-04 
 4.11018515e+02  2.30403824e+01 -5.53213394e-04 
 4.20496491e+02  2.30403824e+01 -5.65970345e-04 
 4.30193027e+02  2.30403824e+01 -5.79021468e-04 
 4.40113162e+02  2.30403824e+01 -5.92373547e-04 
 4.50262052e+02  2.30403824e+01 -6.06033521e-04 
 4.60644974e+02  2.30403824e+01 -6.20008490e-04 
 4.71267322e+02  2.30403824e+01 -6.34305718e-04 
 4.82134619e+02  2.30403824e+01 -6.48932637e-04 
 4.93252513e+02  2.30403824e+01 -6.63896848e-04 
 5.04626783e+02  2.30403824e+01 -6.79206130e-04 
 5.16263340e+02  2.30403824e+01 -6.94868440e-04 
 5.28168234e+02  2.30403824e+01 -7.10891919e-04 
 5.40347650e+02  2.30403824e+01 -7.27284894e-04 
 5.52807921e+02  2.30403824e+01 -7.44055887e-04 
 5.65555523e+02  2.30403824e+01 -7.61213615e-04 
 5.78597080e+02  2.30403824e+01 -7.78766995e-04 
 5.91939372e+02  2.30403824e+01 -7.96725152e-04 
 6.05589334e+02  2.30403824e+01 -8.15097419e-04 
 6.19554061e+02  2.30403824e+01 -8.33893345e-04 
 6.33840810e+02  2.30403824e+01 -8.53122700e-04 
 6.48457008e+02  2.30403824e+01 -8.72795479e-04 
 6.63410251e+02  2.30403824e+01 -8.92921907e-04 
 6.78708313e+02  2.30403824e+01 -9.13512445e-04 
 6.94359143e+02  2.30403824e+01 -9.34577795e-04 
 7.10370877e+02  2.30403824e+01 -9.56128907e-04 
 7.26751838e+02  2.30403824e+01 -9.78176981e-04 
 7.43510539e+02  2.30403824e+01 -1.00073348e-03 
 7.60655691e+02  2.30403824e+01 -1.02381012e-03 
 7.78196206e+02  2.30403824e+01 -1.04741891e-03 
 7.96141200e+02  2.30403824e+01 -1.07157210e-03 
 8.14500001e+02  2.30403824e+01 -1.09628227e-03 
 8.33282151e+02  2.30403824e+01 -1.12156224e-03 
 8.52497412e+02  2.30403824e+01 -1.14742516e-03 
 8.72155772e+02  2.30403824e+01 -1.17388448e-03 
 8.92267449e+02  2.30403824e+01 -1.20095393e-03 
 9.12842895e+02  2.30403824e+01 -1.22864761e-03 
 9.33892805e+02  2.30403824e+01 -1.25697989e-03 
 9.55428121e+02  2.30403824e+01 -1.28596551e-03 
 9.77460036e+02  2.30403824e+01 -1.31561952e-03 
 1.00000000e+03  2.30403824e+01 -1.34595735e-03 
 1.02305973e+03  2.30403824e+01 -1.37699477e-03 
 1.04665121e+03  2.30403824e+01 -1.40874789e-03 
 1.07078670e+03  2.30403824e+01 -1.44123324e-03 
 1.09547876e+03  2.30403824e+01 -1.47446769e-03 
 1.12074020e+03  2.30403824e+01 -1.50846852e-03 
 1.14658417e+03  2.30403824e+01 -1.54325339e-03 
 1.17302409e+03  2.30403824e+01 -1.57884040e-03 
 1.20007371e+03  2.30403824e+01 -1.61524803e-03 
 1.22774708e+03  2.30403824e+01 -1.65249522e-03 
 1.25605860e+03  2.30403824e+01 -1.69060131e-03 
 1.28502297e+03  2.30403824e+01 -1.72958612e-03 
 1.31465525e+03  2.30403824e+01 -1.76946991e-03 
 1.34497085e+03  2.30403824e+01 -1.81027340e-03 
 1.37598551e+03  2.30403824e+01 -1.85201782e-03 
 1.40771537e+03  2.30403824e+01 -1.89472485e-03 
 1.44017690e+03  2.30403824e+01 -1.93841669e-03 
 1.47338699e+03  2.30403824e+01 -1.98311606e-03 
 1.50736290e+03  2.30403824e+01 -2.02884618e-03 
 1.54212228e+03  2.30403824e+01 -2.07563082e-03 
 1.57768320e+03  2.30403824e+01 -2.12349431e-03 
 1.61406415e+03  2.30403824e+01 -2.17246152e-03 
 1.65128404e+03  2.30403824e+01 -2.22255789e-03 
 1.68936220e+03  2.30403824e+01 -2.27380948e-03 
 1.72831844e+03  2.30403824e+01 -2.32624291e-03 
 1.76817299e+03  2.30403824e+01 -2.37988544e-03 
 1.80894658e+03  2.30403824e+01 -2.43476496e-03 
 1.85066040e+03  2.30403824e+01 -2.49090998e-03 
 1.89333613e+03  2.30403824e+01 -2.54834969e-03 
 1.93699595e+03  2.30403824e+01 -2.60711394e-03 
 1.98166255e+03  2.30403824e+01 -2.66723329e-03 
 2.02735916e+03  2.30403824e+01 -2.72873897e-03 
 2.07410951e+03  2.30403824e+01 -2.79166295e-03 
 2.12193792e+03  2.30403824e+01 -2.85603794e-03 
 2.17086923e+03  2.30403824e+01 -2.92189741e-03 
 2.22092889e+03  2.30403824e+01 -2.98927557e-03 
 2.27214291e+03  2.30403824e+01 -3.05820746e-03 
 2.32453791e+03  2.30403824e+01 -3.12872890e-03 
 2.37814113e+03  2.30403824e+01 -3.20087654e-03 
 2.43298042e+03  2.30403824e+01 -3.27468789e-03 
 2.48908429e+03  2.30403824e+01 -3.35020131e-03 
 2.54648190e+03  2.30403824e+01 -3.42745604e-03 
 2.60520309e+03  2.30403824e+01 -3.50649225e-03 
 2.66527837e+03  2.30403824e+01 -3.58735102e-03 
 2.72673897e+03  2.30403824e+01 -3.67007436e-03 
 2.78961683e+03  2.30403824e+01 -3.75470528e-03 
 2.85394464e+03  2.30403824e+01 -3.84128777e-03 
 2.91975583e+03  2.30403824e+01 -3.92986683e-03 
 2.98708461e+03  2.30403824e+01 -4.02048850e-03 
 3.05596598e+03  2.30403824e+01 -4.11319988e-03 
 3.12643573e+03  2.30403824e+01 -4.20804915e-03 
 3.19853049e+03  2.30403824e+01 -4.30508563e-03 
 3.27228774e+03  2.30403824e+01 -4.40435974e-03 
 3.34774581e+03  2.30403824e+01 -4.50592309e-03 
 3.42494392e+03  2.30403824e+01 -4.60982846e-03 
 3.50392221e+03  2.30403824e+01 -4.71612985e-03 
 3.58472171e+03  2.30403824e+01 -4.82488253e-03 
 3.66738442e+03  2.30403824e+01 -4.93614302e-03 
 3.75195331e+03  2.30403824e+01 -5.04996915e-03 
 3.83847234e+03  2.30403824e+01 -5.16642007e-03 
 3.92698648e+03  2.30403824e+01 -5.28555632e-03 
 4.01754173e+03  2.30403824e+01 -5.40743982e-03 
 4.11018515e+03  2.30403824e+01 -5.53213392e-03 
 4.20496491e+03  2.30403824e+01 -5.65970343e-03 
 4.30193027e+03  2.30403824e+01 -5.79021466e-03 
 4.40113162e+03  2.30403824e+01 -5.92373545e-03 
 4.50262052e+03  2.30403824e+01 -6.06033519e-03 
 4.60644974e+03  2.30403824e+01 -6.20008488e-03 
 4.71267322e+03  2.30403824e+01 -6.34305716e-03 
 4.82134619e+03  2.30403824e+01 -6.48932634e-03 
 4.93252513e+03  2.30403824e+01 -6.63896845e-03 
 5.04626783e+03  2.30403823e+01 -6.79206127e-03 
 5.16263340e+03  2.30403823e+01 -6.94868437e-03 
 5.28168234e+03  2.30403823e+01 -7.10891915e-03 
 5.40347650e+03  2.30403823e+01 -7.27284891e-03 
 5.52807921e+03  2.30403823e+01 -7.44055883e-03 
 5.65555523e+03  2.30403823e+01 -7.61213611e-03 
 5.78597080e+03  2.30403823e+01 -7.78766991e-03 
 5.91939372e+03  2.30403823e+01 -7.96725147e-03 
 6.05589334e+03  2.30403823e+01 -8.15097414e-03 
 6.19554061e+03  2.30403823e+01 -8.33893339e-03 
 6.33840810e+03  2.30403823e+01 -8.53122694e-03 
 6.48457008e+03  2.30403823e+01 -8.72795473e-03 
 6.63410251e+03  2.30403823e+01 -8.92921900e-03 
 6.78708313e+03  2.30403823e+01 -9.13512438e-03 
 6.94359143e+03  2.30403823e+01 -9.34577788e-03 
 7.10370877e+03  2.30403823e+01 -9.56128898e-03 
 7.26751838e+03  2.30403823e+01 -9.78176972e-03 
 7.43510539e+03  2.30403823e+01 -1.00073347e-02 
 7.60655691e+03  2.30403823e+01 -1.02381011e-02 
 7.78196206e+03  2.30403823e+01 -1.04741890e-02 
 7.96141200e+03  2.30403823e+01 -1.07157209e-02 
 8.14500001e+03  2.30403823e+01 -1.09628225e-02 
 8.33282151e+03  2.30403822e+01 -1.12156223e-02 
 8.52497412e+03  2.30403822e+01 -1.14742515e-02 
 8.72155772e+03  2.30403822e+01 -1.17388446e-02 
 8.92267449e+03  2.30403822e+01 -1.20095392e-02 
 9.12842895e+03  2.30403822e+01 -1.22864759e-02 
 9.33892805e+03  2.30403822e+01 -1.25697987e-02 
 9.55428121e+03  2.30403822e+01 -1.28596549e-02 
 9.77460036e+03  2.30403822e+01 -1.31561950e-02 
 1.00000000e+04  2.30403822e+01 -1.34595733e-02 
 1.02305973e+04  2.30403822e+01 -1.37699474e-02 
 1.04665121e+04  2.30403822e+01 -1.40874787e-02 
 1.07078670e+04  2.30403821e+01 -1.44123321e-02 
 1.09547876e+04  2.30403821e+01 -1.47446766e-02 
 1.12074020e+04  2.30403821e+01 -1.50846848e-02 
 1.14658417e+04  2.30403821e+01 -1.54325336e-02 
 1.17302409e+04  2.30403821e+01 -1.57884036e-02 
 1.20007371e+04  2.30403821e+01 -1.61524799e-02 
 1.22774708e+04  2.30403821e+01 -1.65249517e-02 
 1.25605860e+04  2.30403820e+01 -1.69060126e-02 
 1.28502297e+04  2.30403820e+01 -1.72958607e-02 
 1.31465525e+04  2.30403820e+01 -1.76946985e-02 
 1.34497085e+04  2.30403820e+01 -1.81027335e-02 
 1.37598551e+04  2.30403820e+01 -1.85201776e-02 
 1.40771537e+04  2.30403819e+01 -1.89472479e-02 
 1.44017690e+04  2.30403819e+01 -1.93841662e-02 
 1.47338699e+04  2.30403819e+01 -1.98311599e-02 
 1.50736290e+04  2.30403819e+01 -2.02884610e-02 
 1.54212228e+04  2.30403819e+01 -2.07563074e-02 
 1.57768320e+04  2.30403818e+01 -2.12349422e-02 
 1.61406415e+04  2.30403818e+01 -2.17246142e-02 
 1.65128404e+04  2.30403818e+01 -2.22255779e-02 
 1.68936220e+04  2.30403817e+01 -2.27380936e-02 
 1.72831844e+04  2.30403817e+01 -2.32624279e-02 
 1.76817299e+04  2.30403817e+01 -2.37988531e-02 
 1.80894658e+04  2.30403817e+01 -2.43476482e-02 
 1.85066040e+04  2.30403816e+01 -2.49090983e-02 
 1.89333613e+04  2.30403816e+01 -2.54834953e-02 
 1.93699595e+04  2.30403815e+01 -2.60711378e-02 
 1.98166255e+04  2.30403815e+01 -2.66723311e-02 
 2.02735916e+04  2.30403815e+01 -2.72873877e-02 
 2.07410951e+04  2.30403814e+01 -2.79166274e-02 
 2.12193792e+04  2.30403814e+01 -2.85603772e-02 
 2.17086923e+04  2.30403813e+01 -2.92189717e-02 
 2.22092889e+04  2.30403813e+01 -2.98927532e-02 
 2.27214291e+04  2.30403812e+01 -3.05820719e-02 
 2.32453791e+04  2.30403812e+01 -3.12872860e-02 
 2.37814113e+04  2.30403811e+01 -3.20087623e-02 
 2.43298042e+04  2.30403810e+01 -3.27468755e-02 
 2.48908429e+04  2.30403810e+01 -3.35020095e-02 
 2.54648190e+04  2.30403809e+01 -3.42745566e-02 
 2.60520309e+04  2.30403808e+01 -3.50649184e-02 
 2.66527837e+04  2.30403808e+01 -3.58735058e-02 
 2.72673897e+04  2.30403807e+01 -3.67007389e-02 
 2.78961683e+04  2.30403806e+01 -3.75470478e-02 
 2.85394464e+04  2.30403805e+01 -3.84128723e-02 
 2.91975583e+04  2.30403804e+01 -3.92986625e-02 
 2.98708461e+04  2.30403803e+01 -4.02048788e-02 
 3.05596598e+04  2.30403802e+01 -4.11319921e-02 
 3.12643573e+04  2.30403801e+01 -4.20804844e-02 
 3.19853049e+04  2.30403800e+01 -4.30508487e-02 
 3.27228774e+04  2.30403799e+01 -4.40435893e-02 
 3.34774581e+04  2.30403798e+01 -4.50592221e-02 
 3.42494392e+04  2.30403797e+01 -4.60982752e-02 
 3.50392221e+04  2.30403796e+01 -4.71612885e-02 
 3.58472171e+04  2.30403794e+01 -4.82488146e-02 
 3.66738442e+04  2.30403793e+01 -4.93614187e-02 
 3.75195331e+04  2.30403791e+01 -5.04996792e-02 
 3.83847234e+04  2.30403790e+01 -5.16641875e-02 
 3.92698648e+04  2.30403788e+01 -5.28555491e-02 
 4.01754173e+04  2.30403787e+01 -5.40743831e-02 
 4.11018515e+04  2.30403785e+01 -5.53213231e-02 
 4.20496491e+04  2.30403783e+01 -5.65970170e-02 
 4.30193027e+04  2.30403781e+01 -5.79021281e-02 
 4.40113162e+04  2.30403779e+01 -5.92373347e-02 
 4.50262052e+04  2.30403777e+01 -6.06033306e-02 
 4.60644974e+04  2.30403775e+01 -6.20008261e-02 
 4.71267322e+04  2.30403773e+01 -6.34305473e-02 
 4.82134619e+04  2.30403770e+01 -6.48932374e-02 
 4.93252513e+04  2.30403768e+01 -6.63896566e-02 
 5.04626783e+04  2.30403765e+01 -6.79205828e-02 
 5.16263340e+04  2.30403762e+01 -6.94868117e-02 
 5.28168234e+04  2.30403760e+01 -7.10891572e-02 
 5.40347650e+04  2.30403757e+01 -7.27284523e-02 
 5.52807921e+04  2.30403753e+01 -7.44055490e-02 
 5.65555523e+04  2.30403750e+01 -7.61213190e-02 
 5.78597080e+04  2.30403747e+01 -7.78766540e-02 
 5.91939372e+04  2.30403743e+01 -7.96724665e-02 
 6.05589334e+04  2.30403739e+01 -8.15096897e-02 
 6.19554061e+04  2.30403735e+01 -8.33892786e-02 
 6.33840810e+04  2.30403731e+01 -8.53122102e-02 
 6.48457008e+04  2.30403727e+01 -8.72794839e-02 
 6.63410251e+04  2.30403722e+01 -8.92921221e-02 
 6.78708313e+04  2.30403717e+01 -9.13511710e-02 
 6.94359143e+04  2.30403712e+01 -9.34577009e-02 
 7.10370877e+04  2.30403707e+01 -9.56128064e-02 
 7.26751838e+04  2.30403702e+01 -9.78176079e-02 
 7.43510539e+04  2.30403696e+01 -1.00073251e-01 
 7.60655691e+04  2.30403690e+01 -1.02380909e-01 
 7.78196206e+04  2.30403684e+01 -1.04741780e-01 
 7.96141200e+04  2.30403677e+01 -1.07157092e-01 
 8.14500001e+04  2.30403671e+01 -1.09628100e-01 
 8.33282151e+04  2.30403663e+01 -1.12156088e-01 
 8.52497412e+04  2.30403656e+01 -1.14742371e-01 
 8.72155772e+04  2.30403648e+01 -1.17388292e-01 
 8.92267449e+04  2.30403640e+01 -1.20095227e-01 
 9.12842895e+04  2.30403631e+01 -1.22864582e-01 
 9.33892805e+04  2.30403622e+01 -1.25697798e-01 
 9.55428121e+04  2.30403613e+01 -1.28596346e-01 
 9.77460036e+04  2.30403603e+01 -1.31561733e-01 
 1.00000000e+05  2.30403593e+01 -1.34595501e-01 
 1.02305973e+05  2.30403582e+01 -1.37699225e-01 
 1.04665121e+05  2.30403571e+01 -1.40874520e-01 
 1.07078670e+05  2.30403559e+01 -1.44123036e-01 
 1.09547876e+05  2.30403546e+01 -1.47446460e-01 
 1.12074020e+05  2.30403533e+01 -1.50846521e-01 
 1.14658417e+05  2.30403520e+01 -1.54324985e-01 
 1.17302409e+05  2.30403506e+01 -1.57883661e-01 
 1.20007371e+05  2.30403491e+01 -1.61524397e-01 
 1.22774708e+05  2.30403475e+01 -1.65249087e-01 
 1.25605860e+05  2.30403459e+01 -1.69059665e-01 
 1.28502297e+05  2.30403442e+01 -1.72958113e-01 
 1.31465525e+05  2.30403424e+01 -1.76946457e-01 
 1.34497085e+05  2.30403405e+01 -1.81026769e-01 
 1.37598551e+05  2.30403386e+01 -1.85201170e-01 
 1.40771537e+05  2.30403365e+01 -1.89471830e-01 
 1.44017690e+05  2.30403344e+01 -1.93840968e-01 
 1.47338699e+05  2.30403322e+01 -1.98310854e-01 
 1.50736290e+05  2.30403298e+01 -2.02883813e-01 
 1.54212228e+05  2.30403274e+01 -2.07562221e-01 
 1.57768320e+05  2.30403248e+01 -2.12348508e-01 
 1.61406415e+05  2.30403221e+01 -2.17245164e-01 
 1.65128404e+05  2.30403193e+01 -2.22254731e-01 
 1.68936220e+05  2.30403164e+01 -2.27379815e-01 
 1.72831844e+05  2.30403133e+01 -2.32623078e-01 
 1.76817299e+05  2.30403101e+01 -2.37987245e-01 
 1.80894658e+05  2.30403067e+01 -2.43475105e-01 
 1.85066040e+05  2.30403031e+01 -2.49089509e-01 
 1.89333613e+05  2.30402994e+01 -2.54833374e-01 
 1.93699595e+05  2.30402956e+01 -2.60709687e-01 
 1.98166255e+05  2.30402915e+01 -2.66721500e-01 
 2.02735916e+05  2.30402873e+01 -2.72871939e-01 
 2.07410951e+05  2.30402829e+01 -2.79164199e-01 
 2.12193792e+05  2.30402782e+01 -2.85601549e-01 
 2.17086923e+05  2.30402733e+01 -2.92187337e-01 
 2.22092889e+05  2.30402683e+01 -2.98924983e-01 
 2.27214291e+05  2.30402629e+01 -3.05817990e-01 
 2.32453791e+05  2.30402574e+01 -3.12869938e-01 
 2.37814113e+05  2.30402515e+01 -3.20084494e-01 
 2.43298042e+05  2.30402454e+01 -3.27465405e-01 
 2.48908429e+05  2.30402390e+01 -3.35016507e-01 
 2.54648190e+05  2.30402323e+01 -3.42741724e-01 
 2.60520309e+05  2.30402253e+01 -3.50645071e-01 
 2.66527837e+05  2.30402180e+01 -3.58730653e-01 
 2.72673897e+05  2.30402103e+01 -3.67002673e-01 
 2.78961683e+05  2.30402023e+01 -3.75465428e-01 
 2.85394464e+05  2.30401939e+01 -3.84123316e-01 
 2.91975583e+05  2.30401851e+01 -3.92980835e-01 
 2.98708461e+05  2.30401759e+01 -4.02042587e-01 
 3.05596598e+05  2.30401663e+01 -4.11313282e-01 
 3.12643573e+05  2.30401562e+01 -4.20797735e-01 
 3.19853049e+05  2.30401457e+01 -4.30500875e-01 
 3.27228774e+05  2.30401346e+01 -4.40427741e-01 
 3.34774581e+05  2.30401230e+01 -4.50583493e-01 
 3.42494392e+05  2.30401110e+01 -4.60973406e-01 
 3.50392221e+05  2.30400983e+01 -4.71602878e-01 
 3.58472171e+05  2.30400850e+01 -4.82477430e-01 
 3.66738442e+05  2.30400712e+01 -4.93602713e-01 
 3.75195331e+05  2.30400566e+01 -5.04984505e-01 
 3.83847234e+05  2.30400414e+01 -5.16628719e-01 
 3.92698648e+05  2.30400255e+01 -5.28541403e-01 
 4.01754173e+05  2.30400089e+01 -5.40728746e-01 
 4.11018515e+05  2.30399915e+01 -5.53197078e-01 
 4.20496491e+05  2.30399732e+01 -5.65952874e-01 
 4.30193027e+05  2.30399541e+01 -5.79002761e-01 
 4.40113162e+05  2.30399342e+01 -5.92353515e-01 
 4.50262052e+05  2.30399133e+01 -6.06012071e-01 
 4.60644974e+05  2.30398914e+01 -6.19985522e-01 
 4.71267322e+05  2.30398685e+01 -6.34281125e-01 
 4.82134619e+05  2.30398445e+01 -6.48906303e-01 
 4.93252513e+05  2.30398194e+01 -6.63868650e-01 
 5.04626783e+05  2.30397931e+01 -6.79175936e-01 
 5.16263340e+05  2.30397656e+01 -6.94836108e-01 
 5.28168234e+05  2.30397369e+01 -7.10857298e-01 
 5.40347650e+05  2.30397068e+01 -7.27247823e-01 
 5.52807921e+05  2.30396752e+01 -7.44016193e-01 
 5.65555523e+05  2.30396423e+01 -7.61171111e-01 
 5.78597080e+05  2.30396077e+01 -7.78721483e-01 
 5.91939372e+05  2.30395716e+01 -7.96676418e-01 
 6.05589334e+05  2.30395338e+01 -8.15045235e-01 
 6.19554061e+05  2.30394942e+01 -8.33837468e-01 
 6.33840810e+05  2.30394528e+01 -8.53062868e-01 
 6.48457008e+05  2.30394094e+01 -8.72731412e-01 
 6.63410251e+05  2.30393640e+01 -8.92853305e-01 
 6.78708313e+05  2.30393165e+01 -9.13438987e-01 
 6.94359143e+05  2.30392668e+01 -9.34499138e-01 
 7.10370877e+05  2.30392147e+01 -9.56044683e-01 
 7.26751838e+05  2.30391603e+01 -9.78086796e-01 
 7.43510539e+05  2.30391033e+01 -1.00063691e+00 
 7.60655691e+05  2.30390436e+01 -1.02370672e+00 
 7.78196206e+05  2.30389812e+01 -1.04730818e+00 
 7.96141200e+05  2.30389158e+01 -1.07145354e+00 
 8.14500001e+05  2.30388474e+01 -1.09615532e+00 
 8.33282151e+05  2.30387758e+01 -1.12142630e+00 
 8.52497412e+05  2.30387009e+01 -1.14727961e+00 
 8.72155772e+05  2.30386224e+01 -1.17372862e+00 
 8.92267449e+05  2.30385403e+01 -1.20078705e+00 
 9.12842895e+05  2.30384544e+01 -1.22846891e+00 
 9.33892805e+05  2.30383645e+01 -1.25678854e+00 
 9.55428121e+05  2.30382704e+01 -1.28576062e+00 
 9.77460036e+05  2.30381719e+01 -1.31540013e+00 
 1.00000000e+06  2.30380688e+01 -1.34572244e+00 
 1.02305973e+06  2.30379609e+01 -1.37674323e+00 
 1.04665121e+06  2.30378480e+01 -1.40847855e+00 
 1.07078670e+06  2.30377298e+01 -1.44094484e+00 
 1.09547876e+06  2.30376060e+01 -1.47415888e+00 
 1.12074020e+06  2.30374766e+01 -1.50813785e+00 
 1.14658417e+06  2.30373411e+01 -1.54289932e+00 
 1.17302409e+06  2.30371992e+01 -1.57846128e+00 
 1.20007371e+06  2.30370508e+01 -1.61484208e+00 
 1.22774708e+06  2.30368954e+01 -1.65206054e+00 
 1.25605860e+06  2.30367328e+01 -1.69013587e+00 
 1.28502297e+06  2.30365626e+01 -1.72908774e+00 
 1.31465525e+06  2.30363845e+01 -1.76893627e+00 
 1.34497085e+06  2.30361981e+01 -1.80970201e+00 
 1.37598551e+06  2.30360030e+01 -1.85140599e+00 
 1.40771537e+06  2.30357988e+01 -1.89406973e+00 
 1.44017690e+06  2.30355851e+01 -1.93771522e+00 
 1.47338699e+06  2.30353614e+01 -1.98236495e+00 
 1.50736290e+06  2.30351273e+01 -2.02804193e+00 
 1.54212228e+06  2.30348823e+01 -2.07476968e+00 
 1.57768320e+06  2.30346259e+01 -2.12257224e+00 
 1.61406415e+06  2.30343575e+01 -2.17147421e+00 
 1.65128404e+06  2.30340767e+01 -2.22150074e+00 
 1.68936220e+06  2.30337827e+01 -2.27267753e+00 
 1.72831844e+06  2.30334751e+01 -2.32503089e+00 
 1.76817299e+06  2.30331531e+01 -2.37858769e+00 
 1.80894658e+06  2.30328162e+01 -2.43337540e+00 
 1.85066040e+06  2.30324635e+01 -2.48942214e+00 
 1.89333613e+06  2.30320944e+01 -2.54675661e+00 
 1.93699595e+06  2.30317082e+01 -2.60540819e+00 
 1.98166255e+06  2.30313039e+01 -2.66540689e+00 
 2.02735916e+06  2.30308809e+01 -2.72678340e+00 
 2.07410951e+06  2.30304381e+01 -2.78956908e+00 
 2.12193792e+06  2.30299748e+01 -2.85379600e+00 
 2.17086923e+06  2.30294899e+01 -2.91949692e+00 
 2.22092889e+06  2.30289824e+01 -2.98670535e+00 
 2.27214291e+06  2.30284513e+01 -3.05545550e+00 
 2.32453791e+06  2.30278955e+01 -3.12578236e+00 
 2.37814113e+06  2.30273138e+01 -3.19772168e+00 
 2.43298042e+06  2.30267051e+01 -3.27130999e+00 
 2.48908429e+06  2.30260681e+01 -3.34658462e+00 
 2.54648190e+06  2.30254015e+01 -3.42358370e+00 
 2.60520309e+06  2.30247038e+01 -3.50234620e+00 
 2.66527837e+06  2.30239738e+01 -3.58291192e+00 
 2.72673897e+06  2.30232098e+01 -3.66532154e+00 
 2.78961683e+06  2.30224104e+01 -3.74961659e+00 
 2.85394464e+06  2.30215738e+01 -3.83583950e+00 
 2.91975583e+06  2.30206983e+01 -3.92403360e+00 
 2.98708461e+06  2.30197822e+01 -4.01424314e+00 
 3.05596598e+06  2.30188236e+01 -4.10651332e+00 
 3.12643573e+06  2.30178204e+01 -4.20089027e+00 
 3.19853049e+06  2.30167707e+01 -4.29742110e+00 
 3.27228774e+06  2.30156723e+01 -4.39615391e+00 
 3.34774581e+06  2.30145230e+01 -4.49713779e+00 
 3.42494392e+06  2.30133204e+01 -4.60042284e+00 
 3.50392221e+06  2.30120620e+01 -4.70606020e+00 
 3.58472171e+06  2.30107453e+01 -4.81410205e+00 
 3.66738442e+06  2.30093677e+01 -4.92460162e+00 
 3.75195331e+06  2.30079262e+01 -5.03761323e+00 
 3.83847234e+06  2.30064180e+01 -5.15319228e+00 
 3.92698648e+06  2.30048400e+01 -5.27139527e+00 
 4.01754173e+06  2.30031889e+01 -5.39227982e+00 
 4.11018515e+06  2.30014616e+01 -5.51590468e+00 
 4.20496491e+06  2.29996544e+01 -5.64232972e+00 
 4.30193027e+06  2.29977637e+01 -5.77161599e+00 
 4.40113162e+06  2.29957856e+01 -5.90382569e+00 
 4.50262052e+06  2.29937163e+01 -6.03902219e+00 
 4.60644974e+06  2.29915514e+01 -6.17727004e+00 
 4.71267322e+06  2.29892868e+01 -6.31863499e+00 
 4.82134619e+06  2.29869177e+01 -6.46318399e+00 
 4.93252513e+06  2.29844395e+01 -6.61098517e+00 
 5.04626783e+06  2.29818472e+01 -6.76210790e+00 
 5.16263340e+06  2.29791357e+01 -6.91662274e+00 
 5.28168234e+06  2.29762994e+01 -7.07460147e+00 
 5.40347650e+06  2.29733328e+01 -7.23611709e+00 
 5.52807921e+06  2.29702300e+01 -7.40124380e+00 
 5.65555523e+06  2.29669848e+01 -7.57005702e+00 
 5.78597080e+06  2.29635909e+01 -7.74263337e+00 
 5.91939372e+06  2.29600414e+01 -7.91905066e+00 
 6.05589334e+06  2.29563294e+01 -8.09938790e+00 
 6.19554061e+06  2.29524477e+01 -8.28372526e+00 
 6.33840810e+06  2.29483886e+01 -8.47214407e+00 
 6.48457008e+06  2.29441442e+01 -8.66472681e+00 
 6.63410251e+06  2.29397063e+01 -8.86155705e+00 
 6.78708313e+06  2.29350661e+01 -9.06271949e+00 
 6.94359143e+06  2.29302148e+01 -9.26829985e+00 
 7.10370877e+06  2.29251430e+01 -9.47838493e+00 
 7.26751838e+06  2.29198409e+01 -9.69306248e+00 
 7.43510539e+06  2.29142984e+01 -9.91242122e+00 
 7.60655691e+06  2.29085049e+01 -1.01365508e+01 
 7.78196206e+06  2.29024494e+01 -1.03655416e+01 
 7.96141200e+06  2.28961204e+01 -1.05994851e+01 
 8.14500001e+06  2.28895060e+01 -1.08384731e+01 
 8.33282151e+06  2.28825938e+01 -1.10825984e+01 
 8.52497412e+06  2.28753710e+01 -1.13319543e+01 
 8.72155772e+06  2.28678240e+01 -1.15866346e+01 
 8.92267449e+06  2.28599390e+01 -1.18467334e+01 
 9.12842895e+06  2.28517015e+01 -1.21123454e+01 
 9.33892805e+06  2.28430964e+01 -1.23835654e+01 
 9.55428121e+06  2.28341080e+01 -1.26604882e+01 
 9.77460036e+06  2.28247203e+01 -1.29432088e+01 
 1.00000000e+07  2.28149162e+01 -1.32318219e+01 
 1.02305973e+07  2.28046785e+01 -1.35264221e+01 
 1.04665121e+07  2.27939890e+01 -1.38271036e+01 
 1.07078670e+07  2.27828289e+01 -1.41339598e+01 
 1.09547876e+07  2.27711788e+01 -1.44470836e+01 
 1.12074020e+07  2.27590186e+01 -1.47665671e+01 
 1.14658417e+07  2.27463275e+01 -1.50925009e+01 
 1.17302409e+07  2.27330840e+01 -1.54249747e+01 
 1.20007371e+07  2.27192658e+01 -1.57640766e+01 
 1.22774708e+07  2.27048499e+01 -1.61098930e+01 
 1.25605860e+07  2.26898126e+01 -1.64625082e+01 
 1.28502297e+07  2.26741293e+01 -1.68220046e+01 
 1.31465525e+07  2.26577749e+01 -1.71884620e+01 
 1.34497085e+07  2.26407233e+01 -1.75619575e+01 
 1.37598551e+07  2.26229476e+01 -1.79425653e+01 
 1.40771537e+07  2.26044203e+01 -1.83303563e+01 
 1.44017690e+07  2.25851130e+01 -1.87253978e+01 
 1.47338699e+07  2.25649965e+01 -1.91277533e+01 
 1.50736290e+07  2.25440409e+01 -1.95374822e+01 
 1.54212228e+07  2.25222156e+01 -1.99546391e+01 
 1.57768320e+07  2.24994889e+01 -2.03792741e+01 
 1.61406415e+07  2.24758288e+01 -2.08114318e+01 
 1.65128404e+07  2.24512023e+01 -2.12511515e+01 
 1.68936220e+07  2.24255757e+01 -2.16984665e+01 
 1.72831844e+07  2.23989146e+01 -2.21534037e+01 
 1.76817299e+07  2.23711840e+01 -2.26159836e+01 
 1.80894658e+07  2.23423482e+01 -2.30862194e+01 
 1.85066040e+07  2.23123710e+01 -2.35641172e+01 
 1.89333613e+07  2.22812154e+01 -2.40496752e+01 
 1.93699595e+07  2.22488441e+01 -2.45428833e+01 
 1.98166255e+07  2.22152192e+01 -2.50437233e+01 
 2.02735916e+07  2.21803024e+01 -2.55521678e+01 
 2.07410951e+07  2.21440551e+01 -2.60681803e+01 
 2.12193792e+07  2.21064381e+01 -2.65917150e+01 
 2.17086923e+07  2.20674124e+01 -2.71227159e+01 
 2.22092889e+07  2.20269383e+01 -2.76611171e+01 
 2.27214291e+07  2.19849764e+01 -2.82068421e+01 
 2.32453791e+07  2.19414872e+01 -2.87598037e+01 
 2.37814113e+07  2.18964309e+01 -2.93199040e+01 
 2.43298042e+07  2.18497683e+01 -2.98870337e+01 
 2.48908429e+07  2.18014603e+01 -3.04610723e+01 
 2.54648190e+07  2.17514678e+01 -3.10418879e+01 
 2.60520309e+07  2.16997526e+01 -3.16293368e+01 
 2.66527837e+07  2.16462767e+01 -3.22232641e+01 
 2.72673897e+07  2.15910028e+01 -3.28235029e+01 
 2.78961683e+07  2.15338944e+01 -3.34298750e+01 
 2.85394464e+07  2.14749159e+01 -3.40421904e+01 
 2.91975583e+07  2.14140323e+01 -3.46602479e+01 
 2.98708461e+07  2.13512101e+01 -3.52838349e+01 
 3.05596598e+07  2.12864166e+01 -3.59127281e+01 
 3.12643573e+07  2.12196207e+01 -3.65466932e+01 
 3.19853049e+07  2.11507925e+01 -3.71854857e+01 
 3.27228774e+07  2.10799034e+01 -3.78288509e+01 
 3.34774581e+07  2.10069269e+01 -3.84765249e+01 
 3.42494392e+07  2.09318377e+01 -3.91282345e+01 
 3.50392221e+07  2.08546124e+01 -3.97836980e+01 
 3.58472171e+07  2.07752297e+01 -4.04426258e+01 
 3.66738442e+07  2.06936699e+01 -4.11047212e+01 
 3.75195331e+07  2.06099157e+01 -4.17696808e+01 
 3.83847234e+07  2.05239516e+01 -4.24371952e+01 
 3.92698648e+07  2.04357643e+01 -4.31069502e+01 
 4.01754173e+07  2.03453428e+01 -4.37786271e+01 
 4.11018515e+07  2.02526784e+01 -4.44519038e+01 
 4.20496491e+07  2.01577646e+01 -4.51264556e+01 
 4.30193027e+07  2.00605973e+01 -4.58019559e+01 
 4.40113162e+07  1.99611746e+01 -4.64780773e+01 
 4.50262052e+07  1.98594970e+01 -4.71544925e+01 
 4.60644974e+07  1.97555675e+01 -4.78308750e+01 
 4.71267322e+07  1.96493913e+01 -4.85069001e+01 
 4.82134619e+07  1.95409759e+01 -4.91822456e+01 
 4.93252513e+07  1.94303311e+01 -4.98565930e+01 
 5.04626783e+07  1.93174690e+01 -5.05296281e+01 
 5.16263340e+07  1.92024038e+01 -5.12010417e+01 
 5.28168234e+07  1.90851519e+01 -5.18705309e+01 
 5.40347650e+07  1.89657318e+01 -5.25377990e+01 
 5.52807921e+07  1.88441639e+01 -5.32025571e+01 
 5.65555523e+07  1.87204706e+01 -5.38645243e+01 
 5.78597080e+07  1.85946762e+01 -5.45234282e+01 
 5.91939372e+07  1.84668065e+01 -5.51790059e+01 
 6.05589334e+07  1.83368893e+01 -5.58310043e+01 
 6.19554061e+07  1.82049537e+01 -5.64791804e+01 
 6.33840810e+07  1.80710303e+01 -5.71233022e+01 
 6.48457008e+07  1.79351511e+01 -5.77631484e+01 
 6.63410251e+07  1.77973492e+01 -5.83985096e+01 
 6.78708313e+07  1.76576591e+01 -5.90291876e+01 
 6.94359143e+07  1.75161160e+01 -5.96549963e+01 
 7.10370877e+07  1.73727562e+01 -6.02757617e+01 
 7.26751838e+07  1.72276168e+01 -6.08913217e+01 
 7.43510539e+07  1.70807355e+01 -6.15015268e+01 
 7.60655691e+07  1.69321508e+01 -6.21062394e+01 
 7.78196206e+07  1.67819013e+01 -6.27053343e+01 
 7.96141200e+07  1.66300265e+01 -6.32986982e+01 
 8.14500001e+07  1.64765657e+01 -6.38862301e+01 
 8.33282151e+07  1.63215588e+01 -6.44678407e+01 
 8.52497412e+07  1.61650455e+01 -6.50434524e+01 
 8.72155772e+07  1.60070658e+01 -6.56129992e+01 
 8.92267449e+07  1.58476594e+01 -6.61764263e+01 
 9.12842895e+07  1.56868661e+01 -6.67336898e+01 
 9.33892805e+07  1.55247253e+01 -6.72847566e+01 
 9.55428121e+07  1.53612763e+01 -6.78296041e+01 
 9.77460036e+07  1.51965580e+01 -6.83682195e+01 
 1.00000000e+08  1.50306088e+01 -6.89006000e+01 
 1.02305973e+08  1.48634669e+01 -6.94267521e+01 
 1.04665121e+08  1.46951698e+01 -6.99466914e+01 
 1.07078670e+08  1.45257546e+01 -7.04604422e+01 
 1.09547876e+08  1.43552578e+01 -7.09680372e+01 
 1.12074020e+08  1.41837153e+01 -7.14695170e+01 
 1.14658417e+08  1.40111622e+01 -7.19649298e+01 
 1.17302409e+08  1.38376333e+01 -7.24543312e+01 
 1.20007371e+08  1.36631625e+01 -7.29377835e+01 
 1.22774708e+08  1.34877828e+01 -7.34153558e+01 
 1.25605860e+08  1.33115270e+01 -7.38871231e+01 
 1.28502297e+08  1.31344266e+01 -7.43531666e+01 
 1.31465525e+08  1.29565127e+01 -7.48135727e+01 
 1.34497085e+08  1.27778156e+01 -7.52684333e+01 
 1.37598551e+08  1.25983649e+01 -7.57178450e+01 
 1.40771537e+08  1.24181892e+01 -7.61619091e+01 
 1.44017690e+08  1.22373168e+01 -7.66007312e+01 
 1.47338699e+08  1.20557747e+01 -7.70344209e+01 
 1.50736290e+08  1.18735896e+01 -7.74630915e+01 
 1.54212228e+08  1.16907873e+01 -7.78868599e+01 
 1.57768320e+08  1.15073929e+01 -7.83058462e+01 
 1.61406415e+08  1.13234308e+01 -7.87201734e+01 
 1.65128404e+08  1.11389246e+01 -7.91299675e+01 
 1.68936220e+08  1.09538973e+01 -7.95353570e+01 
 1.72831844e+08  1.07683713e+01 -7.99364726e+01 
 1.76817299e+08  1.05823682e+01 -8.03334474e+01 
 1.80894658e+08  1.03959090e+01 -8.07264164e+01 
 1.85066040e+08  1.02090141e+01 -8.11155165e+01 
 1.89333613e+08  1.00217033e+01 -8.15008861e+01 
 1.93699595e+08  9.83399580e+00 -8.18826655e+01 
 1.98166255e+08  9.64591015e+00 -8.22609959e+01 
 2.02735916e+08  9.45746444e+00 -8.26360202e+01 
 2.07410951e+08  9.26867621e+00 -8.30078821e+01 
 2.12193792e+08  9.07956245e+00 -8.33767266e+01 
 2.17086923e+08  8.89013969e+00 -8.37426994e+01 
 2.22092889e+08  8.70042397e+00 -8.41059471e+01 
 2.27214291e+08  8.51043087e+00 -8.44666171e+01 
 2.32453791e+08  8.32017554e+00 -8.48248574e+01 
 2.37814113e+08  8.12967271e+00 -8.51808166e+01 
 2.43298042e+08  7.93893673e+00 -8.55346437e+01 
 2.48908429e+08  7.74798155e+00 -8.58864883e+01 
 2.54648190e+08  7.55682078e+00 -8.62365003e+01 
 2.60520309e+08  7.36546770e+00 -8.65848298e+01 
 2.66527837e+08  7.17393527e+00 -8.69316275e+01 
 2.72673897e+08  6.98223615e+00 -8.72770441e+01 
 2.78961683e+08  6.79038273e+00 -8.76212305e+01 
 2.85394464e+08  6.59838715e+00 -8.79643377e+01 
 2.91975583e+08  6.40626131e+00 -8.83065171e+01 
 2.98708461e+08  6.21401689e+00 -8.86479198e+01 
 3.05596598e+08  6.02166539e+00 -8.89886973e+01 
 3.12643573e+08  5.82921811e+00 -8.93290008e+01 
 3.19853049e+08  5.63668623e+00 -8.96689817e+01 
 3.27228774e+08  5.44408075e+00 -9.00087913e+01 
 3.34774581e+08  5.25141260e+00 -9.03485810e+01 
 3.42494392e+08  5.05869258e+00 -9.06885017e+01 
 3.50392221e+08  4.86593142e+00 -9.10287046e+01 
 3.58472171e+08  4.67313980e+00 -9.13693406e+01 
 3.66738442e+08  4.48032837e+00 -9.17105604e+01 
 3.75195331e+08  4.28750774e+00 -9.20525146e+01 
 3.83847234e+08  4.09468853e+00 -9.23953535e+01 
 3.92698648e+08  3.90188141e+00 -9.27392270e+01 
 4.01754173e+08  3.70909705e+00 -9.30842851e+01 
 4.11018515e+08  3.51634621e+00 -9.34306771e+01 
 4.20496491e+08  3.32363972e+00 -9.37785521e+01 
 4.30193027e+08  3.13098854e+00 -9.41280587e+01 
 4.40113162e+08  2.93840372e+00 -9.44793453e+01 
 4.50262052e+08  2.74589649e+00 -9.48325594e+01 
 4.60644974e+08  2.55347823e+00 -9.51878482e+01 
 4.71267322e+08  2.36116050e+00 -9.55453583e+01 
 4.82134619e+08  2.16895511e+00 -9.59052356e+01 
 4.93252513e+08  1.97687405e+00 -9.62676251e+01 
 5.04626783e+08  1.78492963e+00 -9.66326712e+01 
 5.16263340e+08  1.59313437e+00 -9.70005174e+01 
 5.28168234e+08  1.40150116e+00 -9.73713061e+01 
 5.40347650e+08  1.21004317e+00 -9.77451786e+01 
 5.52807921e+08  1.01877394e+00 -9.81222753e+01 
 5.65555523e+08  8.27707374e-01 -9.85027351e+01 
 5.78597080e+08  6.36857785e-01 -9.88866957e+01 
 5.91939372e+08  4.46239903e-01 -9.92742931e+01 
 6.05589334e+08  2.55868903e-01 -9.96656621e+01 
 6.19554061e+08  6.57604382e-02 -1.00060935e+02 
 6.33840810e+08 -1.24069345e-01 -1.00460244e+02 
 6.48457008e+08 -3.13603776e-01 -1.00863716e+02 
 6.63410251e+08 -5.02825637e-01 -1.01271479e+02 
 6.78708313e+08 -6.91717137e-01 -1.01683658e+02 
 6.94359143e+08 -8.80259887e-01 -1.02100374e+02 
 7.10370877e+08 -1.06843488e+00 -1.02521746e+02 
 7.26751838e+08 -1.25622244e+00 -1.02947891e+02 
 7.43510539e+08 -1.44360227e+00 -1.03378922e+02 
 7.60655691e+08 -1.63055331e+00 -1.03814949e+02 
 7.78196206e+08 -1.81705385e+00 -1.04256079e+02 
 7.96141200e+08 -2.00308140e+00 -1.04702414e+02 
 8.14500001e+08 -2.18861271e+00 -1.05154055e+02 
 8.33282151e+08 -2.37362377e+00 -1.05611095e+02 
 8.52497412e+08 -2.55808977e+00 -1.06073624e+02 
 8.72155772e+08 -2.74198507e+00 -1.06541730e+02 
 8.92267449e+08 -2.92528321e+00 -1.07015493e+02 
 9.12842895e+08 -3.10795690e+00 -1.07494988e+02 
 9.33892805e+08 -3.28997798e+00 -1.07980286e+02 
 9.55428121e+08 -3.47131744e+00 -1.08471453e+02 
 9.77460036e+08 -3.65194540e+00 -1.08968545e+02 
 1.00000000e+09 -3.83183113e+00 -1.09471618e+02 
