 frequency       v(Zin_dm)       v(Zin_dm)       v(Zin_cm)       v(Zin_cm)      
 1.00000000e-01  2.80459926e+05 -4.04799862e+12 -7.12438079e+01 -1.54986939e+12 
 1.02305973e-01  2.80459926e+05 -3.95675687e+12 -7.12438079e+01 -1.51493539e+12 
 1.04665121e-01  2.80459926e+05 -3.86757171e+12 -7.12438079e+01 -1.48078880e+12 
 1.07078670e-01  2.80459926e+05 -3.78039679e+12 -7.12438079e+01 -1.44741188e+12 
 1.09547876e-01  2.80459926e+05 -3.69518678e+12 -7.12438079e+01 -1.41478727e+12 
 1.12074020e-01  2.80459926e+05 -3.61189740e+12 -7.12438079e+01 -1.38289801e+12 
 1.14658417e-01  2.80459926e+05 -3.53048536e+12 -7.12438079e+01 -1.35172754e+12 
 1.17302409e-01  2.80459926e+05 -3.45090835e+12 -7.12438079e+01 -1.32125965e+12 
 1.20007371e-01  2.80459926e+05 -3.37312500e+12 -7.12438079e+01 -1.29147850e+12 
 1.22774708e-01  2.80459926e+05 -3.29709488e+12 -7.12438079e+01 -1.26236862e+12 
 1.25605860e-01  2.80459926e+05 -3.22277848e+12 -7.12438079e+01 -1.23391488e+12 
 1.28502297e-01  2.80459926e+05 -3.15013717e+12 -7.12438079e+01 -1.20610248e+12 
 1.31465525e-01  2.80459926e+05 -3.07913319e+12 -7.12438079e+01 -1.17891698e+12 
 1.34497085e-01  2.80459926e+05 -3.00972963e+12 -7.12438079e+01 -1.15234423e+12 
 1.37598551e-01  2.80459926e+05 -2.94189043e+12 -7.12438079e+01 -1.12637043e+12 
 1.40771537e-01  2.80459926e+05 -2.87558033e+12 -7.12438079e+01 -1.10098208e+12 
 1.44017690e-01  2.80459926e+05 -2.81076485e+12 -7.12438079e+01 -1.07616598e+12 
 1.47338699e-01  2.80459926e+05 -2.74741031e+12 -7.12438079e+01 -1.05190924e+12 
 1.50736290e-01  2.80459926e+05 -2.68548378e+12 -7.12438079e+01 -1.02819924e+12 
 1.54212228e-01  2.80459926e+05 -2.62495307e+12 -7.12438079e+01 -1.00502367e+12 
 1.57768320e-01  2.80459926e+05 -2.56578672e+12 -7.12438079e+01 -9.82370473e+11 
 1.61406415e-01  2.80459926e+05 -2.50795398e+12 -7.12438079e+01 -9.60227877e+11 
 1.65128404e-01  2.80459926e+05 -2.45142479e+12 -7.12438079e+01 -9.38584375e+11 
 1.68936220e-01  2.80459926e+05 -2.39616976e+12 -7.12438079e+01 -9.17428717e+11 
 1.72831844e-01  2.80459926e+05 -2.34216018e+12 -7.12438079e+01 -8.96749906e+11 
 1.76817299e-01  2.80459926e+05 -2.28936797e+12 -7.12438079e+01 -8.76537195e+11 
 1.80894658e-01  2.80459926e+05 -2.23776570e+12 -7.12438079e+01 -8.56780078e+11 
 1.85066040e-01  2.80459926e+05 -2.18732654e+12 -7.12438079e+01 -8.37468286e+11 
 1.89333613e-01  2.80459926e+05 -2.13802428e+12 -7.12438079e+01 -8.18591781e+11 
 1.93699595e-01  2.80459926e+05 -2.08983329e+12 -7.12438079e+01 -8.00140751e+11 
 1.98166255e-01  2.80459926e+05 -2.04272852e+12 -7.12438079e+01 -7.82105607e+11 
 2.02735916e-01  2.80459926e+05 -1.99668549e+12 -7.12438079e+01 -7.64476974e+11 
 2.07410951e-01  2.80459926e+05 -1.95168027e+12 -7.12438079e+01 -7.47245691e+11 
 2.12193792e-01  2.80459926e+05 -1.90768947e+12 -7.12438079e+01 -7.30402799e+11 
 2.17086923e-01  2.80459926e+05 -1.86469022e+12 -7.12438079e+01 -7.13939546e+11 
 2.22092889e-01  2.80459926e+05 -1.82266017e+12 -7.12438079e+01 -6.97847374e+11 
 2.27214291e-01  2.80459926e+05 -1.78157747e+12 -7.12438079e+01 -6.82117920e+11 
 2.32453791e-01  2.80459926e+05 -1.74142078e+12 -7.12438079e+01 -6.66743006e+11 
 2.37814113e-01  2.80459926e+05 -1.70216922e+12 -7.12438079e+01 -6.51714642e+11 
 2.43298042e-01  2.80459926e+05 -1.66380238e+12 -7.12438079e+01 -6.37025018e+11 
 2.48908429e-01  2.80459926e+05 -1.62630034e+12 -7.12438079e+01 -6.22666496e+11 
 2.54648190e-01  2.80459926e+05 -1.58964358e+12 -7.12438079e+01 -6.08631616e+11 
 2.60520309e-01  2.80459926e+05 -1.55381307e+12 -7.12438079e+01 -5.94913081e+11 
 2.66527837e-01  2.80459926e+05 -1.51879018e+12 -7.12438079e+01 -5.81503761e+11 
 2.72673897e-01  2.80459926e+05 -1.48455671e+12 -7.12438079e+01 -5.68396687e+11 
 2.78961683e-01  2.80459926e+05 -1.45109485e+12 -7.12438079e+01 -5.55585046e+11 
 2.85394464e-01  2.80459926e+05 -1.41838722e+12 -7.12438079e+01 -5.43062179e+11 
 2.91975583e-01  2.80459926e+05 -1.38641683e+12 -7.12438079e+01 -5.30821577e+11 
 2.98708461e-01  2.80459926e+05 -1.35516704e+12 -7.12438079e+01 -5.18856877e+11 
 3.05596598e-01  2.80459926e+05 -1.32462162e+12 -7.12438079e+01 -5.07161862e+11 
 3.12643573e-01  2.80459926e+05 -1.29476470e+12 -7.12438079e+01 -4.95730452e+11 
 3.19853049e-01  2.80459926e+05 -1.26558075e+12 -7.12438079e+01 -4.84556705e+11 
 3.27228774e-01  2.80459926e+05 -1.23705461e+12 -7.12438079e+01 -4.73634814e+11 
 3.34774581e-01  2.80459926e+05 -1.20917144e+12 -7.12438079e+01 -4.62959102e+11 
 3.42494392e-01  2.80459926e+05 -1.18191676e+12 -7.12438079e+01 -4.52524020e+11 
 3.50392221e-01  2.80459926e+05 -1.15527640e+12 -7.12438079e+01 -4.42324145e+11 
 3.58472171e-01  2.80459926e+05 -1.12923651e+12 -7.12438079e+01 -4.32354175e+11 
 3.66738442e-01  2.80459926e+05 -1.10378356e+12 -7.12438079e+01 -4.22608927e+11 
 3.75195331e-01  2.80459926e+05 -1.07890431e+12 -7.12438079e+01 -4.13083337e+11 
 3.83847234e-01  2.80459926e+05 -1.05458585e+12 -7.12438079e+01 -4.03772453e+11 
 3.92698648e-01  2.80459926e+05 -1.03081552e+12 -7.12438079e+01 -3.94671437e+11 
 4.01754173e-01  2.80459926e+05 -1.00758098e+12 -7.12438079e+01 -3.85775556e+11 
 4.11018515e-01  2.80459926e+05 -9.84870138e+11 -7.12438079e+01 -3.77080189e+11 
 4.20496491e-01  2.80459926e+05 -9.62671200e+11 -7.12438079e+01 -3.68580815e+11 
 4.30193027e-01  2.80459926e+05 -9.40972626e+11 -7.12438079e+01 -3.60273017e+11 
 4.40113162e-01  2.80459926e+05 -9.19763136e+11 -7.12438079e+01 -3.52152476e+11 
 4.50262052e-01  2.80459926e+05 -8.99031708e+11 -7.12438079e+01 -3.44214971e+11 
 4.60644974e-01  2.80459926e+05 -8.78767565e+11 -7.12438079e+01 -3.36456378e+11 
 4.71267322e-01  2.80459926e+05 -8.58960176e+11 -7.12438079e+01 -3.28872663e+11 
 4.82134619e-01  2.80459926e+05 -8.39599244e+11 -7.12438079e+01 -3.21459885e+11 
 4.93252513e-01  2.80459926e+05 -8.20674707e+11 -7.12438079e+01 -3.14214191e+11 
 5.04626783e-01  2.80459926e+05 -8.02176728e+11 -7.12438079e+01 -3.07131814e+11 
 5.16263340e-01  2.80459926e+05 -7.84095693e+11 -7.12438079e+01 -3.00209074e+11 
 5.28168234e-01  2.80459926e+05 -7.66422204e+11 -7.12438079e+01 -2.93442372e+11 
 5.40347650e-01  2.80459926e+05 -7.49147075e+11 -7.12438079e+01 -2.86828192e+11 
 5.52807921e-01  2.80459926e+05 -7.32261327e+11 -7.12438079e+01 -2.80363095e+11 
 5.65555523e-01  2.80459926e+05 -7.15756183e+11 -7.12438079e+01 -2.74043720e+11 
 5.78597080e-01  2.80459926e+05 -6.99623064e+11 -7.12438079e+01 -2.67866785e+11 
 5.91939372e-01  2.80459926e+05 -6.83853585e+11 -7.12438079e+01 -2.61829077e+11 
 6.05589334e-01  2.80459926e+05 -6.68439549e+11 -7.12438079e+01 -2.55927459e+11 
 6.19554061e-01  2.80459926e+05 -6.53372946e+11 -7.12438079e+01 -2.50158863e+11 
 6.33840810e-01  2.80459926e+05 -6.38645943e+11 -7.12438079e+01 -2.44520291e+11 
 6.48457008e-01  2.80459926e+05 -6.24250886e+11 -7.12438079e+01 -2.39008813e+11 
 6.63410251e-01  2.80459926e+05 -6.10180293e+11 -7.12438079e+01 -2.33621562e+11 
 6.78708313e-01  2.80459926e+05 -5.96426851e+11 -7.12438079e+01 -2.28355741e+11 
 6.94359143e-01  2.80459926e+05 -5.82983411e+11 -7.12438079e+01 -2.23208610e+11 
 7.10370877e-01  2.80459926e+05 -5.69842986e+11 -7.12438079e+01 -2.18177496e+11 
 7.26751838e-01  2.80459926e+05 -5.56998745e+11 -7.12438079e+01 -2.13259783e+11 
 7.43510539e-01  2.80459926e+05 -5.44444014e+11 -7.12438079e+01 -2.08452915e+11 
 7.60655691e-01  2.80459926e+05 -5.32172265e+11 -7.12438079e+01 -2.03754394e+11 
 7.78196206e-01  2.80459926e+05 -5.20177121e+11 -7.12438079e+01 -1.99161777e+11 
 7.96141200e-01  2.80459926e+05 -5.08452347e+11 -7.12438079e+01 -1.94672678e+11 
 8.14500001e-01  2.80459926e+05 -4.96991849e+11 -7.12438079e+01 -1.90284763e+11 
 8.33282151e-01  2.80459926e+05 -4.85789671e+11 -7.12438079e+01 -1.85995751e+11 
 8.52497412e-01  2.80459926e+05 -4.74839989e+11 -7.12438079e+01 -1.81803413e+11 
 8.72155772e-01  2.80459926e+05 -4.64137113e+11 -7.12438079e+01 -1.77705571e+11 
 8.92267449e-01  2.80459926e+05 -4.53675479e+11 -7.12438079e+01 -1.73700094e+11 
 9.12842895e-01  2.80459926e+05 -4.43449650e+11 -7.12438079e+01 -1.69784900e+11 
 9.33892805e-01  2.80459926e+05 -4.33454310e+11 -7.12438079e+01 -1.65957954e+11 
 9.55428121e-01  2.80459926e+05 -4.23684266e+11 -7.12438079e+01 -1.62217268e+11 
 9.77460036e-01  2.80459926e+05 -4.14134437e+11 -7.12438079e+01 -1.58560896e+11 
 1.00000000e+00  2.80459926e+05 -4.04799862e+11 -7.12438079e+01 -1.54986939e+11 
 1.02305973e+00  2.80459926e+05 -3.95675687e+11 -7.12438079e+01 -1.51493539e+11 
 1.04665121e+00  2.80459926e+05 -3.86757171e+11 -7.12438079e+01 -1.48078880e+11 
 1.07078670e+00  2.80459926e+05 -3.78039679e+11 -7.12438079e+01 -1.44741188e+11 
 1.09547876e+00  2.80459926e+05 -3.69518678e+11 -7.12438079e+01 -1.41478727e+11 
 1.12074020e+00  2.80459926e+05 -3.61189740e+11 -7.12438079e+01 -1.38289801e+11 
 1.14658417e+00  2.80459926e+05 -3.53048536e+11 -7.12438079e+01 -1.35172754e+11 
 1.17302409e+00  2.80459926e+05 -3.45090835e+11 -7.12438079e+01 -1.32125965e+11 
 1.20007371e+00  2.80459926e+05 -3.37312500e+11 -7.12438079e+01 -1.29147850e+11 
 1.22774708e+00  2.80459926e+05 -3.29709488e+11 -7.12438079e+01 -1.26236862e+11 
 1.25605860e+00  2.80459926e+05 -3.22277848e+11 -7.12438079e+01 -1.23391488e+11 
 1.28502297e+00  2.80459926e+05 -3.15013717e+11 -7.12438079e+01 -1.20610248e+11 
 1.31465525e+00  2.80459926e+05 -3.07913319e+11 -7.12438079e+01 -1.17891698e+11 
 1.34497085e+00  2.80459926e+05 -3.00972963e+11 -7.12438079e+01 -1.15234423e+11 
 1.37598551e+00  2.80459926e+05 -2.94189043e+11 -7.12438079e+01 -1.12637043e+11 
 1.40771537e+00  2.80459926e+05 -2.87558033e+11 -7.12438079e+01 -1.10098208e+11 
 1.44017690e+00  2.80459926e+05 -2.81076485e+11 -7.12438079e+01 -1.07616598e+11 
 1.47338699e+00  2.80459926e+05 -2.74741031e+11 -7.12438079e+01 -1.05190924e+11 
 1.50736290e+00  2.80459926e+05 -2.68548378e+11 -7.12438079e+01 -1.02819924e+11 
 1.54212228e+00  2.80459926e+05 -2.62495307e+11 -7.12438079e+01 -1.00502367e+11 
 1.57768320e+00  2.80459926e+05 -2.56578672e+11 -7.12438079e+01 -9.82370473e+10 
 1.61406415e+00  2.80459926e+05 -2.50795398e+11 -7.12438079e+01 -9.60227877e+10 
 1.65128404e+00  2.80459926e+05 -2.45142479e+11 -7.12438079e+01 -9.38584375e+10 
 1.68936220e+00  2.80459926e+05 -2.39616976e+11 -7.12438079e+01 -9.17428717e+10 
 1.72831844e+00  2.80459926e+05 -2.34216018e+11 -7.12438079e+01 -8.96749906e+10 
 1.76817299e+00  2.80459926e+05 -2.28936797e+11 -7.12438079e+01 -8.76537195e+10 
 1.80894658e+00  2.80459926e+05 -2.23776570e+11 -7.12438079e+01 -8.56780078e+10 
 1.85066040e+00  2.80459926e+05 -2.18732654e+11 -7.12438079e+01 -8.37468286e+10 
 1.89333613e+00  2.80459926e+05 -2.13802428e+11 -7.12438079e+01 -8.18591781e+10 
 1.93699595e+00  2.80459926e+05 -2.08983329e+11 -7.12438079e+01 -8.00140751e+10 
 1.98166255e+00  2.80459926e+05 -2.04272852e+11 -7.12438079e+01 -7.82105607e+10 
 2.02735916e+00  2.80459926e+05 -1.99668549e+11 -7.12438079e+01 -7.64476974e+10 
 2.07410951e+00  2.80459926e+05 -1.95168027e+11 -7.12438079e+01 -7.47245691e+10 
 2.12193792e+00  2.80459926e+05 -1.90768947e+11 -7.12438079e+01 -7.30402799e+10 
 2.17086923e+00  2.80459926e+05 -1.86469022e+11 -7.12438079e+01 -7.13939546e+10 
 2.22092889e+00  2.80459926e+05 -1.82266017e+11 -7.12438079e+01 -6.97847374e+10 
 2.27214291e+00  2.80459926e+05 -1.78157747e+11 -7.12438079e+01 -6.82117920e+10 
 2.32453791e+00  2.80459926e+05 -1.74142078e+11 -7.12438079e+01 -6.66743006e+10 
 2.37814113e+00  2.80459926e+05 -1.70216922e+11 -7.12438079e+01 -6.51714642e+10 
 2.43298042e+00  2.80459926e+05 -1.66380238e+11 -7.12438079e+01 -6.37025018e+10 
 2.48908429e+00  2.80459926e+05 -1.62630034e+11 -7.12438079e+01 -6.22666496e+10 
 2.54648190e+00  2.80459926e+05 -1.58964358e+11 -7.12438079e+01 -6.08631616e+10 
 2.60520309e+00  2.80459926e+05 -1.55381307e+11 -7.12438079e+01 -5.94913081e+10 
 2.66527837e+00  2.80459926e+05 -1.51879018e+11 -7.12438079e+01 -5.81503761e+10 
 2.72673897e+00  2.80459926e+05 -1.48455671e+11 -7.12438079e+01 -5.68396687e+10 
 2.78961683e+00  2.80459926e+05 -1.45109485e+11 -7.12438079e+01 -5.55585046e+10 
 2.85394464e+00  2.80459926e+05 -1.41838722e+11 -7.12438079e+01 -5.43062179e+10 
 2.91975583e+00  2.80459926e+05 -1.38641683e+11 -7.12438079e+01 -5.30821577e+10 
 2.98708461e+00  2.80459926e+05 -1.35516704e+11 -7.12438079e+01 -5.18856877e+10 
 3.05596598e+00  2.80459926e+05 -1.32462162e+11 -7.12438079e+01 -5.07161862e+10 
 3.12643573e+00  2.80459926e+05 -1.29476470e+11 -7.12438079e+01 -4.95730452e+10 
 3.19853049e+00  2.80459926e+05 -1.26558075e+11 -7.12438079e+01 -4.84556705e+10 
 3.27228774e+00  2.80459926e+05 -1.23705461e+11 -7.12438079e+01 -4.73634814e+10 
 3.34774581e+00  2.80459926e+05 -1.20917144e+11 -7.12438079e+01 -4.62959102e+10 
 3.42494392e+00  2.80459926e+05 -1.18191676e+11 -7.12438079e+01 -4.52524020e+10 
 3.50392221e+00  2.80459926e+05 -1.15527640e+11 -7.12438079e+01 -4.42324145e+10 
 3.58472171e+00  2.80459926e+05 -1.12923651e+11 -7.12438079e+01 -4.32354175e+10 
 3.66738442e+00  2.80459926e+05 -1.10378356e+11 -7.12438079e+01 -4.22608927e+10 
 3.75195331e+00  2.80459926e+05 -1.07890431e+11 -7.12438079e+01 -4.13083337e+10 
 3.83847234e+00  2.80459926e+05 -1.05458585e+11 -7.12438079e+01 -4.03772453e+10 
 3.92698648e+00  2.80459926e+05 -1.03081552e+11 -7.12438079e+01 -3.94671437e+10 
 4.01754173e+00  2.80459926e+05 -1.00758098e+11 -7.12438079e+01 -3.85775556e+10 
 4.11018515e+00  2.80459926e+05 -9.84870138e+10 -7.12438079e+01 -3.77080189e+10 
 4.20496491e+00  2.80459926e+05 -9.62671200e+10 -7.12438079e+01 -3.68580815e+10 
 4.30193027e+00  2.80459926e+05 -9.40972626e+10 -7.12438079e+01 -3.60273017e+10 
 4.40113162e+00  2.80459926e+05 -9.19763136e+10 -7.12438079e+01 -3.52152476e+10 
 4.50262052e+00  2.80459926e+05 -8.99031708e+10 -7.12438079e+01 -3.44214971e+10 
 4.60644974e+00  2.80459926e+05 -8.78767565e+10 -7.12438079e+01 -3.36456378e+10 
 4.71267322e+00  2.80459926e+05 -8.58960176e+10 -7.12438079e+01 -3.28872663e+10 
 4.82134619e+00  2.80459926e+05 -8.39599244e+10 -7.12438079e+01 -3.21459885e+10 
 4.93252513e+00  2.80459926e+05 -8.20674707e+10 -7.12438079e+01 -3.14214191e+10 
 5.04626783e+00  2.80459926e+05 -8.02176728e+10 -7.12438079e+01 -3.07131814e+10 
 5.16263340e+00  2.80459926e+05 -7.84095693e+10 -7.12438079e+01 -3.00209074e+10 
 5.28168234e+00  2.80459926e+05 -7.66422204e+10 -7.12438079e+01 -2.93442372e+10 
 5.40347650e+00  2.80459926e+05 -7.49147075e+10 -7.12438079e+01 -2.86828192e+10 
 5.52807921e+00  2.80459926e+05 -7.32261327e+10 -7.12438079e+01 -2.80363095e+10 
 5.65555523e+00  2.80459926e+05 -7.15756183e+10 -7.12438079e+01 -2.74043720e+10 
 5.78597080e+00  2.80459926e+05 -6.99623064e+10 -7.12438079e+01 -2.67866785e+10 
 5.91939372e+00  2.80459926e+05 -6.83853585e+10 -7.12438079e+01 -2.61829077e+10 
 6.05589334e+00  2.80459926e+05 -6.68439549e+10 -7.12438079e+01 -2.55927459e+10 
 6.19554061e+00  2.80459926e+05 -6.53372946e+10 -7.12438079e+01 -2.50158863e+10 
 6.33840810e+00  2.80459926e+05 -6.38645943e+10 -7.12438079e+01 -2.44520291e+10 
 6.48457008e+00  2.80459926e+05 -6.24250886e+10 -7.12438079e+01 -2.39008813e+10 
 6.63410251e+00  2.80459926e+05 -6.10180293e+10 -7.12438079e+01 -2.33621562e+10 
 6.78708313e+00  2.80459926e+05 -5.96426851e+10 -7.12438079e+01 -2.28355741e+10 
 6.94359143e+00  2.80459926e+05 -5.82983411e+10 -7.12438079e+01 -2.23208610e+10 
 7.10370877e+00  2.80459926e+05 -5.69842986e+10 -7.12438079e+01 -2.18177496e+10 
 7.26751838e+00  2.80459926e+05 -5.56998745e+10 -7.12438079e+01 -2.13259783e+10 
 7.43510539e+00  2.80459926e+05 -5.44444014e+10 -7.12438079e+01 -2.08452915e+10 
 7.60655691e+00  2.80459926e+05 -5.32172265e+10 -7.12438079e+01 -2.03754394e+10 
 7.78196206e+00  2.80459926e+05 -5.20177121e+10 -7.12438079e+01 -1.99161777e+10 
 7.96141200e+00  2.80459926e+05 -5.08452347e+10 -7.12438079e+01 -1.94672678e+10 
 8.14500001e+00  2.80459926e+05 -4.96991849e+10 -7.12438079e+01 -1.90284763e+10 
 8.33282151e+00  2.80459926e+05 -4.85789671e+10 -7.12438079e+01 -1.85995751e+10 
 8.52497412e+00  2.80459926e+05 -4.74839989e+10 -7.12438079e+01 -1.81803413e+10 
 8.72155772e+00  2.80459926e+05 -4.64137113e+10 -7.12438079e+01 -1.77705571e+10 
 8.92267449e+00  2.80459926e+05 -4.53675479e+10 -7.12438079e+01 -1.73700094e+10 
 9.12842895e+00  2.80459926e+05 -4.43449650e+10 -7.12438079e+01 -1.69784900e+10 
 9.33892805e+00  2.80459926e+05 -4.33454310e+10 -7.12438079e+01 -1.65957954e+10 
 9.55428121e+00  2.80459926e+05 -4.23684266e+10 -7.12438079e+01 -1.62217268e+10 
 9.77460036e+00  2.80459926e+05 -4.14134437e+10 -7.12438079e+01 -1.58560896e+10 
 1.00000000e+01  2.80459926e+05 -4.04799862e+10 -7.12438079e+01 -1.54986939e+10 
 1.02305973e+01  2.80459926e+05 -3.95675687e+10 -7.12438079e+01 -1.51493539e+10 
 1.04665121e+01  2.80459926e+05 -3.86757172e+10 -7.12438079e+01 -1.48078880e+10 
 1.07078670e+01  2.80459926e+05 -3.78039679e+10 -7.12438079e+01 -1.44741188e+10 
 1.09547876e+01  2.80459926e+05 -3.69518678e+10 -7.12438079e+01 -1.41478727e+10 
 1.12074020e+01  2.80459926e+05 -3.61189740e+10 -7.12438079e+01 -1.38289801e+10 
 1.14658417e+01  2.80459926e+05 -3.53048536e+10 -7.12438079e+01 -1.35172754e+10 
 1.17302409e+01  2.80459926e+05 -3.45090835e+10 -7.12438079e+01 -1.32125965e+10 
 1.20007371e+01  2.80459926e+05 -3.37312500e+10 -7.12438079e+01 -1.29147850e+10 
 1.22774708e+01  2.80459926e+05 -3.29709488e+10 -7.12438079e+01 -1.26236862e+10 
 1.25605860e+01  2.80459926e+05 -3.22277848e+10 -7.12438079e+01 -1.23391488e+10 
 1.28502297e+01  2.80459926e+05 -3.15013717e+10 -7.12438079e+01 -1.20610248e+10 
 1.31465525e+01  2.80459926e+05 -3.07913319e+10 -7.12438079e+01 -1.17891698e+10 
 1.34497085e+01  2.80459926e+05 -3.00972963e+10 -7.12438079e+01 -1.15234423e+10 
 1.37598551e+01  2.80459926e+05 -2.94189044e+10 -7.12438079e+01 -1.12637043e+10 
 1.40771537e+01  2.80459926e+05 -2.87558033e+10 -7.12438079e+01 -1.10098208e+10 
 1.44017690e+01  2.80459926e+05 -2.81076485e+10 -7.12438079e+01 -1.07616598e+10 
 1.47338699e+01  2.80459926e+05 -2.74741031e+10 -7.12438079e+01 -1.05190924e+10 
 1.50736290e+01  2.80459926e+05 -2.68548378e+10 -7.12438079e+01 -1.02819924e+10 
 1.54212228e+01  2.80459926e+05 -2.62495307e+10 -7.12438079e+01 -1.00502367e+10 
 1.57768320e+01  2.80459926e+05 -2.56578672e+10 -7.12438079e+01 -9.82370473e+09 
 1.61406415e+01  2.80459926e+05 -2.50795398e+10 -7.12438079e+01 -9.60227877e+09 
 1.65128404e+01  2.80459926e+05 -2.45142479e+10 -7.12438079e+01 -9.38584375e+09 
 1.68936220e+01  2.80459926e+05 -2.39616976e+10 -7.12438079e+01 -9.17428717e+09 
 1.72831844e+01  2.80459926e+05 -2.34216018e+10 -7.12438079e+01 -8.96749906e+09 
 1.76817299e+01  2.80459926e+05 -2.28936797e+10 -7.12438079e+01 -8.76537195e+09 
 1.80894658e+01  2.80459926e+05 -2.23776570e+10 -7.12438079e+01 -8.56780078e+09 
 1.85066040e+01  2.80459926e+05 -2.18732654e+10 -7.12438079e+01 -8.37468286e+09 
 1.89333613e+01  2.80459926e+05 -2.13802428e+10 -7.12438079e+01 -8.18591781e+09 
 1.93699595e+01  2.80459926e+05 -2.08983329e+10 -7.12438079e+01 -8.00140751e+09 
 1.98166255e+01  2.80459926e+05 -2.04272852e+10 -7.12438079e+01 -7.82105607e+09 
 2.02735916e+01  2.80459926e+05 -1.99668549e+10 -7.12438079e+01 -7.64476974e+09 
 2.07410951e+01  2.80459926e+05 -1.95168027e+10 -7.12438079e+01 -7.47245691e+09 
 2.12193792e+01  2.80459926e+05 -1.90768947e+10 -7.12438079e+01 -7.30402799e+09 
 2.17086923e+01  2.80459926e+05 -1.86469022e+10 -7.12438079e+01 -7.13939546e+09 
 2.22092889e+01  2.80459926e+05 -1.82266017e+10 -7.12438079e+01 -6.97847374e+09 
 2.27214291e+01  2.80459926e+05 -1.78157747e+10 -7.12438079e+01 -6.82117920e+09 
 2.32453791e+01  2.80459926e+05 -1.74142078e+10 -7.12438079e+01 -6.66743006e+09 
 2.37814113e+01  2.80459926e+05 -1.70216922e+10 -7.12438079e+01 -6.51714642e+09 
 2.43298042e+01  2.80459926e+05 -1.66380238e+10 -7.12438079e+01 -6.37025018e+09 
 2.48908429e+01  2.80459926e+05 -1.62630034e+10 -7.12438079e+01 -6.22666496e+09 
 2.54648190e+01  2.80459926e+05 -1.58964358e+10 -7.12438079e+01 -6.08631616e+09 
 2.60520309e+01  2.80459926e+05 -1.55381308e+10 -7.12438079e+01 -5.94913081e+09 
 2.66527837e+01  2.80459926e+05 -1.51879018e+10 -7.12438079e+01 -5.81503761e+09 
 2.72673897e+01  2.80459926e+05 -1.48455671e+10 -7.12438079e+01 -5.68396687e+09 
 2.78961683e+01  2.80459926e+05 -1.45109485e+10 -7.12438079e+01 -5.55585046e+09 
 2.85394464e+01  2.80459926e+05 -1.41838723e+10 -7.12438079e+01 -5.43062179e+09 
 2.91975583e+01  2.80459926e+05 -1.38641683e+10 -7.12438079e+01 -5.30821577e+09 
 2.98708461e+01  2.80459926e+05 -1.35516704e+10 -7.12438079e+01 -5.18856877e+09 
 3.05596598e+01  2.80459926e+05 -1.32462163e+10 -7.12438079e+01 -5.07161862e+09 
 3.12643573e+01  2.80459926e+05 -1.29476470e+10 -7.12438079e+01 -4.95730452e+09 
 3.19853049e+01  2.80459926e+05 -1.26558075e+10 -7.12438079e+01 -4.84556705e+09 
 3.27228774e+01  2.80459926e+05 -1.23705461e+10 -7.12438079e+01 -4.73634814e+09 
 3.34774581e+01  2.80459926e+05 -1.20917144e+10 -7.12438079e+01 -4.62959102e+09 
 3.42494392e+01  2.80459926e+05 -1.18191676e+10 -7.12438079e+01 -4.52524020e+09 
 3.50392221e+01  2.80459926e+05 -1.15527640e+10 -7.12438079e+01 -4.42324145e+09 
 3.58472171e+01  2.80459926e+05 -1.12923651e+10 -7.12438079e+01 -4.32354175e+09 
 3.66738442e+01  2.80459926e+05 -1.10378356e+10 -7.12438079e+01 -4.22608927e+09 
 3.75195331e+01  2.80459926e+05 -1.07890432e+10 -7.12438079e+01 -4.13083337e+09 
 3.83847234e+01  2.80459925e+05 -1.05458585e+10 -7.12438079e+01 -4.03772453e+09 
 3.92698648e+01  2.80459925e+05 -1.03081552e+10 -7.12438079e+01 -3.94671437e+09 
 4.01754173e+01  2.80459925e+05 -1.00758098e+10 -7.12438079e+01 -3.85775556e+09 
 4.11018515e+01  2.80459925e+05 -9.84870139e+09 -7.12438079e+01 -3.77080189e+09 
 4.20496491e+01  2.80459925e+05 -9.62671202e+09 -7.12438079e+01 -3.68580815e+09 
 4.30193027e+01  2.80459925e+05 -9.40972627e+09 -7.12438079e+01 -3.60273017e+09 
 4.40113162e+01  2.80459925e+05 -9.19763138e+09 -7.12438079e+01 -3.52152476e+09 
 4.50262052e+01  2.80459925e+05 -8.99031709e+09 -7.12438079e+01 -3.44214971e+09 
 4.60644974e+01  2.80459925e+05 -8.78767567e+09 -7.12438079e+01 -3.36456378e+09 
 4.71267322e+01  2.80459925e+05 -8.58960177e+09 -7.12438079e+01 -3.28872663e+09 
 4.82134619e+01  2.80459925e+05 -8.39599246e+09 -7.12438079e+01 -3.21459885e+09 
 4.93252513e+01  2.80459925e+05 -8.20674709e+09 -7.12438079e+01 -3.14214191e+09 
 5.04626783e+01  2.80459925e+05 -8.02176730e+09 -7.12438079e+01 -3.07131814e+09 
 5.16263340e+01  2.80459925e+05 -7.84095695e+09 -7.12438079e+01 -3.00209074e+09 
 5.28168234e+01  2.80459925e+05 -7.66422206e+09 -7.12438079e+01 -2.93442372e+09 
 5.40347650e+01  2.80459925e+05 -7.49147077e+09 -7.12438079e+01 -2.86828192e+09 
 5.52807921e+01  2.80459925e+05 -7.32261329e+09 -7.12438079e+01 -2.80363095e+09 
 5.65555523e+01  2.80459925e+05 -7.15756185e+09 -7.12438079e+01 -2.74043720e+09 
 5.78597080e+01  2.80459925e+05 -6.99623066e+09 -7.12438079e+01 -2.67866785e+09 
 5.91939372e+01  2.80459925e+05 -6.83853587e+09 -7.12438079e+01 -2.61829077e+09 
 6.05589334e+01  2.80459924e+05 -6.68439552e+09 -7.12438079e+01 -2.55927459e+09 
 6.19554061e+01  2.80459924e+05 -6.53372948e+09 -7.12438079e+01 -2.50158863e+09 
 6.33840810e+01  2.80459924e+05 -6.38645945e+09 -7.12438079e+01 -2.44520291e+09 
 6.48457008e+01  2.80459924e+05 -6.24250888e+09 -7.12438079e+01 -2.39008813e+09 
 6.63410251e+01  2.80459924e+05 -6.10180296e+09 -7.12438079e+01 -2.33621562e+09 
 6.78708313e+01  2.80459924e+05 -5.96426854e+09 -7.12438079e+01 -2.28355741e+09 
 6.94359143e+01  2.80459924e+05 -5.82983414e+09 -7.12438079e+01 -2.23208610e+09 
 7.10370877e+01  2.80459924e+05 -5.69842989e+09 -7.12438079e+01 -2.18177496e+09 
 7.26751838e+01  2.80459924e+05 -5.56998748e+09 -7.12438079e+01 -2.13259783e+09 
 7.43510539e+01  2.80459924e+05 -5.44444016e+09 -7.12438079e+01 -2.08452915e+09 
 7.60655691e+01  2.80459924e+05 -5.32172268e+09 -7.12438079e+01 -2.03754394e+09 
 7.78196206e+01  2.80459923e+05 -5.20177124e+09 -7.12438079e+01 -1.99161777e+09 
 7.96141200e+01  2.80459923e+05 -5.08452350e+09 -7.12438079e+01 -1.94672678e+09 
 8.14500001e+01  2.80459923e+05 -4.96991852e+09 -7.12438079e+01 -1.90284763e+09 
 8.33282151e+01  2.80459923e+05 -4.85789674e+09 -7.12438079e+01 -1.85995751e+09 
 8.52497412e+01  2.80459923e+05 -4.74839992e+09 -7.12438079e+01 -1.81803413e+09 
 8.72155772e+01  2.80459923e+05 -4.64137116e+09 -7.12438079e+01 -1.77705571e+09 
 8.92267449e+01  2.80459923e+05 -4.53675482e+09 -7.12438079e+01 -1.73700094e+09 
 9.12842895e+01  2.80459922e+05 -4.43449653e+09 -7.12438079e+01 -1.69784900e+09 
 9.33892805e+01  2.80459922e+05 -4.33454314e+09 -7.12438079e+01 -1.65957954e+09 
 9.55428121e+01  2.80459922e+05 -4.23684269e+09 -7.12438079e+01 -1.62217268e+09 
 9.77460036e+01  2.80459922e+05 -4.14134441e+09 -7.12438079e+01 -1.58560896e+09 
 1.00000000e+02  2.80459922e+05 -4.04799865e+09 -7.12438079e+01 -1.54986939e+09 
 1.02305973e+02  2.80459921e+05 -3.95675691e+09 -7.12438079e+01 -1.51493539e+09 
 1.04665121e+02  2.80459921e+05 -3.86757175e+09 -7.12438079e+01 -1.48078880e+09 
 1.07078670e+02  2.80459921e+05 -3.78039682e+09 -7.12438079e+01 -1.44741188e+09 
 1.09547876e+02  2.80459921e+05 -3.69518682e+09 -7.12438079e+01 -1.41478727e+09 
 1.12074020e+02  2.80459920e+05 -3.61189744e+09 -7.12438079e+01 -1.38289801e+09 
 1.14658417e+02  2.80459920e+05 -3.53048540e+09 -7.12438079e+01 -1.35172754e+09 
 1.17302409e+02  2.80459920e+05 -3.45090839e+09 -7.12438079e+01 -1.32125965e+09 
 1.20007371e+02  2.80459920e+05 -3.37312504e+09 -7.12438079e+01 -1.29147850e+09 
 1.22774708e+02  2.80459919e+05 -3.29709492e+09 -7.12438079e+01 -1.26236862e+09 
 1.25605860e+02  2.80459919e+05 -3.22277852e+09 -7.12438079e+01 -1.23391488e+09 
 1.28502297e+02  2.80459919e+05 -3.15013721e+09 -7.12438079e+01 -1.20610248e+09 
 1.31465525e+02  2.80459918e+05 -3.07913323e+09 -7.12438079e+01 -1.17891698e+09 
 1.34497085e+02  2.80459918e+05 -3.00972968e+09 -7.12438079e+01 -1.15234423e+09 
 1.37598551e+02  2.80459918e+05 -2.94189048e+09 -7.12438079e+01 -1.12637043e+09 
 1.40771537e+02  2.80459917e+05 -2.87558038e+09 -7.12438079e+01 -1.10098208e+09 
 1.44017690e+02  2.80459917e+05 -2.81076490e+09 -7.12438079e+01 -1.07616598e+09 
 1.47338699e+02  2.80459916e+05 -2.74741036e+09 -7.12438079e+01 -1.05190924e+09 
 1.50736290e+02  2.80459916e+05 -2.68548383e+09 -7.12438079e+01 -1.02819924e+09 
 1.54212228e+02  2.80459915e+05 -2.62495313e+09 -7.12438079e+01 -1.00502367e+09 
 1.57768320e+02  2.80459915e+05 -2.56578678e+09 -7.12438079e+01 -9.82370473e+08 
 1.61406415e+02  2.80459914e+05 -2.50795404e+09 -7.12438079e+01 -9.60227877e+08 
 1.65128404e+02  2.80459914e+05 -2.45142485e+09 -7.12438079e+01 -9.38584375e+08 
 1.68936220e+02  2.80459913e+05 -2.39616982e+09 -7.12438079e+01 -9.17428717e+08 
 1.72831844e+02  2.80459913e+05 -2.34216024e+09 -7.12438079e+01 -8.96749906e+08 
 1.76817299e+02  2.80459912e+05 -2.28936804e+09 -7.12438079e+01 -8.76537195e+08 
 1.80894658e+02  2.80459911e+05 -2.23776577e+09 -7.12438079e+01 -8.56780078e+08 
 1.85066040e+02  2.80459911e+05 -2.18732661e+09 -7.12438079e+01 -8.37468286e+08 
 1.89333613e+02  2.80459910e+05 -2.13802435e+09 -7.12438079e+01 -8.18591781e+08 
 1.93699595e+02  2.80459909e+05 -2.08983336e+09 -7.12438079e+01 -8.00140751e+08 
 1.98166255e+02  2.80459908e+05 -2.04272859e+09 -7.12438079e+01 -7.82105607e+08 
 2.02735916e+02  2.80459907e+05 -1.99668557e+09 -7.12438079e+01 -7.64476974e+08 
 2.07410951e+02  2.80459907e+05 -1.95168035e+09 -7.12438079e+01 -7.47245691e+08 
 2.12193792e+02  2.80459906e+05 -1.90768954e+09 -7.12438079e+01 -7.30402799e+08 
 2.17086923e+02  2.80459905e+05 -1.86469029e+09 -7.12438079e+01 -7.13939546e+08 
 2.22092889e+02  2.80459904e+05 -1.82266024e+09 -7.12438079e+01 -6.97847374e+08 
 2.27214291e+02  2.80459903e+05 -1.78157755e+09 -7.12438079e+01 -6.82117920e+08 
 2.32453791e+02  2.80459902e+05 -1.74142086e+09 -7.12438079e+01 -6.66743006e+08 
 2.37814113e+02  2.80459900e+05 -1.70216930e+09 -7.12438079e+01 -6.51714642e+08 
 2.43298042e+02  2.80459899e+05 -1.66380247e+09 -7.12438079e+01 -6.37025018e+08 
 2.48908429e+02  2.80459898e+05 -1.62630042e+09 -7.12438079e+01 -6.22666496e+08 
 2.54648190e+02  2.80459897e+05 -1.58964367e+09 -7.12438079e+01 -6.08631616e+08 
 2.60520309e+02  2.80459895e+05 -1.55381317e+09 -7.12438079e+01 -5.94913081e+08 
 2.66527837e+02  2.80459894e+05 -1.51879028e+09 -7.12438079e+01 -5.81503761e+08 
 2.72673897e+02  2.80459892e+05 -1.48455680e+09 -7.12438079e+01 -5.68396687e+08 
 2.78961683e+02  2.80459891e+05 -1.45109495e+09 -7.12438079e+01 -5.55585046e+08 
 2.85394464e+02  2.80459889e+05 -1.41838733e+09 -7.12438079e+01 -5.43062179e+08 
 2.91975583e+02  2.80459887e+05 -1.38641693e+09 -7.12438079e+01 -5.30821577e+08 
 2.98708461e+02  2.80459886e+05 -1.35516715e+09 -7.12438079e+01 -5.18856877e+08 
 3.05596598e+02  2.80459884e+05 -1.32462173e+09 -7.12438079e+01 -5.07161862e+08 
 3.12643573e+02  2.80459882e+05 -1.29476481e+09 -7.12438079e+01 -4.95730452e+08 
 3.19853049e+02  2.80459880e+05 -1.26558086e+09 -7.12438079e+01 -4.84556705e+08 
 3.27228774e+02  2.80459877e+05 -1.23705472e+09 -7.12438079e+01 -4.73634814e+08 
 3.34774581e+02  2.80459875e+05 -1.20917156e+09 -7.12438079e+01 -4.62959102e+08 
 3.42494392e+02  2.80459873e+05 -1.18191688e+09 -7.12438079e+01 -4.52524020e+08 
 3.50392221e+02  2.80459870e+05 -1.15527652e+09 -7.12438079e+01 -4.42324145e+08 
 3.58472171e+02  2.80459868e+05 -1.12923664e+09 -7.12438079e+01 -4.32354175e+08 
 3.66738442e+02  2.80459865e+05 -1.10378369e+09 -7.12438079e+01 -4.22608927e+08 
 3.75195331e+02  2.80459862e+05 -1.07890445e+09 -7.12438079e+01 -4.13083337e+08 
 3.83847234e+02  2.80459859e+05 -1.05458599e+09 -7.12438079e+01 -4.03772453e+08 
 3.92698648e+02  2.80459856e+05 -1.03081566e+09 -7.12438079e+01 -3.94671437e+08 
 4.01754173e+02  2.80459853e+05 -1.00758112e+09 -7.12438079e+01 -3.85775556e+08 
 4.11018515e+02  2.80459849e+05 -9.84870285e+08 -7.12438079e+01 -3.77080189e+08 
 4.20496491e+02  2.80459846e+05 -9.62671350e+08 -7.12438079e+01 -3.68580815e+08 
 4.30193027e+02  2.80459842e+05 -9.40972779e+08 -7.12438079e+01 -3.60273017e+08 
 4.40113162e+02  2.80459838e+05 -9.19763293e+08 -7.12438079e+01 -3.52152476e+08 
 4.50262052e+02  2.80459834e+05 -8.99031869e+08 -7.12438079e+01 -3.44214971e+08 
 4.60644974e+02  2.80459830e+05 -8.78767730e+08 -7.12438079e+01 -3.36456378e+08 
 4.71267322e+02  2.80459825e+05 -8.58960344e+08 -7.12438079e+01 -3.28872663e+08 
 4.82134619e+02  2.80459820e+05 -8.39599416e+08 -7.12438079e+01 -3.21459885e+08 
 4.93252513e+02  2.80459816e+05 -8.20674883e+08 -7.12438079e+01 -3.14214191e+08 
 5.04626783e+02  2.80459810e+05 -8.02176908e+08 -7.12438079e+01 -3.07131814e+08 
 5.16263340e+02  2.80459805e+05 -7.84095878e+08 -7.12438079e+01 -3.00209074e+08 
 5.28168234e+02  2.80459799e+05 -7.66422393e+08 -7.12438079e+01 -2.93442372e+08 
 5.40347650e+02  2.80459793e+05 -7.49147268e+08 -7.12438079e+01 -2.86828192e+08 
 5.52807921e+02  2.80459787e+05 -7.32261524e+08 -7.12438079e+01 -2.80363095e+08 
 5.65555523e+02  2.80459781e+05 -7.15756384e+08 -7.12438079e+01 -2.74043720e+08 
 5.78597080e+02  2.80459774e+05 -6.99623270e+08 -7.12438079e+01 -2.67866785e+08 
 5.91939372e+02  2.80459767e+05 -6.83853796e+08 -7.12438079e+01 -2.61829077e+08 
 6.05589334e+02  2.80459759e+05 -6.68439766e+08 -7.12438079e+01 -2.55927459e+08 
 6.19554061e+02  2.80459752e+05 -6.53373167e+08 -7.12438079e+01 -2.50158863e+08 
 6.33840810e+02  2.80459744e+05 -6.38646169e+08 -7.12438079e+01 -2.44520291e+08 
 6.48457008e+02  2.80459735e+05 -6.24251118e+08 -7.12438079e+01 -2.39008813e+08 
 6.63410251e+02  2.80459726e+05 -6.10180530e+08 -7.12438079e+01 -2.33621562e+08 
 6.78708313e+02  2.80459717e+05 -5.96427094e+08 -7.12438079e+01 -2.28355741e+08 
 6.94359143e+02  2.80459707e+05 -5.82983659e+08 -7.12438078e+01 -2.23208610e+08 
 7.10370877e+02  2.80459697e+05 -5.69843240e+08 -7.12438079e+01 -2.18177496e+08 
 7.26751838e+02  2.80459686e+05 -5.56999005e+08 -7.12438079e+01 -2.13259783e+08 
 7.43510539e+02  2.80459675e+05 -5.44444279e+08 -7.12438078e+01 -2.08452915e+08 
 7.60655691e+02  2.80459663e+05 -5.32172536e+08 -7.12438078e+01 -2.03754394e+08 
 7.78196206e+02  2.80459651e+05 -5.20177399e+08 -7.12438078e+01 -1.99161777e+08 
 7.96141200e+02  2.80459638e+05 -5.08452632e+08 -7.12438078e+01 -1.94672678e+08 
 8.14500001e+02  2.80459625e+05 -4.96992140e+08 -7.12438078e+01 -1.90284763e+08 
 8.33282151e+02  2.80459610e+05 -4.85789968e+08 -7.12438078e+01 -1.85995751e+08 
 8.52497412e+02  2.80459596e+05 -4.74840293e+08 -7.12438078e+01 -1.81803413e+08 
 8.72155772e+02  2.80459580e+05 -4.64137424e+08 -7.12438078e+01 -1.77705571e+08 
 8.92267449e+02  2.80459564e+05 -4.53675797e+08 -7.12438078e+01 -1.73700094e+08 
 9.12842895e+02  2.80459547e+05 -4.43449975e+08 -7.12438078e+01 -1.69784900e+08 
 9.33892805e+02  2.80459530e+05 -4.33454644e+08 -7.12438078e+01 -1.65957954e+08 
 9.55428121e+02  2.80459511e+05 -4.23684607e+08 -7.12438078e+01 -1.62217268e+08 
 9.77460036e+02  2.80459492e+05 -4.14134786e+08 -7.12438078e+01 -1.58560896e+08 
 1.00000000e+03  2.80459472e+05 -4.04800219e+08 -7.12438078e+01 -1.54986939e+08 
 1.02305973e+03  2.80459450e+05 -3.95676053e+08 -7.12438078e+01 -1.51493539e+08 
 1.04665121e+03  2.80459428e+05 -3.86757545e+08 -7.12438078e+01 -1.48078880e+08 
 1.07078670e+03  2.80459405e+05 -3.78040061e+08 -7.12438078e+01 -1.44741188e+08 
 1.09547876e+03  2.80459381e+05 -3.69519069e+08 -7.12438078e+01 -1.41478727e+08 
 1.12074020e+03  2.80459355e+05 -3.61190140e+08 -7.12438078e+01 -1.38289801e+08 
 1.14658417e+03  2.80459328e+05 -3.53048945e+08 -7.12438078e+01 -1.35172754e+08 
 1.17302409e+03  2.80459301e+05 -3.45091253e+08 -7.12438078e+01 -1.32125965e+08 
 1.20007371e+03  2.80459271e+05 -3.37312928e+08 -7.12438078e+01 -1.29147850e+08 
 1.22774708e+03  2.80459241e+05 -3.29709926e+08 -7.12438078e+01 -1.26236862e+08 
 1.25605860e+03  2.80459209e+05 -3.22278296e+08 -7.12438078e+01 -1.23391488e+08 
 1.28502297e+03  2.80459175e+05 -3.15014175e+08 -7.12438078e+01 -1.20610248e+08 
 1.31465525e+03  2.80459140e+05 -3.07913788e+08 -7.12438078e+01 -1.17891698e+08 
 1.34497085e+03  2.80459104e+05 -3.00973444e+08 -7.12438078e+01 -1.15234423e+08 
 1.37598551e+03  2.80459065e+05 -2.94189535e+08 -7.12438078e+01 -1.12637043e+08 
 1.40771537e+03  2.80459025e+05 -2.87558536e+08 -7.12438078e+01 -1.10098208e+08 
 1.44017690e+03  2.80458983e+05 -2.81076999e+08 -7.12438078e+01 -1.07616598e+08 
 1.47338699e+03  2.80458939e+05 -2.74741557e+08 -7.12438078e+01 -1.05190924e+08 
 1.50736290e+03  2.80458893e+05 -2.68548916e+08 -7.12438078e+01 -1.02819924e+08 
 1.54212228e+03  2.80458845e+05 -2.62495858e+08 -7.12438078e+01 -1.00502367e+08 
 1.57768320e+03  2.80458794e+05 -2.56579236e+08 -7.12438078e+01 -9.82370473e+07 
 1.61406415e+03  2.80458742e+05 -2.50795975e+08 -7.12438078e+01 -9.60227877e+07 
 1.65128404e+03  2.80458686e+05 -2.45143068e+08 -7.12438078e+01 -9.38584375e+07 
 1.68936220e+03  2.80458629e+05 -2.39617579e+08 -7.12438078e+01 -9.17428717e+07 
 1.72831844e+03  2.80458568e+05 -2.34216635e+08 -7.12438078e+01 -8.96749906e+07 
 1.76817299e+03  2.80458505e+05 -2.28937429e+08 -7.12438078e+01 -8.76537195e+07 
 1.80894658e+03  2.80458438e+05 -2.23777216e+08 -7.12438078e+01 -8.56780078e+07 
 1.85066040e+03  2.80458369e+05 -2.18733315e+08 -7.12438078e+01 -8.37468286e+07 
 1.89333613e+03  2.80458296e+05 -2.13803104e+08 -7.12438078e+01 -8.18591780e+07 
 1.93699595e+03  2.80458220e+05 -2.08984020e+08 -7.12438078e+01 -8.00140751e+07 
 1.98166255e+03  2.80458141e+05 -2.04273560e+08 -7.12438078e+01 -7.82105607e+07 
 2.02735916e+03  2.80458057e+05 -1.99669273e+08 -7.12438078e+01 -7.64476974e+07 
 2.07410951e+03  2.80457970e+05 -1.95168768e+08 -7.12438078e+01 -7.47245691e+07 
 2.12193792e+03  2.80457879e+05 -1.90769705e+08 -7.12438078e+01 -7.30402799e+07 
 2.17086923e+03  2.80457784e+05 -1.86469797e+08 -7.12438078e+01 -7.13939546e+07 
 2.22092889e+03  2.80457684e+05 -1.82266810e+08 -7.12438078e+01 -6.97847374e+07 
 2.27214291e+03  2.80457579e+05 -1.78158558e+08 -7.12438077e+01 -6.82117919e+07 
 2.32453791e+03  2.80457469e+05 -1.74142908e+08 -7.12438077e+01 -6.66743006e+07 
 2.37814113e+03  2.80457355e+05 -1.70217771e+08 -7.12438077e+01 -6.51714642e+07 
 2.43298042e+03  2.80457235e+05 -1.66381107e+08 -7.12438077e+01 -6.37025018e+07 
 2.48908429e+03  2.80457109e+05 -1.62630922e+08 -7.12438077e+01 -6.22666496e+07 
 2.54648190e+03  2.80456978e+05 -1.58965268e+08 -7.12438077e+01 -6.08631616e+07 
 2.60520309e+03  2.80456840e+05 -1.55382238e+08 -7.12438077e+01 -5.94913081e+07 
 2.66527837e+03  2.80456696e+05 -1.51879970e+08 -7.12438077e+01 -5.81503761e+07 
 2.72673897e+03  2.80456546e+05 -1.48456644e+08 -7.12438077e+01 -5.68396687e+07 
 2.78961683e+03  2.80456388e+05 -1.45110481e+08 -7.12438077e+01 -5.55585046e+07 
 2.85394464e+03  2.80456223e+05 -1.41839741e+08 -7.12438077e+01 -5.43062179e+07 
 2.91975583e+03  2.80456050e+05 -1.38642725e+08 -7.12438077e+01 -5.30821577e+07 
 2.98708461e+03  2.80455869e+05 -1.35517771e+08 -7.12438077e+01 -5.18856877e+07 
 3.05596598e+03  2.80455680e+05 -1.32463254e+08 -7.12438077e+01 -5.07161862e+07 
 3.12643573e+03  2.80455482e+05 -1.29477586e+08 -7.12438076e+01 -4.95730451e+07 
 3.19853049e+03  2.80455275e+05 -1.26559217e+08 -7.12438076e+01 -4.84556705e+07 
 3.27228774e+03  2.80455058e+05 -1.23706629e+08 -7.12438076e+01 -4.73634814e+07 
 3.34774581e+03  2.80454831e+05 -1.20918339e+08 -7.12438076e+01 -4.62959102e+07 
 3.42494392e+03  2.80454593e+05 -1.18192899e+08 -7.12438076e+01 -4.52524020e+07 
 3.50392221e+03  2.80454344e+05 -1.15528891e+08 -7.12438076e+01 -4.42324145e+07 
 3.58472171e+03  2.80454084e+05 -1.12924931e+08 -7.12438076e+01 -4.32354175e+07 
 3.66738442e+03  2.80453811e+05 -1.10379665e+08 -7.12438076e+01 -4.22608927e+07 
 3.75195331e+03  2.80453526e+05 -1.07891771e+08 -7.12438075e+01 -4.13083337e+07 
 3.83847234e+03  2.80453227e+05 -1.05459955e+08 -7.12438075e+01 -4.03772453e+07 
 3.92698648e+03  2.80452915e+05 -1.03082954e+08 -7.12438075e+01 -3.94671436e+07 
 4.01754173e+03  2.80452588e+05 -1.00759532e+08 -7.12438075e+01 -3.85775556e+07 
 4.11018515e+03  2.80452246e+05 -9.84884813e+07 -7.12438075e+01 -3.77080189e+07 
 4.20496491e+03  2.80451887e+05 -9.62686214e+07 -7.12438075e+01 -3.68580815e+07 
 4.30193027e+03  2.80451512e+05 -9.40987985e+07 -7.12438074e+01 -3.60273017e+07 
 4.40113162e+03  2.80451120e+05 -9.19778850e+07 -7.12438074e+01 -3.52152476e+07 
 4.50262052e+03  2.80450709e+05 -8.99047784e+07 -7.12438074e+01 -3.44214971e+07 
 4.60644974e+03  2.80450279e+05 -8.78784012e+07 -7.12438074e+01 -3.36456378e+07 
 4.71267322e+03  2.80449829e+05 -8.58977002e+07 -7.12438074e+01 -3.28872663e+07 
 4.82134619e+03  2.80449358e+05 -8.39616458e+07 -7.12438073e+01 -3.21459885e+07 
 4.93252513e+03  2.80448865e+05 -8.20692318e+07 -7.12438073e+01 -3.14214191e+07 
 5.04626783e+03  2.80448349e+05 -8.02194745e+07 -7.12438073e+01 -3.07131814e+07 
 5.16263340e+03  2.80447809e+05 -7.84114126e+07 -7.12438073e+01 -3.00209074e+07 
 5.28168234e+03  2.80447244e+05 -7.66441062e+07 -7.12438072e+01 -2.93442372e+07 
 5.40347650e+03  2.80446652e+05 -7.49166367e+07 -7.12438072e+01 -2.86828192e+07 
 5.52807921e+03  2.80446033e+05 -7.32281064e+07 -7.12438072e+01 -2.80363094e+07 
 5.65555523e+03  2.80445385e+05 -7.15776375e+07 -7.12438071e+01 -2.74043720e+07 
 5.78597080e+03  2.80444706e+05 -6.99643722e+07 -7.12438071e+01 -2.67866785e+07 
 5.91939372e+03  2.80443996e+05 -6.83874719e+07 -7.12438071e+01 -2.61829077e+07 
 6.05589334e+03  2.80443253e+05 -6.68461171e+07 -7.12438070e+01 -2.55927459e+07 
 6.19554061e+03  2.80442475e+05 -6.53395066e+07 -7.12438070e+01 -2.50158863e+07 
 6.33840810e+03  2.80441661e+05 -6.38668573e+07 -7.12438070e+01 -2.44520291e+07 
 6.48457008e+03  2.80440809e+05 -6.24274038e+07 -7.12438069e+01 -2.39008812e+07 
 6.63410251e+03  2.80439918e+05 -6.10203979e+07 -7.12438069e+01 -2.33621562e+07 
 6.78708313e+03  2.80438984e+05 -5.96451083e+07 -7.12438068e+01 -2.28355741e+07 
 6.94359143e+03  2.80438007e+05 -5.83008202e+07 -7.12438068e+01 -2.23208610e+07 
 7.10370877e+03  2.80436985e+05 -5.69868348e+07 -7.12438067e+01 -2.18177496e+07 
 7.26751838e+03  2.80435915e+05 -5.57024692e+07 -7.12438067e+01 -2.13259783e+07 
 7.43510539e+03  2.80434795e+05 -5.44470558e+07 -7.12438066e+01 -2.08452915e+07 
 7.60655691e+03  2.80433622e+05 -5.32199422e+07 -7.12438066e+01 -2.03754394e+07 
 7.78196206e+03  2.80432395e+05 -5.20204904e+07 -7.12438065e+01 -1.99161777e+07 
 7.96141200e+03  2.80431111e+05 -5.08480771e+07 -7.12438064e+01 -1.94672678e+07 
 8.14500001e+03  2.80429767e+05 -4.97020928e+07 -7.12438064e+01 -1.90284763e+07 
 8.33282151e+03  2.80428360e+05 -4.85819420e+07 -7.12438063e+01 -1.85995751e+07 
 8.52497412e+03  2.80426888e+05 -4.74870424e+07 -7.12438062e+01 -1.81803413e+07 
 8.72155772e+03  2.80425347e+05 -4.64168249e+07 -7.12438061e+01 -1.77705571e+07 
 8.92267449e+03  2.80423734e+05 -4.53707333e+07 -7.12438061e+01 -1.73700094e+07 
 9.12842895e+03  2.80422046e+05 -4.43482238e+07 -7.12438060e+01 -1.69784900e+07 
 9.33892805e+03  2.80420279e+05 -4.33487650e+07 -7.12438059e+01 -1.65957954e+07 
 9.55428121e+03  2.80418429e+05 -4.23718374e+07 -7.12438058e+01 -1.62217268e+07 
 9.77460036e+03  2.80416494e+05 -4.14169332e+07 -7.12438057e+01 -1.58560896e+07 
 1.00000000e+04  2.80414468e+05 -4.04835561e+07 -7.12438056e+01 -1.54986939e+07 
 1.02305973e+04  2.80412348e+05 -3.95712210e+07 -7.12438055e+01 -1.51493539e+07 
 1.04665121e+04  2.80410128e+05 -3.86794536e+07 -7.12438054e+01 -1.48078880e+07 
 1.07078670e+04  2.80407806e+05 -3.78077904e+07 -7.12438053e+01 -1.44741188e+07 
 1.09547876e+04  2.80405375e+05 -3.69557784e+07 -7.12438052e+01 -1.41478726e+07 
 1.12074020e+04  2.80402830e+05 -3.61229748e+07 -7.12438050e+01 -1.38289801e+07 
 1.14658417e+04  2.80400167e+05 -3.53089466e+07 -7.12438049e+01 -1.35172754e+07 
 1.17302409e+04  2.80397380e+05 -3.45132708e+07 -7.12438048e+01 -1.32125965e+07 
 1.20007371e+04  2.80394463e+05 -3.37355338e+07 -7.12438046e+01 -1.29147850e+07 
 1.22774708e+04  2.80391410e+05 -3.29753314e+07 -7.12438045e+01 -1.26236862e+07 
 1.25605860e+04  2.80388214e+05 -3.22322684e+07 -7.12438043e+01 -1.23391488e+07 
 1.28502297e+04  2.80384870e+05 -3.15059586e+07 -7.12438041e+01 -1.20610248e+07 
 1.31465525e+04  2.80381369e+05 -3.07960245e+07 -7.12438040e+01 -1.17891697e+07 
 1.34497085e+04  2.80377705e+05 -3.01020972e+07 -7.12438038e+01 -1.15234423e+07 
 1.37598551e+04  2.80373871e+05 -2.94238158e+07 -7.12438036e+01 -1.12637043e+07 
 1.40771537e+04  2.80369858e+05 -2.87608279e+07 -7.12438034e+01 -1.10098208e+07 
 1.44017690e+04  2.80365657e+05 -2.81127890e+07 -7.12438032e+01 -1.07616598e+07 
 1.47338699e+04  2.80361261e+05 -2.74793620e+07 -7.12438030e+01 -1.05190924e+07 
 1.50736290e+04  2.80356660e+05 -2.68602179e+07 -7.12438027e+01 -1.02819924e+07 
 1.54212228e+04  2.80351844e+05 -2.62550348e+07 -7.12438025e+01 -1.00502367e+07 
 1.57768320e+04  2.80346804e+05 -2.56634981e+07 -7.12438023e+01 -9.82370470e+06 
 1.61406415e+04  2.80341529e+05 -2.50853004e+07 -7.12438020e+01 -9.60227875e+06 
 1.65128404e+04  2.80336008e+05 -2.45201412e+07 -7.12438017e+01 -9.38584372e+06 
 1.68936220e+04  2.80330230e+05 -2.39677267e+07 -7.12438014e+01 -9.17428714e+06 
 1.72831844e+04  2.80324182e+05 -2.34277698e+07 -7.12438011e+01 -8.96749903e+06 
 1.76817299e+04  2.80317853e+05 -2.28999898e+07 -7.12438008e+01 -8.76537192e+06 
 1.80894658e+04  2.80311229e+05 -2.23841125e+07 -7.12438005e+01 -8.56780075e+06 
 1.85066040e+04  2.80304295e+05 -2.18798696e+07 -7.12438002e+01 -8.37468283e+06 
 1.89333613e+04  2.80297039e+05 -2.13869991e+07 -7.12437998e+01 -8.18591777e+06 
 1.93699595e+04  2.80289445e+05 -2.09052448e+07 -7.12437994e+01 -8.00140748e+06 
 1.98166255e+04  2.80281497e+05 -2.04343563e+07 -7.12437990e+01 -7.82105604e+06 
 2.02735916e+04  2.80273179e+05 -1.99740888e+07 -7.12437986e+01 -7.64476971e+06 
 2.07410951e+04  2.80264473e+05 -1.95242032e+07 -7.12437982e+01 -7.47245687e+06 
 2.12193792e+04  2.80255361e+05 -1.90844656e+07 -7.12437977e+01 -7.30402796e+06 
 2.17086923e+04  2.80245825e+05 -1.86546474e+07 -7.12437973e+01 -7.13939543e+06 
 2.22092889e+04  2.80235845e+05 -1.82345252e+07 -7.12437968e+01 -6.97847371e+06 
 2.27214291e+04  2.80225400e+05 -1.78238806e+07 -7.12437962e+01 -6.82117916e+06 
 2.32453791e+04  2.80214469e+05 -1.74225003e+07 -7.12437957e+01 -6.66743002e+06 
 2.37814113e+04  2.80203028e+05 -1.70301756e+07 -7.12437951e+01 -6.51714638e+06 
 2.43298042e+04  2.80191055e+05 -1.66467025e+07 -7.12437945e+01 -6.37025013e+06 
 2.48908429e+04  2.80178525e+05 -1.62718818e+07 -7.12437939e+01 -6.22666492e+06 
 2.54648190e+04  2.80165411e+05 -1.59055185e+07 -7.12437933e+01 -6.08631611e+06 
 2.60520309e+04  2.80151687e+05 -1.55474224e+07 -7.12437926e+01 -5.94913076e+06 
 2.66527837e+04  2.80137323e+05 -1.51974073e+07 -7.12437919e+01 -5.81503757e+06 
 2.72673897e+04  2.80122292e+05 -1.48552912e+07 -7.12437911e+01 -5.68396682e+06 
 2.78961683e+04  2.80106560e+05 -1.45208963e+07 -7.12437904e+01 -5.55585041e+06 
 2.85394464e+04  2.80090097e+05 -1.41940489e+07 -7.12437895e+01 -5.43062174e+06 
 2.91975583e+04  2.80072868e+05 -1.38745789e+07 -7.12437887e+01 -5.30821572e+06 
 2.98708461e+04  2.80054837e+05 -1.35623204e+07 -7.12437878e+01 -5.18856872e+06 
 3.05596598e+04  2.80035968e+05 -1.32571111e+07 -7.12437868e+01 -5.07161857e+06 
 3.12643573e+04  2.80016221e+05 -1.29587923e+07 -7.12437859e+01 -4.95730446e+06 
 3.19853049e+04  2.79995556e+05 -1.26672090e+07 -7.12437848e+01 -4.84556699e+06 
 3.27228774e+04  2.79973930e+05 -1.23822096e+07 -7.12437838e+01 -4.73634808e+06 
 3.34774581e+04  2.79951299e+05 -1.21036459e+07 -7.12437826e+01 -4.62959096e+06 
 3.42494392e+04  2.79927616e+05 -1.18313732e+07 -7.12437815e+01 -4.52524015e+06 
 3.50392221e+04  2.79902833e+05 -1.15652499e+07 -7.12437802e+01 -4.42324139e+06 
 3.58472171e+04  2.79876897e+05 -1.13051378e+07 -7.12437789e+01 -4.32354169e+06 
 3.66738442e+04  2.79849758e+05 -1.10509015e+07 -7.12437776e+01 -4.22608921e+06 
 3.75195331e+04  2.79821357e+05 -1.08024090e+07 -7.12437762e+01 -4.13083330e+06 
 3.83847234e+04  2.79791638e+05 -1.05595312e+07 -7.12437747e+01 -4.03772447e+06 
 3.92698648e+04  2.79760540e+05 -1.03221416e+07 -7.12437732e+01 -3.94671430e+06 
 4.01754173e+04  2.79727998e+05 -1.00901170e+07 -7.12437715e+01 -3.85775550e+06 
 4.11018515e+04  2.79693946e+05 -9.86333677e+06 -7.12437699e+01 -3.77080182e+06 
 4.20496491e+04  2.79658314e+05 -9.64168297e+06 -7.12437681e+01 -3.68580808e+06 
 4.30193027e+04  2.79621030e+05 -9.42504041e+06 -7.12437662e+01 -3.60273009e+06 
 4.40113162e+04  2.79582017e+05 -9.21329647e+06 -7.12437643e+01 -3.52152468e+06 
 4.50262052e+04  2.79541195e+05 -9.00634108e+06 -7.12437622e+01 -3.44214964e+06 
 4.60644974e+04  2.79498482e+05 -8.80406666e+06 -7.12437601e+01 -3.36456370e+06 
 4.71267322e+04  2.79453791e+05 -8.60636805e+06 -7.12437579e+01 -3.28872655e+06 
 4.82134619e+04  2.79407029e+05 -8.41314249e+06 -7.12437556e+01 -3.21459877e+06 
 4.93252513e+04  2.79358104e+05 -8.22428952e+06 -7.12437531e+01 -3.14214183e+06 
 5.04626783e+04  2.79306914e+05 -8.03971097e+06 -7.12437506e+01 -3.07131806e+06 
 5.16263340e+04  2.79253356e+05 -7.85931088e+06 -7.12437479e+01 -3.00209065e+06 
 5.28168234e+04  2.79197321e+05 -7.68299546e+06 -7.12437451e+01 -2.93442363e+06 
 5.40347650e+04  2.79138696e+05 -7.51067304e+06 -7.12437422e+01 -2.86828183e+06 
 5.52807921e+04  2.79077363e+05 -7.34225404e+06 -7.12437391e+01 -2.80363085e+06 
 5.65555523e+04  2.79013198e+05 -7.17765089e+06 -7.12437359e+01 -2.74043711e+06 
 5.78597080e+04  2.78946071e+05 -7.01677800e+06 -7.12437325e+01 -2.67866775e+06 
 5.91939372e+04  2.78875847e+05 -6.85955174e+06 -7.12437290e+01 -2.61829067e+06 
 6.05589334e+04  2.78802384e+05 -6.70589034e+06 -7.12437253e+01 -2.55927448e+06 
 6.19554061e+04  2.78725536e+05 -6.55571390e+06 -7.12437215e+01 -2.50158852e+06 
 6.33840810e+04  2.78645148e+05 -6.40894434e+06 -7.12437175e+01 -2.44520280e+06 
 6.48457008e+04  2.78561060e+05 -6.26550533e+06 -7.12437133e+01 -2.39008801e+06 
 6.63410251e+04  2.78473103e+05 -6.12532226e+06 -7.12437088e+01 -2.33621551e+06 
 6.78708313e+04  2.78381103e+05 -5.98832224e+06 -7.12437042e+01 -2.28355729e+06 
 6.94359143e+04  2.78284876e+05 -5.85443400e+06 -7.12436994e+01 -2.23208599e+06 
 7.10370877e+04  2.78184230e+05 -5.72358791e+06 -7.12436943e+01 -2.18177484e+06 
 7.26751838e+04  2.78078968e+05 -5.59571590e+06 -7.12436890e+01 -2.13259771e+06 
 7.43510539e+04  2.77968880e+05 -5.47075145e+06 -7.12436835e+01 -2.08452903e+06 
 7.60655691e+04  2.77853750e+05 -5.34862955e+06 -7.12436777e+01 -2.03754381e+06 
 7.78196206e+04  2.77733351e+05 -5.22928664e+06 -7.12436716e+01 -1.99161764e+06 
 7.96141200e+04  2.77607447e+05 -5.11266064e+06 -7.12436653e+01 -1.94672664e+06 
 8.14500001e+04  2.77475791e+05 -4.99869084e+06 -7.12436586e+01 -1.90284749e+06 
 8.33282151e+04  2.77338128e+05 -4.88731793e+06 -7.12436516e+01 -1.85995737e+06 
 8.52497412e+04  2.77194188e+05 -4.77848394e+06 -7.12436443e+01 -1.81803399e+06 
 8.72155772e+04  2.77043694e+05 -4.67213219e+06 -7.12436367e+01 -1.77705556e+06 
 8.92267449e+04  2.76886353e+05 -4.56820731e+06 -7.12436287e+01 -1.73700078e+06 
 9.12842895e+04  2.76721864e+05 -4.46665519e+06 -7.12436204e+01 -1.69784884e+06 
 9.33892805e+04  2.76549911e+05 -4.36742292e+06 -7.12436116e+01 -1.65957938e+06 
 9.55428121e+04  2.76370164e+05 -4.27045880e+06 -7.12436025e+01 -1.62217252e+06 
 9.77460036e+04  2.76182283e+05 -4.17571232e+06 -7.12435929e+01 -1.58560880e+06 
 1.00000000e+05  2.75985910e+05 -4.08313407e+06 -7.12435829e+01 -1.54986922e+06 
 1.02305973e+05  2.75780674e+05 -3.99267580e+06 -7.12435724e+01 -1.51493522e+06 
 1.04665121e+05  2.75566191e+05 -3.90429034e+06 -7.12435614e+01 -1.48078862e+06 
 1.07078670e+05  2.75342060e+05 -3.81793157e+06 -7.12435499e+01 -1.44741169e+06 
 1.09547876e+05  2.75107862e+05 -3.73355444e+06 -7.12435379e+01 -1.41478708e+06 
 1.12074020e+05  2.74863165e+05 -3.65111489e+06 -7.12435253e+01 -1.38289782e+06 
 1.14658417e+05  2.74607519e+05 -3.57056987e+06 -7.12435121e+01 -1.35172734e+06 
 1.17302409e+05  2.74340456e+05 -3.49187730e+06 -7.12434983e+01 -1.32125945e+06 
 1.20007371e+05  2.74061489e+05 -3.41499605e+06 -7.12434838e+01 -1.29147830e+06 
 1.22774708e+05  2.73770116e+05 -3.33988592e+06 -7.12434687e+01 -1.26236841e+06 
 1.25605860e+05  2.73465813e+05 -3.26650760e+06 -7.12434529e+01 -1.23391466e+06 
 1.28502297e+05  2.73148037e+05 -3.19482267e+06 -7.12434363e+01 -1.20610226e+06 
 1.31465525e+05  2.72816227e+05 -3.12479358e+06 -7.12434190e+01 -1.17891675e+06 
 1.34497085e+05  2.72469801e+05 -3.05638361e+06 -7.12434009e+01 -1.15234400e+06 
 1.37598551e+05  2.72108154e+05 -2.98955688e+06 -7.12433819e+01 -1.12637020e+06 
 1.40771537e+05  2.71730663e+05 -2.92427828e+06 -7.12433620e+01 -1.10098184e+06 
 1.44017690e+05  2.71336682e+05 -2.86051351e+06 -7.12433412e+01 -1.07616574e+06 
 1.47338699e+05  2.70925544e+05 -2.79822903e+06 -7.12433194e+01 -1.05190899e+06 
 1.50736290e+05  2.70496558e+05 -2.73739202e+06 -7.12432967e+01 -1.02819899e+06 
 1.54212228e+05  2.70049013e+05 -2.67797042e+06 -7.12432728e+01 -1.00502341e+06 
 1.57768320e+05  2.69582172e+05 -2.61993285e+06 -7.12432478e+01 -9.82370203e+05 
 1.61406415e+05  2.69095279e+05 -2.56324863e+06 -7.12432217e+01 -9.60227601e+05 
 1.65128404e+05  2.68587553e+05 -2.50788776e+06 -7.12431944e+01 -9.38584092e+05 
 1.68936220e+05  2.68058188e+05 -2.45382088e+06 -7.12431658e+01 -9.17428428e+05 
 1.72831844e+05  2.67506360e+05 -2.40101927e+06 -7.12431358e+01 -8.96749610e+05 
 1.76817299e+05  2.66931216e+05 -2.34945485e+06 -7.12431044e+01 -8.76536893e+05 
 1.80894658e+05  2.66331885e+05 -2.29910011e+06 -7.12430716e+01 -8.56779768e+05 
 1.85066040e+05  2.65707471e+05 -2.24992816e+06 -7.12430373e+01 -8.37467969e+05 
 1.89333613e+05  2.65057056e+05 -2.20191266e+06 -7.12430013e+01 -8.18591456e+05 
 1.93699595e+05  2.64379701e+05 -2.15502785e+06 -7.12429637e+01 -8.00140419e+05 
 1.98166255e+05  2.63674446e+05 -2.10924849e+06 -7.12429243e+01 -7.82105268e+05 
 2.02735916e+05  2.62940309e+05 -2.06454987e+06 -7.12428831e+01 -7.64476627e+05 
 2.07410951e+05  2.62176291e+05 -2.02090780e+06 -7.12428400e+01 -7.47245335e+05 
 2.12193792e+05  2.61381373e+05 -1.97829858e+06 -7.12427948e+01 -7.30402436e+05 
 2.17086923e+05  2.60554518e+05 -1.93669899e+06 -7.12427476e+01 -7.13939175e+05 
 2.22092889e+05  2.59694676e+05 -1.89608627e+06 -7.12426981e+01 -6.97846994e+05 
 2.27214291e+05  2.58800779e+05 -1.85643813e+06 -7.12426463e+01 -6.82117530e+05 
 2.32453791e+05  2.57871751e+05 -1.81773272e+06 -7.12425921e+01 -6.66742608e+05 
 2.37814113e+05  2.56906500e+05 -1.77994859e+06 -7.12425354e+01 -6.51714235e+05 
 2.43298042e+05  2.55903931e+05 -1.74306472e+06 -7.12424761e+01 -6.37024601e+05 
 2.48908429e+05  2.54862940e+05 -1.70706050e+06 -7.12424139e+01 -6.22666070e+05 
 2.54648190e+05  2.53782420e+05 -1.67191569e+06 -7.12423489e+01 -6.08631180e+05 
 2.60520309e+05  2.52661264e+05 -1.63761042e+06 -7.12422808e+01 -5.94912635e+05 
 2.66527837e+05  2.51498369e+05 -1.60412520e+06 -7.12422096e+01 -5.81503305e+05 
 2.72673897e+05  2.50292637e+05 -1.57144088e+06 -7.12421350e+01 -5.68396220e+05 
 2.78961683e+05  2.49042979e+05 -1.53953865e+06 -7.12420570e+01 -5.55584568e+05 
 2.85394464e+05  2.47748322e+05 -1.50840002e+06 -7.12419753e+01 -5.43061690e+05 
 2.91975583e+05  2.46407611e+05 -1.47800683e+06 -7.12418898e+01 -5.30821077e+05 
 2.98708461e+05  2.45019811e+05 -1.44834122e+06 -7.12418004e+01 -5.18856366e+05 
 3.05596598e+05  2.43583919e+05 -1.41938562e+06 -7.12417067e+01 -5.07161338e+05 
 3.12643573e+05  2.42098960e+05 -1.39112275e+06 -7.12416087e+01 -4.95729916e+05 
 3.19853049e+05  2.40564000e+05 -1.36353562e+06 -7.12415061e+01 -4.84556157e+05 
 3.27228774e+05  2.38978148e+05 -1.33660749e+06 -7.12413987e+01 -4.73634254e+05 
 3.34774581e+05  2.37340559e+05 -1.31032190e+06 -7.12412863e+01 -4.62958529e+05 
 3.42494392e+05  2.35650448e+05 -1.28466263e+06 -7.12411687e+01 -4.52523434e+05 
 3.50392221e+05  2.33907088e+05 -1.25961372e+06 -7.12410456e+01 -4.42323545e+05 
 3.58472171e+05  2.32109821e+05 -1.23515943e+06 -7.12409167e+01 -4.32353561e+05 
 3.66738442e+05  2.30258063e+05 -1.21128428e+06 -7.12407818e+01 -4.22608299e+05 
 3.75195331e+05  2.28351310e+05 -1.18797300e+06 -7.12406407e+01 -4.13082694e+05 
 3.83847234e+05  2.26389146e+05 -1.16521057e+06 -7.12404929e+01 -4.03771796e+05 
 3.92698648e+05  2.24371249e+05 -1.14298218e+06 -7.12403383e+01 -3.94670764e+05 
 4.01754173e+05  2.22297397e+05 -1.12127323e+06 -7.12401764e+01 -3.85774868e+05 
 4.11018515e+05  2.20167477e+05 -1.10006935e+06 -7.12400070e+01 -3.77079485e+05 
 4.20496491e+05  2.17981487e+05 -1.07935640e+06 -7.12398297e+01 -3.68580095e+05 
 4.30193027e+05  2.15739544e+05 -1.05912044e+06 -7.12396441e+01 -3.60272280e+05 
 4.40113162e+05  2.13441894e+05 -1.03934775e+06 -7.12394499e+01 -3.52151722e+05 
 4.50262052e+05  2.11088910e+05 -1.02002483e+06 -7.12392466e+01 -3.44214200e+05 
 4.60644974e+05  2.08681103e+05 -1.00113841e+06 -7.12390338e+01 -3.36455589e+05 
 4.71267322e+05  2.06219124e+05 -9.82675445e+05 -7.12388111e+01 -3.28871856e+05 
 4.82134619e+05  2.03703770e+05 -9.64623097e+05 -7.12385780e+01 -3.21459060e+05 
 4.93252513e+05  2.01135984e+05 -9.46968777e+05 -7.12383340e+01 -3.14213346e+05 
 5.04626783e+05  1.98516861e+05 -9.29700129e+05 -7.12380786e+01 -3.07130950e+05 
 5.16263340e+05  1.95847650e+05 -9.12805035e+05 -7.12378114e+01 -3.00208190e+05 
 5.28168234e+05  1.93129753e+05 -8.96271628e+05 -7.12375316e+01 -2.93441468e+05 
 5.40347650e+05  1.90364726e+05 -8.80088291e+05 -7.12372388e+01 -2.86827266e+05 
 5.52807921e+05  1.87554280e+05 -8.64243669e+05 -7.12369324e+01 -2.80362148e+05 
 5.65555523e+05  1.84700279e+05 -8.48726673e+05 -7.12366117e+01 -2.74042752e+05 
 5.78597080e+05  1.81804737e+05 -8.33526487e+05 -7.12362760e+01 -2.67865794e+05 
 5.91939372e+05  1.78869813e+05 -8.18632576e+05 -7.12359246e+01 -2.61828063e+05 
 6.05589334e+05  1.75897810e+05 -8.04034692e+05 -7.12355568e+01 -2.55926422e+05 
 6.19554061e+05  1.72891165e+05 -7.89722883e+05 -7.12351719e+01 -2.50157802e+05 
 6.33840810e+05  1.69852449e+05 -7.75687497e+05 -7.12347691e+01 -2.44519206e+05 
 6.48457008e+05  1.66784351e+05 -7.61919189e+05 -7.12343474e+01 -2.39007702e+05 
 6.63410251e+05  1.63689677e+05 -7.48408928e+05 -7.12339061e+01 -2.33620426e+05 
 6.78708313e+05  1.60571335e+05 -7.35148000e+05 -7.12334442e+01 -2.28354578e+05 
 6.94359143e+05  1.57432330e+05 -7.22128016e+05 -7.12329607e+01 -2.23207421e+05 
 7.10370877e+05  1.54275748e+05 -7.09340910e+05 -7.12324547e+01 -2.18176280e+05 
 7.26751838e+05  1.51104747e+05 -6.96778951e+05 -7.12319251e+01 -2.13258539e+05 
 7.43510539e+05  1.47922544e+05 -6.84434735e+05 -7.12313708e+01 -2.08451642e+05 
 7.60655691e+05  1.44732402e+05 -6.72301194e+05 -7.12307906e+01 -2.03753091e+05 
 7.78196206e+05  1.41537617e+05 -6.60371590e+05 -7.12301833e+01 -1.99160445e+05 
 7.96141200e+05  1.38341504e+05 -6.48639519e+05 -7.12295478e+01 -1.94671315e+05 
 8.14500001e+05  1.35147384e+05 -6.37098906e+05 -7.12288826e+01 -1.90283368e+05 
 8.33282151e+05  1.31958570e+05 -6.25744002e+05 -7.12281863e+01 -1.85994324e+05 
 8.52497412e+05  1.28778351e+05 -6.14569380e+05 -7.12274576e+01 -1.81801953e+05 
 8.72155772e+05  1.25609982e+05 -6.03569929e+05 -7.12266949e+01 -1.77704077e+05 
 8.92267449e+05  1.22456670e+05 -5.92740848e+05 -7.12258966e+01 -1.73698566e+05 
 9.12842895e+05  1.19321560e+05 -5.82077639e+05 -7.12250610e+01 -1.69783336e+05 
 9.33892805e+05  1.16207722e+05 -5.71576097e+05 -7.12241865e+01 -1.65956355e+05 
 9.55428121e+05  1.13118141e+05 -5.61232300e+05 -7.12232713e+01 -1.62215632e+05 
 9.77460036e+05  1.10055708e+05 -5.51042601e+05 -7.12223133e+01 -1.58559222e+05 
 1.00000000e+06  1.07023204e+05 -5.41003615e+05 -7.12213106e+01 -1.54985227e+05 
 1.02305973e+06  1.04023297e+05 -5.31112206e+05 -7.12202612e+01 -1.51491787e+05 
 1.04665121e+06  1.01058531e+05 -5.21365478e+05 -7.12191628e+01 -1.48077088e+05 
 1.07078670e+06  9.81313155e+04 -5.11760759e+05 -7.12180132e+01 -1.44739354e+05 
 1.09547876e+06  9.52439263e+04 -5.02295591e+05 -7.12168099e+01 -1.41476850e+05 
 1.12074020e+06  9.23984939e+04 -4.92967712e+05 -7.12155506e+01 -1.38287882e+05 
 1.14658417e+06  8.95970020e+04 -4.83775046e+05 -7.12142325e+01 -1.35170790e+05 
 1.17302409e+06  8.68412838e+04 -4.74715688e+05 -7.12128529e+01 -1.32123956e+05 
 1.20007371e+06  8.41330192e+04 -4.65787889e+05 -7.12114090e+01 -1.29145795e+05 
 1.22774708e+06  8.14737342e+04 -4.56990047e+05 -7.12098977e+01 -1.26234760e+05 
 1.25605860e+06  7.88648002e+04 -4.48320686e+05 -7.12083159e+01 -1.23389337e+05 
 1.28502297e+06  7.63074344e+04 -4.39778450e+05 -7.12066604e+01 -1.20608048e+05 
 1.31465525e+06  7.38027013e+04 -4.31362088e+05 -7.12049277e+01 -1.17889446e+05 
 1.34497085e+06  7.13515152e+04 -4.23070440e+05 -7.12031141e+01 -1.15232120e+05 
 1.37598551e+06  6.89546427e+04 -4.14902427e+05 -7.12012160e+01 -1.12634687e+05 
 1.40771537e+06  6.66127065e+04 -4.06857039e+05 -7.11992294e+01 -1.10095798e+05 
 1.44017690e+06  6.43261896e+04 -3.98933325e+05 -7.11971501e+01 -1.07614132e+05 
 1.47338699e+06  6.20954399e+04 -3.91130384e+05 -7.11949738e+01 -1.05188401e+05 
 1.50736290e+06  5.99206756e+04 -3.83447353e+05 -7.11926960e+01 -1.02817343e+05 
 1.54212228e+06  5.78019907e+04 -3.75883401e+05 -7.11903121e+01 -1.00499727e+05 
 1.57768320e+06  5.57393607e+04 -3.68437718e+05 -7.11878169e+01 -9.82343459e+04 
 1.61406415e+06  5.37326492e+04 -3.61109512e+05 -7.11852054e+01 -9.60200241e+04 
 1.65128404e+06  5.17816140e+04 -3.53897997e+05 -7.11824721e+01 -9.38556102e+04 
 1.68936220e+06  4.98859135e+04 -3.46802392e+05 -7.11796114e+01 -9.17399792e+04 
 1.72831844e+06  4.80451136e+04 -3.39821913e+05 -7.11766172e+01 -8.96720315e+04 
 1.76817299e+06  4.62586943e+04 -3.32955767e+05 -7.11734835e+01 -8.76506923e+04 
 1.80894658e+06  4.45260560e+04 -3.26203153e+05 -7.11702036e+01 -8.56749108e+04 
 1.85066040e+06  4.28465263e+04 -3.19563251e+05 -7.11667708e+01 -8.37436602e+04 
 1.89333613e+06  4.12193664e+04 -3.13035226e+05 -7.11631780e+01 -8.18559367e+04 
 1.93699595e+06  3.96437775e+04 -3.06618221e+05 -7.11594176e+01 -8.00107590e+04 
 1.98166255e+06  3.81189066e+04 -3.00311358e+05 -7.11554820e+01 -7.82071683e+04 
 2.02735916e+06  3.66438530e+04 -2.94113733e+05 -7.11513628e+01 -7.64442269e+04 
 2.07410951e+06  3.52176735e+04 -2.88024418e+05 -7.11470516e+01 -7.47210186e+04 
 2.12193792e+06  3.38393882e+04 -2.82042460e+05 -7.11425394e+01 -7.30366477e+04 
 2.17086923e+06  3.25079857e+04 -2.76166876e+05 -7.11378169e+01 -7.13902387e+04 
 2.22092889e+06  3.12224282e+04 -2.70396662e+05 -7.11328742e+01 -6.97809359e+04 
 2.27214291e+06  2.99816559e+04 -2.64730782e+05 -7.11277011e+01 -6.82079029e+04 
 2.32453791e+06  2.87845919e+04 -2.59168179e+05 -7.11222869e+01 -6.66703220e+04 
 2.37814113e+06  2.76301460e+04 -2.53707767e+05 -7.11166204e+01 -6.51673940e+04 
 2.43298042e+06  2.65172190e+04 -2.48348439e+05 -7.11106897e+01 -6.36983378e+04 
 2.48908429e+06  2.54447060e+04 -2.43089062e+05 -7.11044827e+01 -6.22623898e+04 
 2.54648190e+06  2.44114999e+04 -2.37928481e+05 -7.10979863e+01 -6.08588037e+04 
 2.60520309e+06  2.34164947e+04 -2.32865523e+05 -7.10911872e+01 -5.94868499e+04 
 2.66527837e+06  2.24585879e+04 -2.27898992e+05 -7.10840713e+01 -5.81458153e+04 
 2.72673897e+06  2.15366836e+04 -2.23027676e+05 -7.10766238e+01 -5.68350030e+04 
 2.78961683e+06  2.06496949e+04 -2.18250345e+05 -7.10688293e+01 -5.55537315e+04 
 2.85394464e+06  1.97965454e+04 -2.13565755e+05 -7.10606716e+01 -5.43013349e+04 
 2.91975583e+06  1.89761720e+04 -2.08972649e+05 -7.10521339e+01 -5.30771624e+04 
 2.98708461e+06  1.81875258e+04 -2.04469756e+05 -7.10431984e+01 -5.18805775e+04 
 3.05596598e+06  1.74295744e+04 -2.00055797e+05 -7.10338466e+01 -5.07109584e+04 
 3.12643573e+06  1.67013027e+04 -1.95729483e+05 -7.10240593e+01 -4.95676972e+04 
 3.19853049e+06  1.60017142e+04 -1.91489518e+05 -7.10138161e+01 -4.84501995e+04 
 3.27228774e+06  1.53298321e+04 -1.87334601e+05 -7.10030958e+01 -4.73578846e+04 
 3.34774581e+06  1.46847002e+04 -1.83263426e+05 -7.09918763e+01 -4.62901848e+04 
 3.42494392e+06  1.40653835e+04 -1.79274686e+05 -7.09801343e+01 -4.52465450e+04 
 3.50392221e+06  1.34709686e+04 -1.75367069e+05 -7.09678457e+01 -4.42264228e+04 
 3.58472171e+06  1.29005647e+04 -1.71539267e+05 -7.09549848e+01 -4.32292881e+04 
 3.66738442e+06  1.23533034e+04 -1.67789971e+05 -7.09415253e+01 -4.22546225e+04 
 3.75195331e+06  1.18283392e+04 -1.64117876e+05 -7.09274392e+01 -4.13019194e+04 
 3.83847234e+06  1.13248496e+04 -1.60521679e+05 -7.09126975e+01 -4.03706837e+04 
 3.92698648e+06  1.08420353e+04 -1.57000084e+05 -7.08972698e+01 -3.94604313e+04 
 4.01754173e+06  1.03791199e+04 -1.53551800e+05 -7.08811241e+01 -3.85706892e+04 
 4.11018515e+06  9.93535025e+03 -1.50175543e+05 -7.08642272e+01 -3.77009948e+04 
 4.20496491e+06  9.50999583e+03 -1.46870036e+05 -7.08465442e+01 -3.68508962e+04 
 4.30193027e+06  9.10234887e+03 -1.43634012e+05 -7.08280386e+01 -3.60199515e+04 
 4.40113162e+06  8.71172402e+03 -1.40466213e+05 -7.08086724e+01 -3.52077288e+04 
 4.50262052e+06  8.33745806e+03 -1.37365393e+05 -7.07884055e+01 -3.44138059e+04 
 4.60644974e+06  7.97890954e+03 -1.34330313e+05 -7.07671963e+01 -3.36377702e+04 
 4.71267322e+06  7.63545848e+03 -1.31359751e+05 -7.07450011e+01 -3.28792184e+04 
 4.82134619e+06  7.30650592e+03 -1.28452494e+05 -7.07217742e+01 -3.21377562e+04 
 4.93252513e+06  6.99147352e+03 -1.25607342e+05 -7.06974678e+01 -3.14129981e+04 
 5.04626783e+06  6.68980316e+03 -1.22823111e+05 -7.06720321e+01 -3.07045676e+04 
 5.16263340e+06  6.40095643e+03 -1.20098626e+05 -7.06454146e+01 -3.00120963e+04 
 5.28168234e+06  6.12441421e+03 -1.17432732e+05 -7.06175608e+01 -2.93352245e+04 
 5.40347650e+06  5.85967615e+03 -1.14824285e+05 -7.05884136e+01 -2.86736002e+04 
 5.52807921e+06  5.60626022e+03 -1.12272157e+05 -7.05579131e+01 -2.80268796e+04 
 5.65555523e+06  5.36370220e+03 -1.09775234e+05 -7.05259968e+01 -2.73947266e+04 
 5.78597080e+06  5.13155519e+03 -1.07332420e+05 -7.04925994e+01 -2.67768126e+04 
 5.91939372e+06  4.90938912e+03 -1.04942633e+05 -7.04576524e+01 -2.61728164e+04 
 6.05589334e+06  4.69679022e+03 -1.02604806e+05 -7.04210845e+01 -2.55824242e+04 
 6.19554061e+06  4.49336057e+03 -1.00317891e+05 -7.03828210e+01 -2.50053290e+04 
 6.33840810e+06  4.29871760e+03 -9.80808523e+04 -7.03427836e+01 -2.44412310e+04 
 6.48457008e+06  4.11249357e+03 -9.58926738e+04 -7.03008907e+01 -2.38898369e+04 
 6.63410251e+06  3.93433513e+03 -9.37523539e+04 -7.02570569e+01 -2.33508601e+04 
 6.78708313e+06  3.76390282e+03 -9.16589075e+04 -7.02111930e+01 -2.28240207e+04 
 6.94359143e+06  3.60087064e+03 -8.96113661e+04 -7.01632057e+01 -2.23090446e+04 
 7.10370877e+06  3.44492554e+03 -8.76087772e+04 -7.01129974e+01 -2.18056644e+04 
 7.26751838e+06  3.29576700e+03 -8.56502049e+04 -7.00604663e+01 -2.13136183e+04 
 7.43510539e+06  3.15310662e+03 -8.37347293e+04 -7.00055058e+01 -2.08326507e+04 
 7.60655691e+06  3.01666762e+03 -8.18614467e+04 -6.99480047e+01 -2.03625116e+04 
 7.78196206e+06  2.88618448e+03 -8.00294695e+04 -6.98878466e+01 -1.99029566e+04 
 7.96141200e+06  2.76140251e+03 -7.82379260e+04 -6.98249101e+01 -1.94537469e+04 
 8.14500001e+06  2.64207747e+03 -7.64859605e+04 -6.97590681e+01 -1.90146491e+04 
 8.33282151e+06  2.52797513e+03 -7.47727329e+04 -6.96901882e+01 -1.85854350e+04 
 8.52497412e+06  2.41887095e+03 -7.30974187e+04 -6.96181317e+01 -1.81658814e+04 
 8.72155772e+06  2.31454970e+03 -7.14592092e+04 -6.95427541e+01 -1.77557705e+04 
 8.92267449e+06  2.21480509e+03 -6.98573105e+04 -6.94639043e+01 -1.73548890e+04 
 9.12842895e+06  2.11943943e+03 -6.82909442e+04 -6.93814244e+01 -1.69630287e+04 
 9.33892805e+06  2.02826330e+03 -6.67593467e+04 -6.92951499e+01 -1.65799859e+04 
 9.55428121e+06  1.94109525e+03 -6.52617694e+04 -6.92049087e+01 -1.62055615e+04 
 9.77460036e+06  1.85776143e+03 -6.37974781e+04 -6.91105214e+01 -1.58395611e+04 
 1.00000000e+07  1.77809536e+03 -6.23657532e+04 -6.90118006e+01 -1.54817944e+04 
 1.02305973e+07  1.70193758e+03 -6.09658893e+04 -6.89085510e+01 -1.51320756e+04 
 1.04665121e+07  1.62913539e+03 -5.95971950e+04 -6.88005685e+01 -1.47902229e+04 
 1.07078670e+07  1.55954260e+03 -5.82589928e+04 -6.86876404e+01 -1.44560587e+04 
 1.09547876e+07  1.49301922e+03 -5.69506188e+04 -6.85695448e+01 -1.41294095e+04 
 1.12074020e+07  1.42943126e+03 -5.56714227e+04 -6.84460502e+01 -1.38101055e+04 
 1.14658417e+07  1.36865044e+03 -5.44207672e+04 -6.83169155e+01 -1.34979808e+04 
 1.17302409e+07  1.31055398e+03 -5.31980281e+04 -6.81818890e+01 -1.31928733e+04 
 1.20007371e+07  1.25502439e+03 -5.20025943e+04 -6.80407086e+01 -1.28946245e+04 
 1.22774708e+07  1.20194921e+03 -5.08338669e+04 -6.78931012e+01 -1.26030796e+04 
 1.25605860e+07  1.15122083e+03 -4.96912596e+04 -6.77387822e+01 -1.23180870e+04 
 1.28502297e+07  1.10273628e+03 -4.85741984e+04 -6.75774552e+01 -1.20394988e+04 
 1.31465525e+07  1.05639704e+03 -4.74821212e+04 -6.74088117e+01 -1.17671703e+04 
 1.34497085e+07  1.01210885e+03 -4.64144775e+04 -6.72325303e+01 -1.15009601e+04 
 1.37598551e+07  9.69781545e+02 -4.53707286e+04 -6.70482769e+01 -1.12407299e+04 
 1.40771537e+07  9.29328857e+02 -4.43503471e+04 -6.68557037e+01 -1.09863448e+04 
 1.44017690e+07  8.90668270e+02 -4.33528168e+04 -6.66544490e+01 -1.07376726e+04 
 1.47338699e+07  8.53720855e+02 -4.23776323e+04 -6.64441369e+01 -1.04945842e+04 
 1.50736290e+07  8.18411120e+02 -4.14242991e+04 -6.62243765e+01 -1.02569535e+04 
 1.54212228e+07  7.84666862e+02 -4.04923333e+04 -6.59947620e+01 -1.00246572e+04 
 1.57768320e+07  7.52419027e+02 -3.95812611e+04 -6.57548719e+01 -9.79757485e+03 
 1.61406415e+07  7.21601577e+02 -3.86906191e+04 -6.55042686e+01 -9.57558854e+03 
 1.65128404e+07  6.92151360e+02 -3.78199537e+04 -6.52424983e+01 -9.35858318e+03 
 1.68936220e+07  6.64007986e+02 -3.69688212e+04 -6.49690903e+01 -9.14644626e+03 
 1.72831844e+07  6.37113709e+02 -3.61367875e+04 -6.46835568e+01 -8.93906779e+03 
 1.76817299e+07  6.11413314e+02 -3.53234276e+04 -6.43853925e+01 -8.73634029e+03 
 1.80894658e+07  5.86854005e+02 -3.45283261e+04 -6.40740744e+01 -8.53815873e+03 
 1.85066040e+07  5.63385306e+02 -3.37510763e+04 -6.37490614e+01 -8.34442044e+03 
 1.89333613e+07  5.40958955e+02 -3.29912805e+04 -6.34097940e+01 -8.15502510e+03 
 1.93699595e+07  5.19528811e+02 -3.22485496e+04 -6.30556944e+01 -7.96987467e+03 
 1.98166255e+07  4.99050762e+02 -3.15225030e+04 -6.26861659e+01 -7.78887333e+03 
 2.02735916e+07  4.79482637e+02 -3.08127685e+04 -6.23005935e+01 -7.61192745e+03 
 2.07410951e+07  4.60784121e+02 -3.01189819e+04 -6.18983430e+01 -7.43894555e+03 
 2.12193792e+07  4.42916677e+02 -2.94407871e+04 -6.14787619e+01 -7.26983823e+03 
 2.17086923e+07  4.25843462e+02 -2.87778357e+04 -6.10411790e+01 -7.10451814e+03 
 2.22092889e+07  4.09529261e+02 -2.81297871e+04 -6.05849050e+01 -6.94289994e+03 
 2.27214291e+07  3.93940411e+02 -2.74963079e+04 -6.01092325e+01 -6.78490024e+03 
 2.32453791e+07  3.79044735e+02 -2.68770724e+04 -5.96134369e+01 -6.63043757e+03 
 2.37814113e+07  3.64811477e+02 -2.62717618e+04 -5.90967768e+01 -6.47943236e+03 
 2.43298042e+07  3.51211238e+02 -2.56800646e+04 -5.85584949e+01 -6.33180686e+03 
 2.48908429e+07  3.38215921e+02 -2.51016758e+04 -5.79978187e+01 -6.18748513e+03 
 2.54648190e+07  3.25798668e+02 -2.45362975e+04 -5.74139620e+01 -6.04639300e+03 
 2.60520309e+07  3.13933810e+02 -2.39836382e+04 -5.68061262e+01 -5.90845803e+03 
 2.66527837e+07  3.02596815e+02 -2.34434129e+04 -5.61735018e+01 -5.77360947e+03 
 2.72673897e+07  2.91764233e+02 -2.29153429e+04 -5.55152700e+01 -5.64177823e+03 
 2.78961683e+07  2.81413656e+02 -2.23991558e+04 -5.48306055e+01 -5.51289686e+03 
 2.85394464e+07  2.71523664e+02 -2.18945850e+04 -5.41186783e+01 -5.38689950e+03 
 2.91975583e+07  2.62073791e+02 -2.14013699e+04 -5.33786566e+01 -5.26372184e+03 
 2.98708461e+07  2.53044472e+02 -2.09192560e+04 -5.26097103e+01 -5.14330112e+03 
 3.05596598e+07  2.44417013e+02 -2.04479940e+04 -5.18110138e+01 -5.02557609e+03 
 3.12643573e+07  2.36173548e+02 -1.99873403e+04 -5.09817505e+01 -4.91048696e+03 
 3.19853049e+07  2.28297001e+02 -1.95370570e+04 -5.01211168e+01 -4.79797539e+03 
 3.27228774e+07  2.20771055e+02 -1.90969111e+04 -4.92283269e+01 -4.68798445e+03 
 3.34774581e+07  2.13580117e+02 -1.86666751e+04 -4.83026181e+01 -4.58045863e+03 
 3.42494392e+07  2.06709285e+02 -1.82461263e+04 -4.73432567e+01 -4.47534374e+03 
 3.50392221e+07  2.00144318e+02 -1.78350471e+04 -4.63495440e+01 -4.37258698e+03 
 3.58472171e+07  1.93871607e+02 -1.74332249e+04 -4.53208233e+01 -4.27213680e+03 
 3.66738442e+07  1.87878148e+02 -1.70404517e+04 -4.42564873e+01 -4.17394300e+03 
 3.75195331e+07  1.82151514e+02 -1.66565240e+04 -4.31559862e+01 -4.07795659e+03 
 3.83847234e+07  1.76679828e+02 -1.62812431e+04 -4.20188358e+01 -3.98412983e+03 
 3.92698648e+07  1.71451744e+02 -1.59144147e+04 -4.08446270e+01 -3.89241622e+03 
 4.01754173e+07  1.66456416e+02 -1.55558488e+04 -3.96330354e+01 -3.80277039e+03 
 4.11018515e+07  1.61683482e+02 -1.52053595e+04 -3.83838314e+01 -3.71514817e+03 
 4.20496491e+07  1.57123039e+02 -1.48627653e+04 -3.70968907e+01 -3.62950650e+03 
 4.30193027e+07  1.52765626e+02 -1.45278887e+04 -3.57722058e+01 -3.54580343e+03 
 4.40113162e+07  1.48602200e+02 -1.42005561e+04 -3.44098969e+01 -3.46399810e+03 
 4.50262052e+07  1.44624122e+02 -1.38805978e+04 -3.30102244e+01 -3.38405068e+03 
 4.60644974e+07  1.40823134e+02 -1.35678480e+04 -3.15736000e+01 -3.30592237e+03 
 4.71267322e+07  1.37191348e+02 -1.32621445e+04 -3.01005993e+01 -3.22957537e+03 
 4.82134619e+07  1.33721224e+02 -1.29633288e+04 -2.85919734e+01 -3.15497282e+03 
 4.93252513e+07  1.30405559e+02 -1.26712459e+04 -2.70486606e+01 -3.08207881e+03 
 5.04626783e+07  1.27237469e+02 -1.23857445e+04 -2.54717973e+01 -3.01085831e+03 
 5.16263340e+07  1.24210377e+02 -1.21066763e+04 -2.38627290e+01 -2.94127717e+03 
 5.28168234e+07  1.21317997e+02 -1.18338966e+04 -2.22230192e+01 -2.87330204e+03 
 5.40347650e+07  1.18554324e+02 -1.15672640e+04 -2.05544582e+01 -2.80690038e+03 
 5.52807921e+07  1.15913617e+02 -1.13066400e+04 -1.88590698e+01 -2.74204039e+03 
 5.65555523e+07  1.13390393e+02 -1.10518895e+04 -1.71391168e+01 -2.67869098e+03 
 5.78597080e+07  1.10979411e+02 -1.08028803e+04 -1.53971036e+01 -2.61682174e+03 
 5.91939372e+07  1.08675665e+02 -1.05594831e+04 -1.36357777e+01 -2.55640287e+03 
 6.05589334e+07  1.06474368e+02 -1.03215716e+04 -1.18581271e+01 -2.49740516e+03 
 6.19554061e+07  1.04370949e+02 -1.00890224e+04 -1.00673762e+01 -2.43979996e+03 
 6.33840810e+07  1.02361038e+02 -9.86171473e+03 -8.26697786e+00 -2.38355910e+03 
 6.48457008e+07  1.00440460e+02 -9.63953061e+03 -6.46060194e+00 -2.32865487e+03 
 6.63410251e+07  9.86052248e+01 -9.42235470e+03 -4.65212079e+00 -2.27505998e+03 
 6.78708313e+07  9.68515197e+01 -9.21007426e+03 -2.84559086e+00 -2.22274751e+03 
 6.94359143e+07  9.51757012e+01 -9.00257908e+03 -1.04523070e+00 -2.17169086e+03 
 7.10370877e+07  9.35742876e+01 -8.79976144e+03  7.44604616e-01 -2.12186375e+03 
 7.26751838e+07  9.20439515e+01 -8.60151602e+03  2.51945257e+00 -2.07324014e+03 
 7.43510539e+07  9.05815133e+01 -8.40773989e+03  4.27477551e+00 -2.02579423e+03 
 7.60655691e+07  8.91839341e+01 -8.21833243e+03  6.00599587e+00 -1.97950042e+03 
 7.78196206e+07  8.78483100e+01 -8.03319527e+03  7.70853391e+00 -1.93433328e+03 
 7.96141200e+07  8.65718654e+01 -7.85223228e+03  9.37784736e+00 -1.89026756e+03 
 8.14500001e+07  8.53519480e+01 -7.67534948e+03  1.10094726e+01 -1.84727814e+03 
 8.33282151e+07  8.41860227e+01 -7.50245499e+03  1.25990662e+01 -1.80534003e+03 
 8.52497412e+07  8.30716665e+01 -7.33345903e+03  1.41424469e+01 -1.76442840e+03 
 8.72155772e+07  8.20065637e+01 -7.16827381e+03  1.56356365e+01 -1.72451855e+03 
 8.92267449e+07  8.09885008e+01 -7.00681354e+03  1.70748989e+01 -1.68558591e+03 
 9.12842895e+07  8.00153619e+01 -6.84899436e+03  1.84567775e+01 -1.64760609e+03 
 9.33892805e+07  7.90851249e+01 -6.69473428e+03  1.97781287e+01 -1.61055489e+03 
 9.55428121e+07  7.81958563e+01 -6.54395318e+03  2.10361519e+01 -1.57440828e+03 
 9.77460036e+07  7.73457080e+01 -6.39657272e+03  2.22284156e+01 -1.53914248e+03 
 1.00000000e+08  7.65329132e+01 -6.25251634e+03  2.33528775e+01 -1.50473399e+03 
 1.02305973e+08  7.57557827e+01 -6.11170921e+03  2.44079002e+01 -1.47115956e+03 
 1.04665121e+08  7.50127014e+01 -5.97407817e+03  2.53922611e+01 -1.43839630e+03 
 1.07078670e+08  7.43021249e+01 -5.83955173e+03  2.63051567e+01 -1.40642167e+03 
 1.09547876e+08  7.36225766e+01 -5.70805998e+03  2.71462006e+01 -1.37521354e+03 
 1.12074020e+08  7.29726442e+01 -5.57953462e+03  2.79154171e+01 -1.34475021e+03 
 1.14658417e+08  7.23509771e+01 -5.45390886e+03  2.86132291e+01 -1.31501043e+03 
 1.17302409e+08  7.17562832e+01 -5.33111743e+03  2.92404407e+01 -1.28597347e+03 
 1.20007371e+08  7.11873269e+01 -5.21109654e+03  2.97982163e+01 -1.25761910e+03 
 1.22774708e+08  7.06429258e+01 -5.09378381e+03  3.02880558e+01 -1.22992765e+03 
 1.25605860e+08  7.01219487e+01 -4.97911829e+03  3.07117661e+01 -1.20288003e+03 
 1.28502297e+08  6.96233132e+01 -4.86704040e+03  3.10714312e+01 -1.17645772e+03 
 1.31465525e+08  6.91459833e+01 -4.75749190e+03  3.13693794e+01 -1.15064280e+03 
 1.34497085e+08  6.86889674e+01 -4.65041585e+03  3.16081506e+01 -1.12541794e+03 
 1.37598551e+08  6.82513159e+01 -4.54575663e+03  3.17904623e+01 -1.10076645e+03 
 1.40771537e+08  6.78321200e+01 -4.44345983e+03  3.19191757e+01 -1.07667222e+03 
 1.44017690e+08  6.74305090e+01 -4.34347231e+03  3.19972632e+01 -1.05311976e+03 
 1.47338699e+08  6.70456490e+01 -4.24574208e+03  3.20277768e+01 -1.03009417e+03 
 1.50736290e+08  6.66767407e+01 -4.15021838e+03  3.20138172e+01 -1.00758114e+03 
 1.54212228e+08  6.63230186e+01 -4.05685154e+03  3.19585063e+01 -9.85566902e+02 
 1.57768320e+08  6.59837483e+01 -3.96559305e+03  3.18649606e+01 -9.64038283e+02 
 1.61406415e+08  6.56582259e+01 -3.87639547e+03  3.17362674e+01 -9.42982621e+02 
 1.65128404e+08  6.53457761e+01 -3.78921244e+03  3.15754638e+01 -9.22387776e+02 
 1.68936220e+08  6.50457510e+01 -3.70399865e+03  3.13855177e+01 -9.02242101e+02 
 1.72831844e+08  6.47575286e+01 -3.62070981e+03  3.11693113e+01 -8.82534420e+02 
 1.76817299e+08  6.44805116e+01 -3.53930262e+03  3.09296277e+01 -8.63254008e+02 
 1.80894658e+08  6.42141262e+01 -3.45973476e+03  3.06691389e+01 -8.44390563e+02 
 1.85066040e+08  6.39578210e+01 -3.38196488e+03  3.03903973e+01 -8.25934189e+02 
 1.89333613e+08  6.37110654e+01 -3.30595255e+03  3.00958281e+01 -8.07875367e+02 
 1.93699595e+08  6.34733495e+01 -3.23165824e+03  2.97877244e+01 -7.90204937e+02 
 1.98166255e+08  6.32441818e+01 -3.15904334e+03  2.94682441e+01 -7.72914078e+02 
 2.02735916e+08  6.30230894e+01 -3.08807009e+03  2.91394079e+01 -7.55994280e+02 
 2.07410951e+08  6.28096163e+01 -3.01870160e+03  2.88030995e+01 -7.39437333e+02 
 2.12193792e+08  6.26033224e+01 -2.95090178e+03  2.84610663e+01 -7.23235301e+02 
 2.17086923e+08  6.24037834e+01 -2.88463540e+03  2.81149213e+01 -7.07380508e+02 
 2.22092889e+08  6.22105891e+01 -2.81986798e+03  2.77661468e+01 -6.91865521e+02 
 2.27214291e+08  6.20233430e+01 -2.75656585e+03  2.74160978e+01 -6.76683133e+02 
 2.32453791e+08  6.18416616e+01 -2.69469609e+03  2.70660063e+01 -6.61826351e+02 
 2.37814113e+08  6.16651733e+01 -2.63422652e+03  2.67169865e+01 -6.47288379e+02 
 2.43298042e+08  6.14935178e+01 -2.57512568e+03  2.63700401e+01 -6.33062606e+02 
 2.48908429e+08  6.13263459e+01 -2.51736284e+03  2.60260616e+01 -6.19142601e+02 
 2.54648190e+08  6.11633180e+01 -2.46090793e+03  2.56858444e+01 -6.05522091e+02 
 2.60520309e+08  6.10041039e+01 -2.40573160e+03  2.53500864e+01 -5.92194963e+02 
 2.66527837e+08  6.08483823e+01 -2.35180513e+03  2.50193958e+01 -5.79155247e+02 
 2.72673897e+08  6.06958400e+01 -2.29910045e+03  2.46942975e+01 -5.66397113e+02 
 2.78961683e+08  6.05461713e+01 -2.24759014e+03  2.43752380e+01 -5.53914861e+02 
 2.85394464e+08  6.03990776e+01 -2.19724739e+03  2.40625916e+01 -5.41702915e+02 
 2.91975583e+08  6.02542668e+01 -2.14804598e+03  2.37566658e+01 -5.29755819e+02 
 2.98708461e+08  6.01114526e+01 -2.09996031e+03  2.34577064e+01 -5.18068228e+02 
 3.05596598e+08  5.99703545e+01 -2.05296533e+03  2.31659026e+01 -5.06634907e+02 
 3.12643573e+08  5.98306967e+01 -2.00703656e+03  2.28813917e+01 -4.95450725e+02 
 3.19853049e+08  5.96922084e+01 -1.96215007e+03  2.26042640e+01 -4.84510650e+02 
 3.27228774e+08  5.95546227e+01 -1.91828249e+03  2.23345670e+01 -4.73809748e+02 
 3.34774581e+08  5.94176763e+01 -1.87541095e+03  2.20723092e+01 -4.63343177e+02 
 3.42494392e+08  5.92811098e+01 -1.83351309e+03  2.18174645e+01 -4.53106186e+02 
 3.50392221e+08  5.91446663e+01 -1.79256708e+03  2.15699753e+01 -4.43094113e+02 
 3.58472171e+08  5.90080918e+01 -1.75255155e+03  2.13297561e+01 -4.33302379e+02 
 3.66738442e+08  5.88711346e+01 -1.71344564e+03  2.10966965e+01 -4.23726491e+02 
 3.75195331e+08  5.87335452e+01 -1.67522892e+03  2.08706644e+01 -4.14362037e+02 
 3.83847234e+08  5.85950756e+01 -1.63788145e+03  2.06515082e+01 -4.05204683e+02 
 3.92698648e+08  5.84554794e+01 -1.60138372e+03  2.04390598e+01 -3.96250174e+02 
 4.01754173e+08  5.83145116e+01 -1.56571667e+03  2.02331365e+01 -3.87494332e+02 
 4.11018515e+08  5.81719281e+01 -1.53086164e+03  2.00335431e+01 -3.78933055e+02 
 4.20496491e+08  5.80274856e+01 -1.49680041e+03  1.98400739e+01 -3.70562311e+02 
 4.30193027e+08  5.78809418e+01 -1.46351515e+03  1.96525147e+01 -3.62378143e+02 
 4.40113162e+08  5.77320546e+01 -1.43098845e+03  1.94706439e+01 -3.54376666e+02 
 4.50262052e+08  5.75805827e+01 -1.39920325e+03  1.92942342e+01 -3.46554064e+02 
 4.60644974e+08  5.74262848e+01 -1.36814290e+03  1.91230538e+01 -3.38906589e+02 
 4.71267322e+08  5.72689202e+01 -1.33779110e+03  1.89568677e+01 -3.31430563e+02 
 4.82134619e+08  5.71082484e+01 -1.30813193e+03  1.87954388e+01 -3.24122373e+02 
 4.93252513e+08  5.69440291e+01 -1.27914980e+03  1.86385285e+01 -3.16978474e+02 
 5.04626783e+08  5.67760226e+01 -1.25082946e+03  1.84858979e+01 -3.09995384e+02 
 5.16263340e+08  5.66039893e+01 -1.22315603e+03  1.83373085e+01 -3.03169685e+02 
 5.28168234e+08  5.64276904e+01 -1.19611491e+03  1.81925226e+01 -2.96498024e+02 
 5.40347650e+08  5.62468877e+01 -1.16969186e+03  1.80513042e+01 -2.89977107e+02 
 5.52807921e+08  5.60613438e+01 -1.14387291e+03  1.79134195e+01 -2.83603705e+02 
 5.65555523e+08  5.58708225e+01 -1.11864443e+03  1.77786372e+01 -2.77374644e+02 
 5.78597080e+08  5.56750891e+01 -1.09399307e+03  1.76467290e+01 -2.71286814e+02 
 5.91939372e+08  5.54739103e+01 -1.06990576e+03  1.75174700e+01 -2.65337161e+02 
 6.05589334e+08  5.52670552e+01 -1.04636973e+03  1.73906390e+01 -2.59522687e+02 
 6.19554061e+08  5.50542952e+01 -1.02337246e+03  1.72660186e+01 -2.53840454e+02 
 6.33840810e+08  5.48354047e+01 -1.00090173e+03  1.71433960e+01 -2.48287576e+02 
 6.48457008e+08  5.46101614e+01 -9.78945561e+02  1.70225624e+01 -2.42861223e+02 
 6.63410251e+08  5.43783471e+01 -9.57492223e+02  1.69033138e+01 -2.37558618e+02 
 6.78708313e+08  5.41397482e+01 -9.36530245e+02  1.67854511e+01 -2.32377037e+02 
 6.94359143e+08  5.38941561e+01 -9.16048396e+02  1.66687800e+01 -2.27313807e+02 
 7.10370877e+08  5.36413684e+01 -8.96035682e+02  1.65531114e+01 -2.22366307e+02 
 7.26751838e+08  5.33811890e+01 -8.76481339e+02  1.64382613e+01 -2.17531964e+02 
 7.43510539e+08  5.31134294e+01 -8.57374826e+02  1.63240514e+01 -2.12808256e+02 
 7.60655691e+08  5.28379093e+01 -8.38705824e+02  1.62103084e+01 -2.08192707e+02 
 7.78196206e+08  5.25544572e+01 -8.20464228e+02  1.60968650e+01 -2.03682889e+02 
 7.96141200e+08  5.22629119e+01 -8.02640141e+02  1.59835594e+01 -1.99276419e+02 
 8.14500001e+08  5.19631227e+01 -7.85223871e+02  1.58702357e+01 -1.94970961e+02 
 8.33282151e+08  5.16549508e+01 -7.68205927e+02  1.57567440e+01 -1.90764223e+02 
 8.52497412e+08  5.13382703e+01 -7.51577012e+02  1.56429404e+01 -1.86653955e+02 
 8.72155772e+08  5.10129687e+01 -7.35328019e+02  1.55286873e+01 -1.82637952e+02 
 8.92267449e+08  5.06789485e+01 -7.19450030e+02  1.54138532e+01 -1.78714050e+02 
 9.12842895e+08  5.03361276e+01 -7.03934308e+02  1.52983132e+01 -1.74880124e+02 
 9.33892805e+08  4.99844406e+01 -6.88772297e+02  1.51819492e+01 -1.71134093e+02 
 9.55428121e+08  4.96238399e+01 -6.73955615e+02  1.50646494e+01 -1.67473912e+02 
 9.77460036e+08  4.92542960e+01 -6.59476053e+02  1.49463092e+01 -1.63897579e+02 
 1.00000000e+09  4.88757991e+01 -6.45325572e+02  1.48268308e+01 -1.60403127e+02 
