 frequency       v(Tmb_dB)       v(Tmb_arg)     
 1.00000000e+00  2.48344618e+01 -6.52606517e-04 
 1.02305973e+00  2.48344618e+01 -6.67655447e-04 
 1.04665121e+00  2.48344618e+01 -6.83051402e-04 
 1.07078670e+00  2.48344618e+01 -6.98802382e-04 
 1.09547876e+00  2.48344618e+01 -7.14916576e-04 
 1.12074020e+00  2.48344618e+01 -7.31402360e-04 
 1.14658417e+00  2.48344618e+01 -7.48268300e-04 
 1.17302409e+00  2.48344618e+01 -7.65523165e-04 
 1.20007371e+00  2.48344618e+01 -7.83175923e-04 
 1.22774708e+00  2.48344618e+01 -8.01235748e-04 
 1.25605860e+00  2.48344618e+01 -8.19712028e-04 
 1.28502297e+00  2.48344618e+01 -8.38614366e-04 
 1.31465525e+00  2.48344618e+01 -8.57952586e-04 
 1.34497085e+00  2.48344618e+01 -8.77736741e-04 
 1.37598551e+00  2.48344618e+01 -8.97977113e-04 
 1.40771537e+00  2.48344618e+01 -9.18684223e-04 
 1.44017690e+00  2.48344618e+01 -9.39868833e-04 
 1.47338699e+00  2.48344618e+01 -9.61541954e-04 
 1.50736290e+00  2.48344618e+01 -9.83714852e-04 
 1.54212228e+00  2.48344618e+01 -1.00639905e-03 
 1.57768320e+00  2.48344618e+01 -1.02960634e-03 
 1.61406415e+00  2.48344618e+01 -1.05334878e-03 
 1.65128404e+00  2.48344618e+01 -1.07763872e-03 
 1.68936220e+00  2.48344618e+01 -1.10248878e-03 
 1.72831844e+00  2.48344618e+01 -1.12791187e-03 
 1.76817299e+00  2.48344618e+01 -1.15392122e-03 
 1.80894658e+00  2.48344618e+01 -1.18053033e-03 
 1.85066040e+00  2.48344618e+01 -1.20775304e-03 
 1.89333613e+00  2.48344618e+01 -1.23560350e-03 
 1.93699595e+00  2.48344618e+01 -1.26409618e-03 
 1.98166255e+00  2.48344618e+01 -1.29324590e-03 
 2.02735916e+00  2.48344618e+01 -1.32306780e-03 
 2.07410951e+00  2.48344618e+01 -1.35357738e-03 
 2.12193792e+00  2.48344618e+01 -1.38479051e-03 
 2.17086923e+00  2.48344618e+01 -1.41672341e-03 
 2.22092889e+00  2.48344618e+01 -1.44939267e-03 
 2.27214291e+00  2.48344618e+01 -1.48281527e-03 
 2.32453791e+00  2.48344618e+01 -1.51700859e-03 
 2.37814113e+00  2.48344618e+01 -1.55199040e-03 
 2.43298042e+00  2.48344618e+01 -1.58777888e-03 
 2.48908429e+00  2.48344618e+01 -1.62439263e-03 
 2.54648190e+00  2.48344618e+01 -1.66185069e-03 
 2.60520309e+00  2.48344618e+01 -1.70017251e-03 
 2.66527837e+00  2.48344618e+01 -1.73937803e-03 
 2.72673897e+00  2.48344618e+01 -1.77948762e-03 
 2.78961683e+00  2.48344618e+01 -1.82052212e-03 
 2.85394464e+00  2.48344618e+01 -1.86250287e-03 
 2.91975583e+00  2.48344618e+01 -1.90545168e-03 
 2.98708461e+00  2.48344618e+01 -1.94939089e-03 
 3.05596598e+00  2.48344618e+01 -1.99434331e-03 
 3.12643573e+00  2.48344618e+01 -2.04033233e-03 
 3.19853049e+00  2.48344618e+01 -2.08738184e-03 
 3.27228774e+00  2.48344618e+01 -2.13551630e-03 
 3.34774581e+00  2.48344618e+01 -2.18476073e-03 
 3.42494392e+00  2.48344618e+01 -2.23514073e-03 
 3.50392221e+00  2.48344618e+01 -2.28668247e-03 
 3.58472171e+00  2.48344618e+01 -2.33941275e-03 
 3.66738442e+00  2.48344618e+01 -2.39335897e-03 
 3.75195331e+00  2.48344618e+01 -2.44854918e-03 
 3.83847234e+00  2.48344618e+01 -2.50501207e-03 
 3.92698648e+00  2.48344618e+01 -2.56277697e-03 
 4.01754173e+00  2.48344618e+01 -2.62187391e-03 
 4.11018515e+00  2.48344618e+01 -2.68233362e-03 
 4.20496491e+00  2.48344618e+01 -2.74418751e-03 
 4.30193027e+00  2.48344618e+01 -2.80746773e-03 
 4.40113162e+00  2.48344618e+01 -2.87220718e-03 
 4.50262052e+00  2.48344618e+01 -2.93843950e-03 
 4.60644974e+00  2.48344618e+01 -3.00619912e-03 
 4.71267322e+00  2.48344618e+01 -3.07552126e-03 
 4.82134619e+00  2.48344618e+01 -3.14644195e-03 
 4.93252513e+00  2.48344618e+01 -3.21899805e-03 
 5.04626783e+00  2.48344618e+01 -3.29322727e-03 
 5.16263340e+00  2.48344618e+01 -3.36916820e-03 
 5.28168234e+00  2.48344618e+01 -3.44686031e-03 
 5.40347650e+00  2.48344618e+01 -3.52634398e-03 
 5.52807921e+00  2.48344618e+01 -3.60766052e-03 
 5.65555523e+00  2.48344618e+01 -3.69085220e-03 
 5.78597080e+00  2.48344618e+01 -3.77596225e-03 
 5.91939372e+00  2.48344618e+01 -3.86303492e-03 
 6.05589334e+00  2.48344618e+01 -3.95211546e-03 
 6.19554061e+00  2.48344618e+01 -4.04325018e-03 
 6.33840810e+00  2.48344618e+01 -4.13648643e-03 
 6.48457008e+00  2.48344618e+01 -4.23187269e-03 
 6.63410251e+00  2.48344618e+01 -4.32945853e-03 
 6.78708313e+00  2.48344618e+01 -4.42929468e-03 
 6.94359143e+00  2.48344618e+01 -4.53143301e-03 
 7.10370877e+00  2.48344618e+01 -4.63592664e-03 
 7.26751838e+00  2.48344618e+01 -4.74282985e-03 
 7.43510539e+00  2.48344618e+01 -4.85219823e-03 
 7.60655691e+00  2.48344618e+01 -4.96408861e-03 
 7.78196206e+00  2.48344618e+01 -5.07855915e-03 
 7.96141200e+00  2.48344618e+01 -5.19566935e-03 
 8.14500001e+00  2.48344618e+01 -5.31548008e-03 
 8.33282151e+00  2.48344618e+01 -5.43805361e-03 
 8.52497412e+00  2.48344618e+01 -5.56345366e-03 
 8.72155772e+00  2.48344618e+01 -5.69174540e-03 
 8.92267449e+00  2.48344618e+01 -5.82299551e-03 
 9.12842895e+00  2.48344618e+01 -5.95727221e-03 
 9.33892805e+00  2.48344618e+01 -6.09464530e-03 
 9.55428121e+00  2.48344618e+01 -6.23518617e-03 
 9.77460036e+00  2.48344618e+01 -6.37896788e-03 
 1.00000000e+01  2.48344618e+01 -6.52606516e-03 
 1.02305973e+01  2.48344618e+01 -6.67655446e-03 
 1.04665121e+01  2.48344618e+01 -6.83051400e-03 
 1.07078670e+01  2.48344618e+01 -6.98802380e-03 
 1.09547876e+01  2.48344618e+01 -7.14916574e-03 
 1.12074020e+01  2.48344618e+01 -7.31402357e-03 
 1.14658417e+01  2.48344618e+01 -7.48268298e-03 
 1.17302409e+01  2.48344618e+01 -7.65523163e-03 
 1.20007371e+01  2.48344618e+01 -7.83175920e-03 
 1.22774708e+01  2.48344618e+01 -8.01235745e-03 
 1.25605860e+01  2.48344618e+01 -8.19712024e-03 
 1.28502297e+01  2.48344618e+01 -8.38614362e-03 
 1.31465525e+01  2.48344618e+01 -8.57952583e-03 
 1.34497085e+01  2.48344618e+01 -8.77736737e-03 
 1.37598551e+01  2.48344618e+01 -8.97977109e-03 
 1.40771537e+01  2.48344618e+01 -9.18684218e-03 
 1.44017690e+01  2.48344618e+01 -9.39868828e-03 
 1.47338699e+01  2.48344617e+01 -9.61541949e-03 
 1.50736290e+01  2.48344617e+01 -9.83714846e-03 
 1.54212228e+01  2.48344617e+01 -1.00639904e-02 
 1.57768320e+01  2.48344617e+01 -1.02960633e-02 
 1.61406415e+01  2.48344617e+01 -1.05334878e-02 
 1.65128404e+01  2.48344617e+01 -1.07763872e-02 
 1.68936220e+01  2.48344617e+01 -1.10248877e-02 
 1.72831844e+01  2.48344617e+01 -1.12791187e-02 
 1.76817299e+01  2.48344617e+01 -1.15392121e-02 
 1.80894658e+01  2.48344617e+01 -1.18053032e-02 
 1.85066040e+01  2.48344617e+01 -1.20775303e-02 
 1.89333613e+01  2.48344617e+01 -1.23560349e-02 
 1.93699595e+01  2.48344617e+01 -1.26409617e-02 
 1.98166255e+01  2.48344617e+01 -1.29324589e-02 
 2.02735916e+01  2.48344617e+01 -1.32306779e-02 
 2.07410951e+01  2.48344617e+01 -1.35357737e-02 
 2.12193792e+01  2.48344616e+01 -1.38479050e-02 
 2.17086923e+01  2.48344616e+01 -1.41672339e-02 
 2.22092889e+01  2.48344616e+01 -1.44939265e-02 
 2.27214291e+01  2.48344616e+01 -1.48281525e-02 
 2.32453791e+01  2.48344616e+01 -1.51700857e-02 
 2.37814113e+01  2.48344616e+01 -1.55199038e-02 
 2.43298042e+01  2.48344616e+01 -1.58777886e-02 
 2.48908429e+01  2.48344616e+01 -1.62439261e-02 
 2.54648190e+01  2.48344616e+01 -1.66185066e-02 
 2.60520309e+01  2.48344615e+01 -1.70017248e-02 
 2.66527837e+01  2.48344615e+01 -1.73937800e-02 
 2.72673897e+01  2.48344615e+01 -1.77948759e-02 
 2.78961683e+01  2.48344615e+01 -1.82052209e-02 
 2.85394464e+01  2.48344615e+01 -1.86250283e-02 
 2.91975583e+01  2.48344615e+01 -1.90545164e-02 
 2.98708461e+01  2.48344614e+01 -1.94939084e-02 
 3.05596598e+01  2.48344614e+01 -1.99434327e-02 
 3.12643573e+01  2.48344614e+01 -2.04033228e-02 
 3.19853049e+01  2.48344614e+01 -2.08738179e-02 
 3.27228774e+01  2.48344614e+01 -2.13551625e-02 
 3.34774581e+01  2.48344613e+01 -2.18476067e-02 
 3.42494392e+01  2.48344613e+01 -2.23514066e-02 
 3.50392221e+01  2.48344613e+01 -2.28668240e-02 
 3.58472171e+01  2.48344613e+01 -2.33941267e-02 
 3.66738442e+01  2.48344612e+01 -2.39335889e-02 
 3.75195331e+01  2.48344612e+01 -2.44854910e-02 
 3.83847234e+01  2.48344612e+01 -2.50501198e-02 
 3.92698648e+01  2.48344612e+01 -2.56277687e-02 
 4.01754173e+01  2.48344611e+01 -2.62187381e-02 
 4.11018515e+01  2.48344611e+01 -2.68233350e-02 
 4.20496491e+01  2.48344611e+01 -2.74418739e-02 
 4.30193027e+01  2.48344610e+01 -2.80746760e-02 
 4.40113162e+01  2.48344610e+01 -2.87220704e-02 
 4.50262052e+01  2.48344609e+01 -2.93843935e-02 
 4.60644974e+01  2.48344609e+01 -3.00619896e-02 
 4.71267322e+01  2.48344608e+01 -3.07552109e-02 
 4.82134619e+01  2.48344608e+01 -3.14644176e-02 
 4.93252513e+01  2.48344608e+01 -3.21899785e-02 
 5.04626783e+01  2.48344607e+01 -3.29322706e-02 
 5.16263340e+01  2.48344606e+01 -3.36916798e-02 
 5.28168234e+01  2.48344606e+01 -3.44686007e-02 
 5.40347650e+01  2.48344605e+01 -3.52634372e-02 
 5.52807921e+01  2.48344605e+01 -3.60766025e-02 
 5.65555523e+01  2.48344604e+01 -3.69085190e-02 
 5.78597080e+01  2.48344603e+01 -3.77596194e-02 
 5.91939372e+01  2.48344603e+01 -3.86303458e-02 
 6.05589334e+01  2.48344602e+01 -3.95211510e-02 
 6.19554061e+01  2.48344601e+01 -4.04324979e-02 
 6.33840810e+01  2.48344600e+01 -4.13648602e-02 
 6.48457008e+01  2.48344600e+01 -4.23187225e-02 
 6.63410251e+01  2.48344599e+01 -4.32945806e-02 
 6.78708313e+01  2.48344598e+01 -4.42929417e-02 
 6.94359143e+01  2.48344597e+01 -4.53143247e-02 
 7.10370877e+01  2.48344596e+01 -4.63592605e-02 
 7.26751838e+01  2.48344595e+01 -4.74282923e-02 
 7.43510539e+01  2.48344594e+01 -4.85219756e-02 
 7.60655691e+01  2.48344592e+01 -4.96408789e-02 
 7.78196206e+01  2.48344591e+01 -5.07855838e-02 
 7.96141200e+01  2.48344590e+01 -5.19566853e-02 
 8.14500001e+01  2.48344589e+01 -5.31547920e-02 
 8.33282151e+01  2.48344587e+01 -5.43805268e-02 
 8.52497412e+01  2.48344586e+01 -5.56345266e-02 
 8.72155772e+01  2.48344584e+01 -5.69174432e-02 
 8.92267449e+01  2.48344583e+01 -5.82299436e-02 
 9.12842895e+01  2.48344581e+01 -5.95727098e-02 
 9.33892805e+01  2.48344579e+01 -6.09464398e-02 
 9.55428121e+01  2.48344577e+01 -6.23518476e-02 
 9.77460036e+01  2.48344576e+01 -6.37896637e-02 
 1.00000000e+02  2.48344574e+01 -6.52606354e-02 
 1.02305973e+02  2.48344571e+01 -6.67655272e-02 
 1.04665121e+02  2.48344569e+01 -6.83051214e-02 
 1.07078670e+02  2.48344567e+01 -6.98802181e-02 
 1.09547876e+02  2.48344565e+01 -7.14916361e-02 
 1.12074020e+02  2.48344562e+01 -7.31402129e-02 
 1.14658417e+02  2.48344559e+01 -7.48268054e-02 
 1.17302409e+02  2.48344557e+01 -7.65522901e-02 
 1.20007371e+02  2.48344554e+01 -7.83175640e-02 
 1.22774708e+02  2.48344551e+01 -8.01235445e-02 
 1.25605860e+02  2.48344548e+01 -8.19711703e-02 
 1.28502297e+02  2.48344544e+01 -8.38614018e-02 
 1.31465525e+02  2.48344541e+01 -8.57952214e-02 
 1.34497085e+02  2.48344537e+01 -8.77736343e-02 
 1.37598551e+02  2.48344533e+01 -8.97976687e-02 
 1.40771537e+02  2.48344529e+01 -9.18683766e-02 
 1.44017690e+02  2.48344525e+01 -9.39868344e-02 
 1.47338699e+02  2.48344521e+01 -9.61541431e-02 
 1.50736290e+02  2.48344516e+01 -9.83714291e-02 
 1.54212228e+02  2.48344512e+01 -1.00639845e-01 
 1.57768320e+02  2.48344507e+01 -1.02960570e-01 
 1.61406415e+02  2.48344501e+01 -1.05334810e-01 
 1.65128404e+02  2.48344496e+01 -1.07763799e-01 
 1.68936220e+02  2.48344490e+01 -1.10248799e-01 
 1.72831844e+02  2.48344484e+01 -1.12791103e-01 
 1.76817299e+02  2.48344478e+01 -1.15392031e-01 
 1.80894658e+02  2.48344472e+01 -1.18052936e-01 
 1.85066040e+02  2.48344465e+01 -1.20775200e-01 
 1.89333613e+02  2.48344458e+01 -1.23560239e-01 
 1.93699595e+02  2.48344450e+01 -1.26409499e-01 
 1.98166255e+02  2.48344442e+01 -1.29324462e-01 
 2.02735916e+02  2.48344434e+01 -1.32306644e-01 
 2.07410951e+02  2.48344425e+01 -1.35357592e-01 
 2.12193792e+02  2.48344416e+01 -1.38478895e-01 
 2.17086923e+02  2.48344407e+01 -1.41672173e-01 
 2.22092889e+02  2.48344397e+01 -1.44939088e-01 
 2.27214291e+02  2.48344387e+01 -1.48281335e-01 
 2.32453791e+02  2.48344376e+01 -1.51700654e-01 
 2.37814113e+02  2.48344365e+01 -1.55198820e-01 
 2.43298042e+02  2.48344353e+01 -1.58777652e-01 
 2.48908429e+02  2.48344340e+01 -1.62439011e-01 
 2.54648190e+02  2.48344327e+01 -1.66184798e-01 
 2.60520309e+02  2.48344314e+01 -1.70016962e-01 
 2.66527837e+02  2.48344300e+01 -1.73937493e-01 
 2.72673897e+02  2.48344285e+01 -1.77948430e-01 
 2.78961683e+02  2.48344269e+01 -1.82051857e-01 
 2.85394464e+02  2.48344253e+01 -1.86249907e-01 
 2.91975583e+02  2.48344236e+01 -1.90544761e-01 
 2.98708461e+02  2.48344218e+01 -1.94938652e-01 
 3.05596598e+02  2.48344199e+01 -1.99433864e-01 
 3.12643573e+02  2.48344180e+01 -2.04032733e-01 
 3.19853049e+02  2.48344159e+01 -2.08737649e-01 
 3.27228774e+02  2.48344138e+01 -2.13551057e-01 
 3.34774581e+02  2.48344115e+01 -2.18475459e-01 
 3.42494392e+02  2.48344092e+01 -2.23513415e-01 
 3.50392221e+02  2.48344067e+01 -2.28667543e-01 
 3.58472171e+02  2.48344042e+01 -2.33940521e-01 
 3.66738442e+02  2.48344015e+01 -2.39335090e-01 
 3.75195331e+02  2.48343986e+01 -2.44854054e-01 
 3.83847234e+02  2.48343957e+01 -2.50500281e-01 
 3.92698648e+02  2.48343926e+01 -2.56276706e-01 
 4.01754173e+02  2.48343894e+01 -2.62186330e-01 
 4.11018515e+02  2.48343860e+01 -2.68232225e-01 
 4.20496491e+02  2.48343825e+01 -2.74417534e-01 
 4.30193027e+02  2.48343788e+01 -2.80745470e-01 
 4.40113162e+02  2.48343749e+01 -2.87219322e-01 
 4.50262052e+02  2.48343708e+01 -2.93842456e-01 
 4.60644974e+02  2.48343666e+01 -3.00618312e-01 
 4.71267322e+02  2.48343621e+01 -3.07550413e-01 
 4.82134619e+02  2.48343575e+01 -3.14642360e-01 
 4.93252513e+02  2.48343526e+01 -3.21897841e-01 
 5.04626783e+02  2.48343475e+01 -3.29320624e-01 
 5.16263340e+02  2.48343422e+01 -3.36914568e-01 
 5.28168234e+02  2.48343366e+01 -3.44683620e-01 
 5.40347650e+02  2.48343308e+01 -3.52631816e-01 
 5.52807921e+02  2.48343246e+01 -3.60763287e-01 
 5.65555523e+02  2.48343182e+01 -3.69082259e-01 
 5.78597080e+02  2.48343115e+01 -3.77593055e-01 
 5.91939372e+02  2.48343045e+01 -3.86300098e-01 
 6.05589334e+02  2.48342972e+01 -3.95207911e-01 
 6.19554061e+02  2.48342895e+01 -4.04321126e-01 
 6.33840810e+02  2.48342815e+01 -4.13644476e-01 
 6.48457008e+02  2.48342731e+01 -4.23182807e-01 
 6.63410251e+02  2.48342642e+01 -4.32941075e-01 
 6.78708313e+02  2.48342550e+01 -4.42924351e-01 
 6.94359143e+02  2.48342454e+01 -4.53137823e-01 
 7.10370877e+02  2.48342353e+01 -4.63586797e-01 
 7.26751838e+02  2.48342247e+01 -4.74276703e-01 
 7.43510539e+02  2.48342137e+01 -4.85213096e-01 
 7.60655691e+02  2.48342021e+01 -4.96401658e-01 
 7.78196206e+02  2.48341900e+01 -5.07848202e-01 
 7.96141200e+02  2.48341773e+01 -5.19558676e-01 
 8.14500001e+02  2.48341640e+01 -5.31539165e-01 
 8.33282151e+02  2.48341501e+01 -5.43795892e-01 
 8.52497412e+02  2.48341356e+01 -5.56335227e-01 
 8.72155772e+02  2.48341203e+01 -5.69163683e-01 
 8.92267449e+02  2.48341044e+01 -5.82287925e-01 
 9.12842895e+02  2.48340877e+01 -5.95714773e-01 
 9.33892805e+02  2.48340703e+01 -6.09451200e-01 
 9.55428121e+02  2.48340520e+01 -6.23504344e-01 
 9.77460036e+02  2.48340329e+01 -6.37881505e-01 
 1.00000000e+03  2.48340129e+01 -6.52590150e-01 
 1.02305973e+03  2.48339919e+01 -6.67637922e-01 
 1.04665121e+03  2.48339700e+01 -6.83032635e-01 
 1.07078670e+03  2.48339471e+01 -6.98782288e-01 
 1.09547876e+03  2.48339231e+01 -7.14895060e-01 
 1.12074020e+03  2.48338979e+01 -7.31379320e-01 
 1.14658417e+03  2.48338716e+01 -7.48243630e-01 
 1.17302409e+03  2.48338441e+01 -7.65496748e-01 
 1.20007371e+03  2.48338153e+01 -7.83147636e-01 
 1.22774708e+03  2.48337851e+01 -8.01205459e-01 
 1.25605860e+03  2.48337535e+01 -8.19679595e-01 
 1.28502297e+03  2.48337205e+01 -8.38579637e-01 
 1.31465525e+03  2.48336859e+01 -8.57915399e-01 
 1.34497085e+03  2.48336497e+01 -8.77696922e-01 
 1.37598551e+03  2.48336118e+01 -8.97934476e-01 
 1.40771537e+03  2.48335722e+01 -9.18638567e-01 
 1.44017690e+03  2.48335307e+01 -9.39819946e-01 
 1.47338699e+03  2.48334873e+01 -9.61489607e-01 
 1.50736290e+03  2.48334418e+01 -9.83658799e-01 
 1.54212228e+03  2.48333942e+01 -1.00633903e+00 
 1.57768320e+03  2.48333444e+01 -1.02954207e+00 
 1.61406415e+03  2.48332923e+01 -1.05327997e+00 
 1.65128404e+03  2.48332377e+01 -1.07756504e+00 
 1.68936220e+03  2.48331806e+01 -1.10240988e+00 
 1.72831844e+03  2.48331209e+01 -1.12782739e+00 
 1.76817299e+03  2.48330583e+01 -1.15383075e+00 
 1.80894658e+03  2.48329928e+01 -1.18043346e+00 
 1.85066040e+03  2.48329243e+01 -1.20764931e+00 
 1.89333613e+03  2.48328526e+01 -1.23549243e+00 
 1.93699595e+03  2.48327775e+01 -1.26397725e+00 
 1.98166255e+03  2.48326990e+01 -1.29311855e+00 
 2.02735916e+03  2.48326167e+01 -1.32293144e+00 
 2.07410951e+03  2.48325307e+01 -1.35343137e+00 
 2.12193792e+03  2.48324406e+01 -1.38463416e+00 
 2.17086923e+03  2.48323463e+01 -1.41655599e+00 
 2.22092889e+03  2.48322477e+01 -1.44921340e+00 
 2.27214291e+03  2.48321444e+01 -1.48262332e+00 
 2.32453791e+03  2.48320363e+01 -1.51680305e+00 
 2.37814113e+03  2.48319232e+01 -1.55177032e+00 
 2.43298042e+03  2.48318047e+01 -1.58754322e+00 
 2.48908429e+03  2.48316808e+01 -1.62414029e+00 
 2.54648190e+03  2.48315511e+01 -1.66158049e+00 
 2.60520309e+03  2.48314154e+01 -1.69988320e+00 
 2.66527837e+03  2.48312733e+01 -1.73906824e+00 
 2.72673897e+03  2.48311246e+01 -1.77915590e+00 
 2.78961683e+03  2.48309689e+01 -1.82016693e+00 
 2.85394464e+03  2.48308060e+01 -1.86212254e+00 
 2.91975583e+03  2.48306355e+01 -1.90504444e+00 
 2.98708461e+03  2.48304571e+01 -1.94895482e+00 
 3.05596598e+03  2.48302703e+01 -1.99387639e+00 
 3.12643573e+03  2.48300748e+01 -2.03983237e+00 
 3.19853049e+03  2.48298703e+01 -2.08684650e+00 
 3.27228774e+03  2.48296561e+01 -2.13494308e+00 
 3.34774581e+03  2.48294320e+01 -2.18414695e+00 
 3.42494392e+03  2.48291975e+01 -2.23448351e+00 
 3.50392221e+03  2.48289520e+01 -2.28597875e+00 
 3.58472171e+03  2.48286951e+01 -2.33865923e+00 
 3.66738442e+03  2.48284262e+01 -2.39255214e+00 
 3.75195331e+03  2.48281448e+01 -2.44768527e+00 
 3.83847234e+03  2.48278502e+01 -2.50408702e+00 
 3.92698648e+03  2.48275419e+01 -2.56178648e+00 
 4.01754173e+03  2.48272193e+01 -2.62081334e+00 
 4.11018515e+03  2.48268816e+01 -2.68119801e+00 
 4.20496491e+03  2.48265282e+01 -2.74297156e+00 
 4.30193027e+03  2.48261584e+01 -2.80616576e+00 
 4.40113162e+03  2.48257713e+01 -2.87081311e+00 
 4.50262052e+03  2.48253662e+01 -2.93694681e+00 
 4.60644974e+03  2.48249422e+01 -3.00460084e+00 
 4.71267322e+03  2.48244984e+01 -3.07380992e+00 
 4.82134619e+03  2.48240340e+01 -3.14460956e+00 
 4.93252513e+03  2.48235479e+01 -3.21703605e+00 
 5.04626783e+03  2.48230393e+01 -3.29112651e+00 
 5.16263340e+03  2.48225069e+01 -3.36691886e+00 
 5.28168234e+03  2.48219497e+01 -3.44445189e+00 
 5.40347650e+03  2.48213667e+01 -3.52376523e+00 
 5.52807921e+03  2.48207564e+01 -3.60489940e+00 
 5.65555523e+03  2.48201178e+01 -3.68789583e+00 
 5.78597080e+03  2.48194494e+01 -3.77279684e+00 
 5.91939372e+03  2.48187500e+01 -3.85964569e+00 
 6.05589334e+03  2.48180180e+01 -3.94848659e+00 
 6.19554061e+03  2.48172519e+01 -4.03936475e+00 
 6.33840810e+03  2.48164502e+01 -4.13232632e+00 
 6.48457008e+03  2.48156112e+01 -4.22741849e+00 
 6.63410251e+03  2.48147332e+01 -4.32468948e+00 
 6.78708313e+03  2.48138143e+01 -4.42418853e+00 
 6.94359143e+03  2.48128528e+01 -4.52596597e+00 
 7.10370877e+03  2.48118465e+01 -4.63007322e+00 
 7.26751838e+03  2.48107935e+01 -4.73656279e+00 
 7.43510539e+03  2.48096915e+01 -4.84548832e+00 
 7.60655691e+03  2.48085384e+01 -4.95690460e+00 
 7.78196206e+03  2.48073317e+01 -5.07086759e+00 
 7.96141200e+03  2.48060689e+01 -5.18743443e+00 
 8.14500001e+03  2.48047475e+01 -5.30666346e+00 
 8.33282151e+03  2.48033647e+01 -5.42861428e+00 
 8.52497412e+03  2.48019178e+01 -5.55334768e+00 
 8.72155772e+03  2.48004037e+01 -5.68092578e+00 
 8.92267449e+03  2.47988194e+01 -5.81141194e+00 
 9.12842895e+03  2.47971617e+01 -5.94487085e+00 
 9.33892805e+03  2.47954270e+01 -6.08136851e+00 
 9.55428121e+03  2.47936120e+01 -6.22097229e+00 
 9.77460036e+03  2.47917128e+01 -6.36375089e+00 
 1.00000000e+04  2.47897256e+01 -6.50977442e+00 
 1.02305973e+04  2.47876465e+01 -6.65911437e+00 
 1.04665121e+04  2.47854711e+01 -6.81184367e+00 
 1.07078670e+04  2.47831950e+01 -6.96803666e+00 
 1.09547876e+04  2.47808136e+01 -7.12776915e+00 
 1.12074020e+04  2.47783221e+01 -7.29111841e+00 
 1.14658417e+04  2.47757154e+01 -7.45816317e+00 
 1.17302409e+04  2.47729883e+01 -7.62898369e+00 
 1.20007371e+04  2.47701353e+01 -7.80366171e+00 
 1.22774708e+04  2.47671506e+01 -7.98228050e+00 
 1.25605860e+04  2.47640281e+01 -8.16492485e+00 
 1.28502297e+04  2.47607617e+01 -8.35168109e+00 
 1.31465525e+04  2.47573447e+01 -8.54263710e+00 
 1.34497085e+04  2.47537703e+01 -8.73788230e+00 
 1.37598551e+04  2.47500313e+01 -8.93750766e+00 
 1.40771537e+04  2.47461203e+01 -9.14160572e+00 
 1.44017690e+04  2.47420295e+01 -9.35027057e+00 
 1.47338699e+04  2.47377508e+01 -9.56359783e+00 
 1.50736290e+04  2.47332755e+01 -9.78168469e+00 
 1.54212228e+04  2.47285949e+01 -1.00046299e+01 
 1.57768320e+04  2.47236997e+01 -1.02325336e+01 
 1.61406415e+04  2.47185803e+01 -1.04654977e+01 
 1.65128404e+04  2.47132265e+01 -1.07036254e+01 
 1.68936220e+04  2.47076279e+01 -1.09470214e+01 
 1.72831844e+04  2.47017734e+01 -1.11957918e+01 
 1.76817299e+04  2.46956517e+01 -1.14500444e+01 
 1.80894658e+04  2.46892509e+01 -1.17098880e+01 
 1.85066040e+04  2.46825584e+01 -1.19754330e+01 
 1.89333613e+04  2.46755614e+01 -1.22467911e+01 
 1.93699595e+04  2.46682463e+01 -1.25240751e+01 
 1.98166255e+04  2.46605991e+01 -1.28073990e+01 
 2.02735916e+04  2.46526052e+01 -1.30968783e+01 
 2.07410951e+04  2.46442492e+01 -1.33926290e+01 
 2.12193792e+04  2.46355153e+01 -1.36947686e+01 
 2.17086923e+04  2.46263870e+01 -1.40034152e+01 
 2.22092889e+04  2.46168471e+01 -1.43186879e+01 
 2.27214291e+04  2.46068776e+01 -1.46407064e+01 
 2.32453791e+04  2.45964599e+01 -1.49695911e+01 
 2.37814113e+04  2.45855748e+01 -1.53054630e+01 
 2.43298042e+04  2.45742020e+01 -1.56484432e+01 
 2.48908429e+04  2.45623206e+01 -1.59986534e+01 
 2.54648190e+04  2.45499089e+01 -1.63562152e+01 
 2.60520309e+04  2.45369443e+01 -1.67212501e+01 
 2.66527837e+04  2.45234035e+01 -1.70938795e+01 
 2.72673897e+04  2.45092620e+01 -1.74742245e+01 
 2.78961683e+04  2.44944947e+01 -1.78624055e+01 
 2.85394464e+04  2.44790754e+01 -1.82585420e+01 
 2.91975583e+04  2.44629769e+01 -1.86627527e+01 
 2.98708461e+04  2.44461713e+01 -1.90751549e+01 
 3.05596598e+04  2.44286293e+01 -1.94958647e+01 
 3.12643573e+04  2.44103208e+01 -1.99249963e+01 
 3.19853049e+04  2.43912148e+01 -2.03626618e+01 
 3.27228774e+04  2.43712788e+01 -2.08089712e+01 
 3.34774581e+04  2.43504796e+01 -2.12640319e+01 
 3.42494392e+04  2.43287827e+01 -2.17279483e+01 
 3.50392221e+04  2.43061526e+01 -2.22008217e+01 
 3.58472171e+04  2.42825526e+01 -2.26827499e+01 
 3.66738442e+04  2.42579448e+01 -2.31738265e+01 
 3.75195331e+04  2.42322901e+01 -2.36741411e+01 
 3.83847234e+04  2.42055485e+01 -2.41837785e+01 
 3.92698648e+04  2.41776784e+01 -2.47028184e+01 
 4.01754173e+04  2.41486374e+01 -2.52313350e+01 
 4.11018515e+04  2.41183816e+01 -2.57693965e+01 
 4.20496491e+04  2.40868662e+01 -2.63170650e+01 
 4.30193027e+04  2.40540449e+01 -2.68743953e+01 
 4.40113162e+04  2.40198704e+01 -2.74414353e+01 
 4.50262052e+04  2.39842942e+01 -2.80182250e+01 
 4.60644974e+04  2.39472667e+01 -2.86047960e+01 
 4.71267322e+04  2.39087369e+01 -2.92011714e+01 
 4.82134619e+04  2.38686531e+01 -2.98073647e+01 
 4.93252513e+04  2.38269620e+01 -3.04233800e+01 
 5.04626783e+04  2.37836096e+01 -3.10492109e+01 
 5.16263340e+04  2.37385408e+01 -3.16848402e+01 
 5.28168234e+04  2.36916992e+01 -3.23302394e+01 
 5.40347650e+04  2.36430279e+01 -3.29853683e+01 
 5.52807921e+04  2.35924686e+01 -3.36501743e+01 
 5.65555523e+04  2.35399625e+01 -3.43245919e+01 
 5.78597080e+04  2.34854498e+01 -3.50085424e+01 
 5.91939372e+04  2.34288699e+01 -3.57019332e+01 
 6.05589334e+04  2.33701617e+01 -3.64046576e+01 
 6.19554061e+04  2.33092633e+01 -3.71165940e+01 
 6.33840810e+04  2.32461122e+01 -3.78376057e+01 
 6.48457008e+04  2.31806456e+01 -3.85675403e+01 
 6.63410251e+04  2.31128001e+01 -3.93062298e+01 
 6.78708313e+04  2.30425120e+01 -4.00534893e+01 
 6.94359143e+04  2.29697175e+01 -4.08091176e+01 
 7.10370877e+04  2.28943524e+01 -4.15728962e+01 
 7.26751838e+04  2.28163526e+01 -4.23445894e+01 
 7.43510539e+04  2.27356539e+01 -4.31239438e+01 
 7.60655691e+04  2.26521923e+01 -4.39106882e+01 
 7.78196206e+04  2.25659038e+01 -4.47045330e+01 
 7.96141200e+04  2.24767250e+01 -4.55051707e+01 
 8.14500001e+04  2.23845925e+01 -4.63122750e+01 
 8.33282151e+04  2.22894436e+01 -4.71255010e+01 
 8.52497412e+04  2.21912161e+01 -4.79444852e+01 
 8.72155772e+04  2.20898483e+01 -4.87688450e+01 
 8.92267449e+04  2.19852794e+01 -4.95981789e+01 
 9.12842895e+04  2.18774492e+01 -5.04320663e+01 
 9.33892805e+04  2.17662985e+01 -5.12700673e+01 
 9.55428121e+04  2.16517691e+01 -5.21117229e+01 
 9.77460036e+04  2.15338036e+01 -5.29565547e+01 
 1.00000000e+05  2.14123459e+01 -5.38040649e+01 
 1.02305973e+05  2.12873410e+01 -5.46537362e+01 
 1.04665121e+05  2.11587349e+01 -5.55050315e+01 
 1.07078670e+05  2.10264753e+01 -5.63573940e+01 
 1.09547876e+05  2.08905107e+01 -5.72102468e+01 
 1.12074020e+05  2.07507914e+01 -5.80629928e+01 
 1.14658417e+05  2.06072689e+01 -5.89150145e+01 
 1.17302409e+05  2.04598964e+01 -5.97656733e+01 
 1.20007371e+05  2.03086283e+01 -6.06143095e+01 
 1.22774708e+05  2.01534208e+01 -6.14602418e+01 
 1.25605860e+05  1.99942318e+01 -6.23027662e+01 
 1.28502297e+05  1.98310207e+01 -6.31411563e+01 
 1.31465525e+05  1.96637488e+01 -6.39746618e+01 
 1.34497085e+05  1.94923791e+01 -6.48025078e+01 
 1.37598551e+05  1.93168767e+01 -6.56238942e+01 
 1.40771537e+05  1.91372085e+01 -6.64379944e+01 
 1.44017690e+05  1.89533435e+01 -6.72439542e+01 
 1.47338699e+05  1.87652532e+01 -6.80408903e+01 
 1.50736290e+05  1.85729110e+01 -6.88278894e+01 
 1.54212228e+05  1.83762933e+01 -6.96040060e+01 
 1.57768320e+05  1.81753789e+01 -7.03682613e+01 
 1.61406415e+05  1.79701497e+01 -7.11196409e+01 
 1.65128404e+05  1.77605907e+01 -7.18570933e+01 
 1.68936220e+05  1.75466904e+01 -7.25795275e+01 
 1.72831844e+05  1.73284412e+01 -7.32858110e+01 
 1.76817299e+05  1.71058397e+01 -7.39747672e+01 
 1.80894658e+05  1.68788872e+01 -7.46451733e+01 
 1.85066040e+05  1.66475902e+01 -7.52957575e+01 
 1.89333613e+05  1.64119610e+01 -7.59251968e+01 
 1.93699595e+05  1.61720184e+01 -7.65321138e+01 
 1.98166255e+05  1.59277883e+01 -7.71150744e+01 
 2.02735916e+05  1.56793051e+01 -7.76725850e+01 
 2.07410951e+05  1.54266118e+01 -7.82030903e+01 
 2.12193792e+05  1.51697621e+01 -7.87049705e+01 
 2.17086923e+05  1.49088210e+01 -7.91765394e+01 
 2.22092889e+05  1.46438665e+01 -7.96160427e+01 
 2.27214291e+05  1.43749909e+01 -8.00216565e+01 
 2.32453791e+05  1.41023031e+01 -8.03914870e+01 
 2.37814113e+05  1.38259299e+01 -8.07235705e+01 
 2.43298042e+05  1.35460189e+01 -8.10158748e+01 
 2.48908429e+05  1.32627402e+01 -8.12663022e+01 
 2.54648190e+05  1.29762895e+01 -8.14726934e+01 
 2.60520309e+05  1.26868908e+01 -8.16328347e+01 
 2.66527837e+05  1.23947993e+01 -8.17444665e+01 
 2.72673897e+05  1.21003049e+01 -8.18052958e+01 
 2.78961683e+05  1.18037355e+01 -8.18130117e+01 
 2.85394464e+05  1.15054604e+01 -8.17653055e+01 
 2.91975583e+05  1.12058940e+01 -8.16598954e+01 
 2.98708461e+05  1.09054994e+01 -8.14945567e+01 
 3.05596598e+05  1.06047913e+01 -8.12671586e+01 
 3.12643573e+05  1.03043392e+01 -8.09757066e+01 
 3.19853049e+05  1.00047696e+01 -8.06183936e+01 
 3.27228774e+05  9.70676735e+00 -8.01936564e+01 
 3.34774581e+05  9.41107608e+00 -7.97002412e+01 
 3.42494392e+05  9.11849698e+00 -7.91372740e+01 
 3.50392221e+05  8.82988570e+00 -7.85043377e+01 
 3.58472171e+05  8.54614717e+00 -7.78015516e+01 
 3.66738442e+05  8.26822781e+00 -7.70296527e+01 
 3.75195331e+05  7.99710495e+00 -7.61900737e+01 
 3.83847234e+05  7.73377331e+00 -7.52850143e+01 
 3.92698648e+05  7.47922851e+00 -7.43175007e+01 
 4.01754173e+05  7.23444776e+00 -7.32914276e+01 
 4.11018515e+05  7.00036830e+00 -7.22115767e+01 
 4.20496491e+05  6.77786420e+00 -7.10836088e+01 
 4.30193027e+05  6.56772255e+00 -6.99140224e+01 
 4.40113162e+05  6.37062015e+00 -6.87100795e+01 
 4.50262052e+05  6.18710213e+00 -6.74796969e+01 
 4.60644974e+05  6.01756372e+00 -6.62313061e+01 
 4.71267322e+05  5.86223650e+00 -6.49736875e+01 
 4.82134619e+05  5.72118008e+00 -6.37157859e+01 
 4.93252513e+05  5.59427975e+00 -6.24665167e+01 
 5.04626783e+05  5.48125040e+00 -6.12345737e+01 
 5.16263340e+05  5.38164636e+00 -6.00282487e+01 
 5.28168234e+05  5.29487648e+00 -5.88552706e+01 
 5.40347650e+05  5.22022327e+00 -5.77226731e+01 
 5.52807921e+05  5.15686505e+00 -5.66366943e+01 
 5.65555523e+05  5.10389957e+00 -5.56027105e+01 
 5.78597080e+05  5.06036793e+00 -5.46252037e+01 
 5.91939372e+05  5.02527754e+00 -5.37077605e+01 
 6.05589334e+05  4.99762333e+00 -5.28530972e+01 
 6.19554061e+05  4.97640652e+00 -5.20631071e+01 
 6.33840810e+05  4.96065048e+00 -5.13389234e+01 
 6.48457008e+05  4.94941369e+00 -5.06809935e+01 
 6.63410251e+05  4.94179971e+00 -5.00891586e+01 
 6.78708313e+05  4.93696438e+00 -4.95627351e+01 
 6.94359143e+05  4.93412061e+00 -4.91005951e+01 
 7.10370877e+05  4.93254101e+00 -4.87012419e+01 
 7.26751838e+05  4.93155876e+00 -4.83628809e+01 
 7.43510539e+05  4.93056712e+00 -4.80834831e+01 
 7.60655691e+05  4.92901777e+00 -4.78608417e+01 
 7.78196206e+05  4.92641844e+00 -4.76926213e+01 
 7.96141200e+05  4.92232994e+00 -4.75764002e+01 
 8.14500001e+05  4.91636287e+00 -4.75097065e+01 
 8.33282151e+05  4.90817413e+00 -4.74900478e+01 
 8.52497412e+05  4.89746340e+00 -4.75149357e+01 
 8.72155772e+05  4.88396966e+00 -4.75819054e+01 
 8.92267449e+05  4.86746777e+00 -4.76885322e+01 
 9.12842895e+05  4.84776531e+00 -4.78324430e+01 
 9.33892805e+05  4.82469950e+00 -4.80113263e+01 
 9.55428121e+05  4.79813442e+00 -4.82229392e+01 
 9.77460036e+05  4.76795837e+00 -4.84651120e+01 
 1.00000000e+06  4.73408148e+00 -4.87357517e+01 
 1.02305973e+06  4.69643353e+00 -4.90328444e+01 
 1.04665121e+06  4.65496191e+00 -4.93544557e+01 
 1.07078670e+06  4.60962987e+00 -4.96987312e+01 
 1.09547876e+06  4.56041483e+00 -5.00638957e+01 
 1.12074020e+06  4.50730688e+00 -5.04482525e+01 
 1.14658417e+06  4.45030748e+00 -5.08501817e+01 
 1.17302409e+06  4.38942822e+00 -5.12681387e+01 
 1.20007371e+06  4.32468970e+00 -5.17006520e+01 
 1.22774708e+06  4.25612056e+00 -5.21463215e+01 
 1.25605860e+06  4.18375658e+00 -5.26038162e+01 
 1.28502297e+06  4.10763986e+00 -5.30718720e+01 
 1.31465525e+06  4.02781807e+00 -5.35492896e+01 
 1.34497085e+06  3.94434377e+00 -5.40349322e+01 
 1.37598551e+06  3.85727384e+00 -5.45277234e+01 
 1.40771537e+06  3.76666888e+00 -5.50266448e+01 
 1.44017690e+06  3.67259273e+00 -5.55307343e+01 
 1.47338699e+06  3.57511197e+00 -5.60390834e+01 
 1.50736290e+06  3.47429554e+00 -5.65508359e+01 
 1.54212228e+06  3.37021433e+00 -5.70651853e+01 
 1.57768320e+06  3.26294083e+00 -5.75813730e+01 
 1.61406415e+06  3.15254878e+00 -5.80986866e+01 
 1.65128404e+06  3.03911292e+00 -5.86164579e+01 
 1.68936220e+06  2.92270867e+00 -5.91340609e+01 
 1.72831844e+06  2.80341191e+00 -5.96509104e+01 
 1.76817299e+06  2.68129875e+00 -6.01664601e+01 
 1.80894658e+06  2.55644529e+00 -6.06802009e+01 
 1.85066040e+06  2.42892747e+00 -6.11916593e+01 
 1.89333613e+06  2.29882088e+00 -6.17003959e+01 
 1.93699595e+06  2.16620060e+00 -6.22060037e+01 
 1.98166255e+06  2.03114104e+00 -6.27081068e+01 
 2.02735916e+06  1.89371587e+00 -6.32063587e+01 
 2.07410951e+06  1.75399783e+00 -6.37004412e+01 
 2.12193792e+06  1.61205867e+00 -6.41900628e+01 
 2.17086923e+06  1.46796907e+00 -6.46749572e+01 
 2.22092889e+06  1.32179853e+00 -6.51548826e+01 
 2.27214291e+06  1.17361528e+00 -6.56296198e+01 
 2.32453791e+06  1.02348629e+00 -6.60989715e+01 
 2.37814113e+06  8.71477151e-01 -6.65627608e+01 
 2.43298042e+06  7.17652058e-01 -6.70208303e+01 
 2.48908429e+06  5.62073767e-01 -6.74730407e+01 
 2.54648190e+06  4.04803570e-01 -6.79192701e+01 
 2.60520309e+06  2.45901266e-01 -6.83594130e+01 
 2.66527837e+06  8.54251457e-02 -6.87933790e+01 
 2.72673897e+06 -7.65680183e-02 -6.92210921e+01 
 2.78961683e+06 -2.40022980e-01 -6.96424899e+01 
 2.85394464e+06 -4.04886022e-01 -7.00575226e+01 
 2.91975583e+06 -5.71104952e-01 -7.04661520e+01 
 2.98708461e+06 -7.38629095e-01 -7.08683513e+01 
 3.05596598e+06 -9.07409288e-01 -7.12641038e+01 
 3.12643573e+06 -1.07739786e+00 -7.16534023e+01 
 3.19853049e+06 -1.24854862e+00 -7.20362487e+01 
 3.27228774e+06 -1.42081684e+00 -7.24126532e+01 
 3.34774581e+06 -1.59415923e+00 -7.27826333e+01 
 3.42494392e+06 -1.76853392e+00 -7.31462141e+01 
 3.50392221e+06 -1.94390043e+00 -7.35034269e+01 
 3.58472171e+06 -2.12021963e+00 -7.38543090e+01 
 3.66738442e+06 -2.29745376e+00 -7.41989035e+01 
 3.75195331e+06 -2.47556634e+00 -7.45372583e+01 
 3.83847234e+06 -2.65452218e+00 -7.48694261e+01 
 3.92698648e+06 -2.83428734e+00 -7.51954636e+01 
 4.01754173e+06 -3.01482910e+00 -7.55154314e+01 
 4.11018515e+06 -3.19611593e+00 -7.58293938e+01 
 4.20496491e+06 -3.37811744e+00 -7.61374178e+01 
 4.30193027e+06 -3.56080437e+00 -7.64395735e+01 
 4.40113162e+06 -3.74414857e+00 -7.67359332e+01 
 4.50262052e+06 -3.92812292e+00 -7.70265717e+01 
 4.60644974e+06 -4.11270134e+00 -7.73115654e+01 
 4.71267322e+06 -4.29785876e+00 -7.75909928e+01 
 4.82134619e+06 -4.48357105e+00 -7.78649333e+01 
 4.93252513e+06 -4.66981504e+00 -7.81334681e+01 
 5.04626783e+06 -4.85656845e+00 -7.83966789e+01 
 5.16263340e+06 -5.04380988e+00 -7.86546486e+01 
 5.28168234e+06 -5.23151876e+00 -7.89074607e+01 
 5.40347650e+06 -5.41967536e+00 -7.91551990e+01 
 5.52807921e+06 -5.60826073e+00 -7.93979480e+01 
 5.65555523e+06 -5.79725667e+00 -7.96357921e+01 
 5.78597080e+06 -5.98664572e+00 -7.98688158e+01 
 5.91939372e+06 -6.17641113e+00 -8.00971039e+01 
 6.05589334e+06 -6.36653684e+00 -8.03207407e+01 
 6.19554061e+06 -6.55700742e+00 -8.05398103e+01 
 6.33840810e+06 -6.74780810e+00 -8.07543968e+01 
 6.48457008e+06 -6.93892471e+00 -8.09645834e+01 
 6.63410251e+06 -7.13034365e+00 -8.11704531e+01 
 6.78708313e+06 -7.32205190e+00 -8.13720884e+01 
 6.94359143e+06 -7.51403699e+00 -8.15695710e+01 
 7.10370877e+06 -7.70628695e+00 -8.17629820e+01 
 7.26751838e+06 -7.89879032e+00 -8.19524017e+01 
 7.43510539e+06 -8.09153612e+00 -8.21379098e+01 
 7.60655691e+06 -8.28451383e+00 -8.23195849e+01 
 7.78196206e+06 -8.47771339e+00 -8.24975050e+01 
 7.96141200e+06 -8.67112513e+00 -8.26717471e+01 
 8.14500001e+06 -8.86473984e+00 -8.28423874e+01 
 8.33282151e+06 -9.05854865e+00 -8.30095009e+01 
 8.52497412e+06 -9.25254311e+00 -8.31731620e+01 
 8.72155772e+06 -9.44671510e+00 -8.33334438e+01 
 8.92267449e+06 -9.64105686e+00 -8.34904186e+01 
 9.12842895e+06 -9.83556096e+00 -8.36441576e+01 
 9.33892805e+06 -1.00302203e+01 -8.37947312e+01 
 9.55428121e+06 -1.02250281e+01 -8.39422085e+01 
 9.77460036e+06 -1.04199777e+01 -8.40866577e+01 
 1.00000000e+07 -1.06150631e+01 -8.42281460e+01 
 1.02305973e+07 -1.08102782e+01 -8.43667396e+01 
 1.04665121e+07 -1.10056173e+01 -8.45025035e+01 
 1.07078670e+07 -1.12010750e+01 -8.46355020e+01 
 1.09547876e+07 -1.13966460e+01 -8.47657980e+01 
 1.12074020e+07 -1.15923254e+01 -8.48934538e+01 
 1.14658417e+07 -1.17881083e+01 -8.50185303e+01 
 1.17302409e+07 -1.19839903e+01 -8.51410876e+01 
 1.20007371e+07 -1.21799668e+01 -8.52611849e+01 
 1.22774708e+07 -1.23760339e+01 -8.53788803e+01 
 1.25605860e+07 -1.25721873e+01 -8.54942309e+01 
 1.28502297e+07 -1.27684234e+01 -8.56072929e+01 
 1.31465525e+07 -1.29647385e+01 -8.57181215e+01 
 1.34497085e+07 -1.31611290e+01 -8.58267712e+01 
 1.37598551e+07 -1.33575917e+01 -8.59332953e+01 
 1.40771537e+07 -1.35541233e+01 -8.60377463e+01 
 1.44017690e+07 -1.37507207e+01 -8.61401758e+01 
 1.47338699e+07 -1.39473811e+01 -8.62406345e+01 
 1.50736290e+07 -1.41441017e+01 -8.63391724e+01 
 1.54212228e+07 -1.43408797e+01 -8.64358385e+01 
 1.57768320e+07 -1.45377126e+01 -8.65306809e+01 
 1.61406415e+07 -1.47345980e+01 -8.66237471e+01 
 1.65128404e+07 -1.49315336e+01 -8.67150837e+01 
 1.68936220e+07 -1.51285170e+01 -8.68047364e+01 
 1.72831844e+07 -1.53255462e+01 -8.68927503e+01 
 1.76817299e+07 -1.55226191e+01 -8.69791697e+01 
 1.80894658e+07 -1.57197338e+01 -8.70640382e+01 
 1.85066040e+07 -1.59168884e+01 -8.71473986e+01 
 1.89333613e+07 -1.61140811e+01 -8.72292930e+01 
 1.93699595e+07 -1.63113101e+01 -8.73097629e+01 
 1.98166255e+07 -1.65085740e+01 -8.73888491e+01 
 2.02735916e+07 -1.67058710e+01 -8.74665918e+01 
 2.07410951e+07 -1.69031998e+01 -8.75430304e+01 
 2.12193792e+07 -1.71005588e+01 -8.76182038e+01 
 2.17086923e+07 -1.72979468e+01 -8.76921503e+01 
 2.22092889e+07 -1.74953623e+01 -8.77649076e+01 
 2.27214291e+07 -1.76928042e+01 -8.78365129e+01 
 2.32453791e+07 -1.78902712e+01 -8.79070026e+01 
 2.37814113e+07 -1.80877623e+01 -8.79764129e+01 
 2.43298042e+07 -1.82852763e+01 -8.80447793e+01 
 2.48908429e+07 -1.84828121e+01 -8.81121367e+01 
 2.54648190e+07 -1.86803688e+01 -8.81785197e+01 
 2.60520309e+07 -1.88779455e+01 -8.82439623e+01 
 2.66527837e+07 -1.90755411e+01 -8.83084981e+01 
 2.72673897e+07 -1.92731548e+01 -8.83721603e+01 
 2.78961683e+07 -1.94707858e+01 -8.84349815e+01 
 2.85394464e+07 -1.96684332e+01 -8.84969941e+01 
 2.91975583e+07 -1.98660964e+01 -8.85582300e+01 
 2.98708461e+07 -2.00637744e+01 -8.86187206e+01 
 3.05596598e+07 -2.02614668e+01 -8.86784971e+01 
 3.12643573e+07 -2.04591727e+01 -8.87375904e+01 
 3.19853049e+07 -2.06568915e+01 -8.87960308e+01 
 3.27228774e+07 -2.08546225e+01 -8.88538486e+01 
 3.34774581e+07 -2.10523653e+01 -8.89110734e+01 
 3.42494392e+07 -2.12501192e+01 -8.89677350e+01 
 3.50392221e+07 -2.14478836e+01 -8.90238625e+01 
 3.58472171e+07 -2.16456581e+01 -8.90794849e+01 
 3.66738442e+07 -2.18434421e+01 -8.91346309e+01 
 3.75195331e+07 -2.20412351e+01 -8.91893291e+01 
 3.83847234e+07 -2.22390367e+01 -8.92436076e+01 
 3.92698648e+07 -2.24368464e+01 -8.92974946e+01 
 4.01754173e+07 -2.26346637e+01 -8.93510180e+01 
 4.11018515e+07 -2.28324883e+01 -8.94042054e+01 
 4.20496491e+07 -2.30303198e+01 -8.94570843e+01 
 4.30193027e+07 -2.32281577e+01 -8.95096820e+01 
 4.40113162e+07 -2.34260017e+01 -8.95620259e+01 
 4.50262052e+07 -2.36238513e+01 -8.96141430e+01 
 4.60644974e+07 -2.38217064e+01 -8.96660602e+01 
 4.71267322e+07 -2.40195665e+01 -8.97178045e+01 
 4.82134619e+07 -2.42174312e+01 -8.97694026e+01 
 4.93252513e+07 -2.44153003e+01 -8.98208813e+01 
 5.04626783e+07 -2.46131734e+01 -8.98722672e+01 
 5.16263340e+07 -2.48110503e+01 -8.99235869e+01 
 5.28168234e+07 -2.50089307e+01 -8.99748670e+01 
 5.40347650e+07 -2.52068142e+01 -9.00261340e+01 
 5.52807921e+07 -2.54047005e+01 -9.00774146e+01 
 5.65555523e+07 -2.56025895e+01 -9.01287352e+01 
 5.78597080e+07 -2.58004808e+01 -9.01801224e+01 
 5.91939372e+07 -2.59983741e+01 -9.02316028e+01 
 6.05589334e+07 -2.61962692e+01 -9.02832032e+01 
 6.19554061e+07 -2.63941659e+01 -9.03349501e+01 
 6.33840810e+07 -2.65920638e+01 -9.03868705e+01 
 6.48457008e+07 -2.67899628e+01 -9.04389911e+01 
 6.63410251e+07 -2.69878625e+01 -9.04913390e+01 
 6.78708313e+07 -2.71857628e+01 -9.05439412e+01 
 6.94359143e+07 -2.73836633e+01 -9.05968249e+01 
 7.10370877e+07 -2.75815639e+01 -9.06500176e+01 
 7.26751838e+07 -2.77794642e+01 -9.07035467e+01 
 7.43510539e+07 -2.79773641e+01 -9.07574398e+01 
 7.60655691e+07 -2.81752632e+01 -9.08117250e+01 
 7.78196206e+07 -2.83731614e+01 -9.08664302e+01 
 7.96141200e+07 -2.85710583e+01 -9.09215837e+01 
 8.14500001e+07 -2.87689538e+01 -9.09772139e+01 
 8.33282151e+07 -2.89668475e+01 -9.10333497e+01 
 8.52497412e+07 -2.91647392e+01 -9.10900200e+01 
 8.72155772e+07 -2.93626287e+01 -9.11472540e+01 
 8.92267449e+07 -2.95605156e+01 -9.12050812e+01 
 9.12842895e+07 -2.97583997e+01 -9.12635316e+01 
 9.33892805e+07 -2.99562807e+01 -9.13226351e+01 
 9.55428121e+07 -3.01541583e+01 -9.13824224e+01 
 9.77460036e+07 -3.03520322e+01 -9.14429241e+01 
 1.00000000e+08 -3.05499021e+01 -9.15041713e+01 
 1.02305973e+08 -3.07477677e+01 -9.15661957e+01 
 1.04665121e+08 -3.09456287e+01 -9.16290291e+01 
 1.07078670e+08 -3.11434847e+01 -9.16927038e+01 
 1.09547876e+08 -3.13413354e+01 -9.17572525e+01 
 1.12074020e+08 -3.15391805e+01 -9.18227082e+01 
 1.14658417e+08 -3.17370195e+01 -9.18891047e+01 
 1.17302409e+08 -3.19348522e+01 -9.19564759e+01 
 1.20007371e+08 -3.21326780e+01 -9.20248563e+01 
 1.22774708e+08 -3.23304967e+01 -9.20942809e+01 
 1.25605860e+08 -3.25283078e+01 -9.21647852e+01 
 1.28502297e+08 -3.27261108e+01 -9.22364052e+01 
 1.31465525e+08 -3.29239053e+01 -9.23091774e+01 
 1.34497085e+08 -3.31216908e+01 -9.23831391e+01 
 1.37598551e+08 -3.33194669e+01 -9.24583278e+01 
 1.40771537e+08 -3.35172330e+01 -9.25347818e+01 
 1.44017690e+08 -3.37149886e+01 -9.26125400e+01 
 1.47338699e+08 -3.39127331e+01 -9.26916418e+01 
 1.50736290e+08 -3.41104660e+01 -9.27721273e+01 
 1.54212228e+08 -3.43081866e+01 -9.28540373e+01 
 1.57768320e+08 -3.45058944e+01 -9.29374132e+01 
 1.61406415e+08 -3.47035886e+01 -9.30222972e+01 
 1.65128404e+08 -3.49012686e+01 -9.31087320e+01 
 1.68936220e+08 -3.50989337e+01 -9.31967610e+01 
 1.72831844e+08 -3.52965832e+01 -9.32864287e+01 
 1.76817299e+08 -3.54942161e+01 -9.33777800e+01 
 1.80894658e+08 -3.56918319e+01 -9.34708605e+01 
 1.85066040e+08 -3.58894295e+01 -9.35657169e+01 
 1.89333613e+08 -3.60870081e+01 -9.36623965e+01 
 1.93699595e+08 -3.62845667e+01 -9.37609474e+01 
 1.98166255e+08 -3.64821045e+01 -9.38614186e+01 
 2.02735916e+08 -3.66796203e+01 -9.39638599e+01 
 2.07410951e+08 -3.68771131e+01 -9.40683219e+01 
 2.12193792e+08 -3.70745818e+01 -9.41748563e+01 
 2.17086923e+08 -3.72720253e+01 -9.42835153e+01 
 2.22092889e+08 -3.74694422e+01 -9.43943524e+01 
 2.27214291e+08 -3.76668314e+01 -9.45074217e+01 
 2.32453791e+08 -3.78641914e+01 -9.46227785e+01 
 2.37814113e+08 -3.80615210e+01 -9.47404788e+01 
 2.43298042e+08 -3.82588186e+01 -9.48605797e+01 
 2.48908429e+08 -3.84560826e+01 -9.49831392e+01 
 2.54648190e+08 -3.86533115e+01 -9.51082164e+01 
 2.60520309e+08 -3.88505036e+01 -9.52358712e+01 
 2.66527837e+08 -3.90476572e+01 -9.53661646e+01 
 2.72673897e+08 -3.92447703e+01 -9.54991585e+01 
 2.78961683e+08 -3.94418410e+01 -9.56349161e+01 
 2.85394464e+08 -3.96388674e+01 -9.57735012e+01 
 2.91975583e+08 -3.98358472e+01 -9.59149791e+01 
 2.98708461e+08 -4.00327783e+01 -9.60594157e+01 
 3.05596598e+08 -4.02296582e+01 -9.62068781e+01 
 3.12643573e+08 -4.04264847e+01 -9.63574346e+01 
 3.19853049e+08 -4.06232550e+01 -9.65111543e+01 
 3.27228774e+08 -4.08199665e+01 -9.66681074e+01 
 3.34774581e+08 -4.10166164e+01 -9.68283652e+01 
 3.42494392e+08 -4.12132017e+01 -9.69920000e+01 
 3.50392221e+08 -4.14097193e+01 -9.71590851e+01 
 3.58472171e+08 -4.16061660e+01 -9.73296948e+01 
 3.66738442e+08 -4.18025383e+01 -9.75039044e+01 
 3.75195331e+08 -4.19988327e+01 -9.76817903e+01 
 3.83847234e+08 -4.21950454e+01 -9.78634296e+01 
 3.92698648e+08 -4.23911725e+01 -9.80489008e+01 
 4.01754173e+08 -4.25872098e+01 -9.82382829e+01 
 4.11018515e+08 -4.27831531e+01 -9.84316561e+01 
 4.20496491e+08 -4.29789978e+01 -9.86291012e+01 
 4.30193027e+08 -4.31747390e+01 -9.88307002e+01 
 4.40113162e+08 -4.33703720e+01 -9.90365356e+01 
 4.50262052e+08 -4.35658913e+01 -9.92466909e+01 
 4.60644974e+08 -4.37612915e+01 -9.94612502e+01 
 4.71267322e+08 -4.39565669e+01 -9.96802985e+01 
 4.82134619e+08 -4.41517114e+01 -9.99039211e+01 
 4.93252513e+08 -4.43467186e+01 -1.00132204e+02 
 5.04626783e+08 -4.45415820e+01 -1.00365234e+02 
 5.16263340e+08 -4.47362944e+01 -1.00603099e+02 
 5.28168234e+08 -4.49308487e+01 -1.00845885e+02 
 5.40347650e+08 -4.51252372e+01 -1.01093680e+02 
 5.52807921e+08 -4.53194518e+01 -1.01346573e+02 
 5.65555523e+08 -4.55134840e+01 -1.01604652e+02 
 5.78597080e+08 -4.57073251e+01 -1.01868005e+02 
 5.91939372e+08 -4.59009658e+01 -1.02136720e+02 
 6.05589334e+08 -4.60943963e+01 -1.02410886e+02 
 6.19554061e+08 -4.62876065e+01 -1.02690591e+02 
 6.33840810e+08 -4.64805858e+01 -1.02975921e+02 
 6.48457008e+08 -4.66733229e+01 -1.03266965e+02 
 6.63410251e+08 -4.68658062e+01 -1.03563809e+02 
 6.78708313e+08 -4.70580234e+01 -1.03866538e+02 
 6.94359143e+08 -4.72499617e+01 -1.04175238e+02 
 7.10370877e+08 -4.74416076e+01 -1.04489992e+02 
 7.26751838e+08 -4.76329473e+01 -1.04810885e+02 
 7.43510539e+08 -4.78239659e+01 -1.05137996e+02 
 7.60655691e+08 -4.80146481e+01 -1.05471406e+02 
 7.78196206e+08 -4.82049780e+01 -1.05811194e+02 
 7.96141200e+08 -4.83949387e+01 -1.06157437e+02 
 8.14500001e+08 -4.85845128e+01 -1.06510208e+02 
 8.33282151e+08 -4.87736820e+01 -1.06869580e+02 
 8.52497412e+08 -4.89624274e+01 -1.07235624e+02 
 8.72155772e+08 -4.91507290e+01 -1.07608406e+02 
 8.92267449e+08 -4.93385663e+01 -1.07987992e+02 
 9.12842895e+08 -4.95259178e+01 -1.08374443e+02 
 9.33892805e+08 -4.97127610e+01 -1.08767818e+02 
 9.55428121e+08 -4.98990728e+01 -1.09168170e+02 
 9.77460036e+08 -5.00848290e+01 -1.09575552e+02 
 1.00000000e+09 -5.02700046e+01 -1.09990011e+02 
