 frequency       v(inoise_spectrum) v(onoise_spectrum)
 1.00000000e-01  7.05498892e-05  2.52328970e-03 
 1.02305973e-01  6.95917834e-05  2.48902205e-03 
 1.04665121e-01  6.86466918e-05  2.45521987e-03 
 1.07078670e-01  6.77144375e-05  2.42187684e-03 
 1.09547876e-01  6.67948462e-05  2.38898670e-03 
 1.12074020e-01  6.58877459e-05  2.35654332e-03 
 1.14658417e-01  6.49929669e-05  2.32454063e-03 
 1.17302409e-01  6.41103417e-05  2.29297263e-03 
 1.20007371e-01  6.32397054e-05  2.26183342e-03 
 1.22774708e-01  6.23808950e-05  2.23111718e-03 
 1.25605860e-01  6.15337500e-05  2.20081816e-03 
 1.28502297e-01  6.06981117e-05  2.17093069e-03 
 1.31465525e-01  5.98738240e-05  2.14144919e-03 
 1.34497085e-01  5.90607325e-05  2.11236813e-03 
 1.37598551e-01  5.82586853e-05  2.08368209e-03 
 1.40771537e-01  5.74675324e-05  2.05538568e-03 
 1.44017690e-01  5.66871256e-05  2.02747363e-03 
 1.47338699e-01  5.59173190e-05  1.99994070e-03 
 1.50736290e-01  5.51579687e-05  1.97278175e-03 
 1.54212228e-01  5.44089326e-05  1.94599170e-03 
 1.57768320e-01  5.36700705e-05  1.91956554e-03 
 1.61406415e-01  5.29412443e-05  1.89349831e-03 
 1.65128404e-01  5.22223177e-05  1.86778516e-03 
 1.68936220e-01  5.15131561e-05  1.84242126e-03 
 1.72831844e-01  5.08136269e-05  1.81740188e-03 
 1.76817299e-01  5.01235993e-05  1.79272233e-03 
 1.80894658e-01  4.94429442e-05  1.76837799e-03 
 1.85066040e-01  4.87715342e-05  1.74436432e-03 
 1.89333613e-01  4.81092438e-05  1.72067682e-03 
 1.93699595e-01  4.74559492e-05  1.69731106e-03 
 1.98166255e-01  4.68115280e-05  1.67426268e-03 
 2.02735916e-01  4.61758598e-05  1.65152734e-03 
 2.07410951e-01  4.55488256e-05  1.62910082e-03 
 2.12193792e-01  4.49303082e-05  1.60697891e-03 
 2.17086923e-01  4.43201919e-05  1.58515747e-03 
 2.22092889e-01  4.37183626e-05  1.56363242e-03 
 2.27214291e-01  4.31247076e-05  1.54239973e-03 
 2.32453791e-01  4.25391160e-05  1.52145544e-03 
 2.37814113e-01  4.19614781e-05  1.50079563e-03 
 2.43298042e-01  4.13916861e-05  1.48041643e-03 
 2.48908429e-01  4.08296332e-05  1.46031403e-03 
 2.54648190e-01  4.02752144e-05  1.44048466e-03 
 2.60520309e-01  3.97283259e-05  1.42092463e-03 
 2.66527837e-01  3.91888655e-05  1.40163027e-03 
 2.72673897e-01  3.86567322e-05  1.38259798e-03 
 2.78961683e-01  3.81318266e-05  1.36382418e-03 
 2.85394464e-01  3.76140504e-05  1.34530538e-03 
 2.91975583e-01  3.71033068e-05  1.32703811e-03 
 2.98708461e-01  3.65995002e-05  1.30901895e-03 
 3.05596598e-01  3.61025365e-05  1.29124453e-03 
 3.12643573e-01  3.56123227e-05  1.27371152e-03 
 3.19853049e-01  3.51287671e-05  1.25641666e-03 
 3.27228774e-01  3.46517792e-05  1.23935669e-03 
 3.34774581e-01  3.41812698e-05  1.22252844e-03 
 3.42494392e-01  3.37171509e-05  1.20592875e-03 
 3.50392221e-01  3.32593358e-05  1.18955452e-03 
 3.58472171e-01  3.28077387e-05  1.17340268e-03 
 3.66738442e-01  3.23622753e-05  1.15747022e-03 
 3.75195331e-01  3.19228621e-05  1.14175415e-03 
 3.83847234e-01  3.14894171e-05  1.12625155e-03 
 3.92698648e-01  3.10618591e-05  1.11095949e-03 
 4.01754173e-01  3.06401082e-05  1.09587513e-03 
 4.11018515e-01  3.02240855e-05  1.08099565e-03 
 4.20496491e-01  2.98137131e-05  1.06631826e-03 
 4.30193027e-01  2.94089144e-05  1.05184022e-03 
 4.40113162e-01  2.90096136e-05  1.03755881e-03 
 4.50262052e-01  2.86157360e-05  1.02347137e-03 
 4.60644974e-01  2.82272080e-05  1.00957527e-03 
 4.71267322e-01  2.78439569e-05  9.95867894e-04 
 4.82134619e-01  2.74659110e-05  9.82346691e-04 
 4.93252513e-01  2.70929996e-05  9.69009130e-04 
 5.04626783e-01  2.67251530e-05  9.55852715e-04 
 5.16263340e-01  2.63623023e-05  9.42874986e-04 
 5.28168234e-01  2.60043798e-05  9.30073515e-04 
 5.40347650e-01  2.56513183e-05  9.17445909e-04 
 5.52807921e-01  2.53030521e-05  9.04989806e-04 
 5.65555523e-01  2.49595158e-05  8.92702875e-04 
 5.78597080e-01  2.46206452e-05  8.80582820e-04 
 5.91939372e-01  2.42863770e-05  8.68627372e-04 
 6.05589334e-01  2.39566487e-05  8.56834297e-04 
 6.19554061e-01  2.36313985e-05  8.45201389e-04 
 6.33840810e-01  2.33105657e-05  8.33726471e-04 
 6.48457008e-01  2.29940902e-05  8.22407398e-04 
 6.63410251e-01  2.26819129e-05  8.11242054e-04 
 6.78708313e-01  2.23739753e-05  8.00228349e-04 
 6.94359143e-01  2.20702199e-05  7.89364224e-04 
 7.10370877e-01  2.17705899e-05  7.78647647e-04 
 7.26751838e-01  2.14750293e-05  7.68076614e-04 
 7.43510539e-01  2.11834826e-05  7.57649148e-04 
 7.60655691e-01  2.08958956e-05  7.47363299e-04 
 7.78196206e-01  2.06122142e-05  7.37217143e-04 
 7.96141200e-01  2.03323856e-05  7.27208782e-04 
 8.14500001e-01  2.00563573e-05  7.17336346e-04 
 8.33282151e-01  1.97840778e-05  7.07597987e-04 
 8.52497412e-01  1.95154960e-05  6.97991884e-04 
 8.72155772e-01  1.92505619e-05  6.88516241e-04 
 8.92267449e-01  1.89892258e-05  6.79169285e-04 
 9.12842895e-01  1.87314389e-05  6.69949270e-04 
 9.33892805e-01  1.84771529e-05  6.60854470e-04 
 9.55428121e-01  1.82263204e-05  6.51883184e-04 
 9.77460036e-01  1.79788943e-05  6.43033735e-04 
 1.00000000e+00  1.77348285e-05  6.34304469e-04 
 1.02305973e+00  1.74940772e-05  6.25693751e-04 
 1.04665121e+00  1.72565955e-05  6.17199973e-04 
 1.07078670e+00  1.70223390e-05  6.08821546e-04 
 1.09547876e+00  1.67912638e-05  6.00556902e-04 
 1.12074020e+00  1.65633267e-05  5.92404497e-04 
 1.14658417e+00  1.63384851e-05  5.84362805e-04 
 1.17302409e+00  1.61166970e-05  5.76430324e-04 
 1.20007371e+00  1.58979208e-05  5.68605569e-04 
 1.22774708e+00  1.56821158e-05  5.60887077e-04 
 1.25605860e+00  1.54692414e-05  5.53273405e-04 
 1.28502297e+00  1.52592579e-05  5.45763129e-04 
 1.31465525e+00  1.50521261e-05  5.38354845e-04 
 1.34497085e+00  1.48478071e-05  5.31047167e-04 
 1.37598551e+00  1.46462629e-05  5.23838728e-04 
 1.40771537e+00  1.44474556e-05  5.16728182e-04 
 1.44017690e+00  1.42513482e-05  5.09714197e-04 
 1.47338699e+00  1.40579040e-05  5.02795463e-04 
 1.50736290e+00  1.38670867e-05  4.95970686e-04 
 1.54212228e+00  1.36788607e-05  4.89238589e-04 
 1.57768320e+00  1.34931908e-05  4.82597914e-04 
 1.61406415e+00  1.33100423e-05  4.76047418e-04 
 1.65128404e+00  1.31293809e-05  4.69585878e-04 
 1.68936220e+00  1.29511729e-05  4.63212084e-04 
 1.72831844e+00  1.27753849e-05  4.56924845e-04 
 1.76817299e+00  1.26019841e-05  4.50722985e-04 
 1.80894658e+00  1.24309380e-05  4.44605345e-04 
 1.85066040e+00  1.22622147e-05  4.38570780e-04 
 1.89333613e+00  1.20957825e-05  4.32618162e-04 
 1.93699595e+00  1.19316104e-05  4.26746378e-04 
 1.98166255e+00  1.17696677e-05  4.20954330e-04 
 2.02735916e+00  1.16099242e-05  4.15240935e-04 
 2.07410951e+00  1.14523498e-05  4.09605125e-04 
 2.12193792e+00  1.12969152e-05  4.04045846e-04 
 2.17086923e+00  1.11435913e-05  3.98562059e-04 
 2.22092889e+00  1.09923494e-05  3.93152737e-04 
 2.27214291e+00  1.08431613e-05  3.87816870e-04 
 2.32453791e+00  1.06959991e-05  3.82553460e-04 
 2.37814113e+00  1.05508352e-05  3.77361523e-04 
 2.43298042e+00  1.04076424e-05  3.72240087e-04 
 2.48908429e+00  1.02663942e-05  3.67188196e-04 
 2.54648190e+00  1.01270639e-05  3.62204905e-04 
 2.60520309e+00  9.98962557e-06  3.57289282e-04 
 2.66527837e+00  9.85405352e-06  3.52440408e-04 
 2.72673897e+00  9.72032239e-06  3.47657376e-04 
 2.78961683e+00  9.58840718e-06  3.42939292e-04 
 2.85394464e+00  9.45828321e-06  3.38285273e-04 
 2.91975583e+00  9.32992616e-06  3.33694451e-04 
 2.98708461e+00  9.20331204e-06  3.29165966e-04 
 3.05596598e+00  9.07841716e-06  3.24698971e-04 
 3.12643573e+00  8.95521817e-06  3.20292633e-04 
 3.19853049e+00  8.83369205e-06  3.15946125e-04 
 3.27228774e+00  8.71381607e-06  3.11658637e-04 
 3.34774581e+00  8.59556781e-06  3.07429366e-04 
 3.42494392e+00  8.47892518e-06  3.03257521e-04 
 3.50392221e+00  8.36386636e-06  2.99142324e-04 
 3.58472171e+00  8.25036984e-06  2.95083003e-04 
 3.66738442e+00  8.13841439e-06  2.91078801e-04 
 3.75195331e+00  8.02797910e-06  2.87128969e-04 
 3.83847234e+00  7.91904331e-06  2.83232768e-04 
 3.92698648e+00  7.81158666e-06  2.79389470e-04 
 4.01754173e+00  7.70558906e-06  2.75598356e-04 
 4.11018515e+00  7.60103068e-06  2.71858717e-04 
 4.20496491e+00  7.49789199e-06  2.68169855e-04 
 4.30193027e+00  7.39615370e-06  2.64531080e-04 
 4.40113162e+00  7.29579678e-06  2.60941712e-04 
 4.50262052e+00  7.19680249e-06  2.57401078e-04 
 4.60644974e+00  7.09915231e-06  2.53908519e-04 
 4.71267322e+00  7.00282798e-06  2.50463380e-04 
 4.82134619e+00  6.90781150e-06  2.47065017e-04 
 4.93252513e+00  6.81408511e-06  2.43712796e-04 
 5.04626783e+00  6.72163128e-06  2.40406089e-04 
 5.16263340e+00  6.63043274e-06  2.37144279e-04 
 5.28168234e+00  6.54047242e-06  2.33926755e-04 
 5.40347650e+00  6.45173352e-06  2.30752917e-04 
 5.52807921e+00  6.36419944e-06  2.27622170e-04 
 5.65555523e+00  6.27785383e-06  2.24533930e-04 
 5.78597080e+00  6.19268053e-06  2.21487619e-04 
 5.91939372e+00  6.10866364e-06  2.18482668e-04 
 6.05589334e+00  6.02578743e-06  2.15518515e-04 
 6.19554061e+00  5.94403643e-06  2.12594606e-04 
 6.33840810e+00  5.86339535e-06  2.09710394e-04 
 6.48457008e+00  5.78384911e-06  2.06865341e-04 
 6.63410251e+00  5.70538285e-06  2.04058914e-04 
 6.78708313e+00  5.62798189e-06  2.01290588e-04 
 6.94359143e+00  5.55163177e-06  1.98559847e-04 
 7.10370877e+00  5.47631822e-06  1.95866181e-04 
 7.26751838e+00  5.40202716e-06  1.93209084e-04 
 7.43510539e+00  5.32874470e-06  1.90588061e-04 
 7.60655691e+00  5.25645715e-06  1.88002622e-04 
 7.78196206e+00  5.18515099e-06  1.85452284e-04 
 7.96141200e+00  5.11481289e-06  1.82936569e-04 
 8.14500001e+00  5.04542971e-06  1.80455008e-04 
 8.33282151e+00  4.97698848e-06  1.78007136e-04 
 8.52497412e+00  4.90947641e-06  1.75592497e-04 
 8.72155772e+00  4.84288087e-06  1.73210639e-04 
 8.92267449e+00  4.77718942e-06  1.70861116e-04 
 9.12842895e+00  4.71238978e-06  1.68543490e-04 
 9.33892805e+00  4.64846984e-06  1.66257328e-04 
 9.55428121e+00  4.58541765e-06  1.64002201e-04 
 9.77460036e+00  4.52322143e-06  1.61777689e-04 
 1.00000000e+01  4.46186955e-06  1.59583375e-04 
 1.02305973e+01  4.40135054e-06  1.57418851e-04 
 1.04665121e+01  4.34165310e-06  1.55283710e-04 
 1.07078670e+01  4.28276607e-06  1.53177554e-04 
 1.09547876e+01  4.22467844e-06  1.51099990e-04 
 1.12074020e+01  4.16737936e-06  1.49050629e-04 
 1.14658417e+01  4.11085811e-06  1.47029088e-04 
 1.17302409e+01  4.05510413e-06  1.45034990e-04 
 1.20007371e+01  4.00010700e-06  1.43067961e-04 
 1.22774708e+01  3.94585645e-06  1.41127634e-04 
 1.25605860e+01  3.89234234e-06  1.39213646e-04 
 1.28502297e+01  3.83955466e-06  1.37325640e-04 
 1.31465525e+01  3.78748354e-06  1.35463263e-04 
 1.34497085e+01  3.73611927e-06  1.33626167e-04 
 1.37598551e+01  3.68545223e-06  1.31814008e-04 
 1.40771537e+01  3.63547297e-06  1.30026448e-04 
 1.44017690e+01  3.58617213e-06  1.28263152e-04 
 1.47338699e+01  3.53754051e-06  1.26523792e-04 
 1.50736290e+01  3.48956902e-06  1.24808042e-04 
 1.54212228e+01  3.44224870e-06  1.23115582e-04 
 1.57768320e+01  3.39557069e-06  1.21446095e-04 
 1.61406415e+01  3.34952629e-06  1.19799269e-04 
 1.65128404e+01  3.30410688e-06  1.18174797e-04 
 1.68936220e+01  3.25930397e-06  1.16572375e-04 
 1.72831844e+01  3.21510920e-06  1.14991703e-04 
 1.76817299e+01  3.17151431e-06  1.13432487e-04 
 1.80894658e+01  3.12851115e-06  1.11894434e-04 
 1.85066040e+01  3.08609168e-06  1.10377258e-04 
 1.89333613e+01  3.04424798e-06  1.08880675e-04 
 1.93699595e+01  3.00297223e-06  1.07404405e-04 
 1.98166255e+01  2.96225672e-06  1.05948173e-04 
 2.02735916e+01  2.92209383e-06  1.04511706e-04 
 2.07410951e+01  2.88247608e-06  1.03094736e-04 
 2.12193792e+01  2.84339604e-06  1.01696998e-04 
 2.17086923e+01  2.80484643e-06  1.00318231e-04 
 2.22092889e+01  2.76682003e-06  9.89581776e-05 
 2.27214291e+01  2.72930975e-06  9.76165835e-05 
 2.32453791e+01  2.69230857e-06  9.62931981e-05 
 2.37814113e+01  2.65580958e-06  9.49877740e-05 
 2.43298042e+01  2.61980596e-06  9.37000674e-05 
 2.48908429e+01  2.58429099e-06  9.24298378e-05 
 2.54648190e+01  2.54925803e-06  9.11768477e-05 
 2.60520309e+01  2.51470053e-06  8.99408631e-05 
 2.66527837e+01  2.48061204e-06  8.87216531e-05 
 2.72673897e+01  2.44698619e-06  8.75189898e-05 
 2.78961683e+01  2.41381670e-06  8.63326486e-05 
 2.85394464e+01  2.38109737e-06  8.51624080e-05 
 2.91975583e+01  2.34882209e-06  8.40080491e-05 
 2.98708461e+01  2.31698482e-06  8.28693564e-05 
 3.05596598e+01  2.28557963e-06  8.17461172e-05 
 3.12643573e+01  2.25460064e-06  8.06381216e-05 
 3.19853049e+01  2.22404207e-06  7.95451627e-05 
 3.27228774e+01  2.19389820e-06  7.84670362e-05 
 3.34774581e+01  2.16416341e-06  7.74035408e-05 
 3.42494392e+01  2.13483215e-06  7.63544777e-05 
 3.50392221e+01  2.10589892e-06  7.53196511e-05 
 3.58472171e+01  2.07735834e-06  7.42988677e-05 
 3.66738442e+01  2.04920506e-06  7.32919366e-05 
 3.75195331e+01  2.02143384e-06  7.22986699e-05 
 3.83847234e+01  1.99403947e-06  7.13188821e-05 
 3.92698648e+01  1.96701684e-06  7.03523900e-05 
 4.01754173e+01  1.94036092e-06  6.93990132e-05 
 4.11018515e+01  1.91406671e-06  6.84585736e-05 
 4.20496491e+01  1.88812930e-06  6.75308955e-05 
 4.30193027e+01  1.86254386e-06  6.66158057e-05 
 4.40113162e+01  1.83730560e-06  6.57131332e-05 
 4.50262052e+01  1.81240981e-06  6.48227095e-05 
 4.60644974e+01  1.78785183e-06  6.39443682e-05 
 4.71267322e+01  1.76362709e-06  6.30779453e-05 
 4.82134619e+01  1.73973106e-06  6.22232789e-05 
 4.93252513e+01  1.71615927e-06  6.13802095e-05 
 5.04626783e+01  1.69290732e-06  6.05485796e-05 
 5.16263340e+01  1.66997087e-06  5.97282338e-05 
 5.28168234e+01  1.64734564e-06  5.89190190e-05 
 5.40347650e+01  1.62502740e-06  5.81207841e-05 
 5.52807921e+01  1.60301198e-06  5.73333799e-05 
 5.65555523e+01  1.58129528e-06  5.65566594e-05 
 5.78597080e+01  1.55987323e-06  5.57904775e-05 
 5.91939372e+01  1.53874183e-06  5.50346913e-05 
 6.05589334e+01  1.51789714e-06  5.42891595e-05 
 6.19554061e+01  1.49733527e-06  5.35537429e-05 
 6.33840810e+01  1.47705237e-06  5.28283042e-05 
 6.48457008e+01  1.45704467e-06  5.21127079e-05 
 6.63410251e+01  1.43730842e-06  5.14068204e-05 
 6.78708313e+01  1.41783993e-06  5.07105099e-05 
 6.94359143e+01  1.39863558e-06  5.00236464e-05 
 7.10370877e+01  1.37969177e-06  4.93461016e-05 
 7.26751838e+01  1.36100498e-06  4.86777490e-05 
 7.43510539e+01  1.34257170e-06  4.80184638e-05 
 7.60655691e+01  1.32438850e-06  4.73681229e-05 
 7.78196206e+01  1.30645199e-06  4.67266048e-05 
 7.96141200e+01  1.28875880e-06  4.60937899e-05 
 8.14500001e+01  1.27130565e-06  4.54695600e-05 
 8.33282151e+01  1.25408928e-06  4.48537984e-05 
 8.52497412e+01  1.23710646e-06  4.42463903e-05 
 8.72155772e+01  1.22035403e-06  4.36472222e-05 
 8.92267449e+01  1.20382885e-06  4.30561823e-05 
 9.12842895e+01  1.18752785e-06  4.24731602e-05 
 9.33892805e+01  1.17144799e-06  4.18980472e-05 
 9.55428121e+01  1.15558625e-06  4.13307357e-05 
 9.77460036e+01  1.13993968e-06  4.07711200e-05 
 1.00000000e+02  1.12450536e-06  4.02190955e-05 
 1.02305973e+02  1.10928040e-06  3.96745592e-05 
 1.04665121e+02  1.09426197e-06  3.91374095e-05 
 1.07078670e+02  1.07944726e-06  3.86075460e-05 
 1.09547876e+02  1.06483351e-06  3.80848699e-05 
 1.12074020e+02  1.05041798e-06  3.75692836e-05 
 1.14658417e+02  1.03619799e-06  3.70606909e-05 
 1.17302409e+02  1.02217088e-06  3.65589968e-05 
 1.20007371e+02  1.00833403e-06  3.60641077e-05 
 1.22774708e+02  9.94684870e-07  3.55759313e-05 
 1.25605860e+02  9.81220840e-07  3.50943763e-05 
 1.28502297e+02  9.67939431e-07  3.46193529e-05 
 1.31465525e+02  9.54838164e-07  3.41507725e-05 
 1.34497085e+02  9.41914593e-07  3.36885477e-05 
 1.37598551e+02  9.29166308e-07  3.32325920e-05 
 1.40771537e+02  9.16590928e-07  3.27828205e-05 
 1.44017690e+02  9.04186107e-07  3.23391492e-05 
 1.47338699e+02  8.91949529e-07  3.19014953e-05 
 1.50736290e+02  8.79878911e-07  3.14697772e-05 
 1.54212228e+02  8.67972001e-07  3.10439142e-05 
 1.57768320e+02  8.56226577e-07  3.06238269e-05 
 1.61406415e+02  8.44640446e-07  3.02094369e-05 
 1.65128404e+02  8.33211447e-07  2.98006669e-05 
 1.68936220e+02  8.21937447e-07  2.93974406e-05 
 1.72831844e+02  8.10816342e-07  2.89996827e-05 
 1.76817299e+02  7.99846058e-07  2.86073191e-05 
 1.80894658e+02  7.89024546e-07  2.82202765e-05 
 1.85066040e+02  7.78349789e-07  2.78384827e-05 
 1.89333613e+02  7.67819794e-07  2.74618665e-05 
 1.93699595e+02  7.57432597e-07  2.70903576e-05 
 1.98166255e+02  7.47186260e-07  2.67238867e-05 
 2.02735916e+02  7.37078870e-07  2.63623854e-05 
 2.07410951e+02  7.27108543e-07  2.60057863e-05 
 2.12193792e+02  7.17273418e-07  2.56540228e-05 
 2.17086923e+02  7.07571660e-07  2.53070294e-05 
 2.22092889e+02  6.98001460e-07  2.49647412e-05 
 2.27214291e+02  6.88561032e-07  2.46270944e-05 
 2.32453791e+02  6.79248615e-07  2.42940261e-05 
 2.37814113e+02  6.70062472e-07  2.39654742e-05 
 2.43298042e+02  6.61000889e-07  2.36413772e-05 
 2.48908429e+02  6.52062177e-07  2.33216748e-05 
 2.54648190e+02  6.43244667e-07  2.30063074e-05 
 2.60520309e+02  6.34546715e-07  2.26952160e-05 
 2.66527837e+02  6.25966698e-07  2.23883428e-05 
 2.72673897e+02  6.17503017e-07  2.20856304e-05 
 2.78961683e+02  6.09154092e-07  2.17870224e-05 
 2.85394464e+02  6.00918367e-07  2.14924630e-05 
 2.91975583e+02  5.92794306e-07  2.12018975e-05 
 2.98708461e+02  5.84780393e-07  2.09152715e-05 
 3.05596598e+02  5.76875134e-07  2.06325316e-05 
 3.12643573e+02  5.69077054e-07  2.03536251e-05 
 3.19853049e+02  5.61384700e-07  2.00785000e-05 
 3.27228774e+02  5.53796637e-07  1.98071049e-05 
 3.34774581e+02  5.46311449e-07  1.95393893e-05 
 3.42494392e+02  5.38927742e-07  1.92753032e-05 
 3.50392221e+02  5.31644137e-07  1.90147975e-05 
 3.58472171e+02  5.24459278e-07  1.87578234e-05 
 3.66738442e+02  5.17371824e-07  1.85043332e-05 
 3.75195331e+02  5.10380455e-07  1.82542794e-05 
 3.83847234e+02  5.03483865e-07  1.80076156e-05 
 3.92698648e+02  4.96680770e-07  1.77642957e-05 
 4.01754173e+02  4.89969902e-07  1.75242744e-05 
 4.11018515e+02  4.83350008e-07  1.72875069e-05 
 4.20496491e+02  4.76819855e-07  1.70539490e-05 
 4.30193027e+02  4.70378226e-07  1.68235573e-05 
 4.40113162e+02  4.64023919e-07  1.65962888e-05 
 4.50262052e+02  4.57755751e-07  1.63721011e-05 
 4.60644974e+02  4.51572552e-07  1.61509524e-05 
 4.71267322e+02  4.45473170e-07  1.59328015e-05 
 4.82134619e+02  4.39456469e-07  1.57176077e-05 
 4.93252513e+02  4.33521326e-07  1.55053309e-05 
 5.04626783e+02  4.27666636e-07  1.52959317e-05 
 5.16263340e+02  4.21891306e-07  1.50893708e-05 
 5.28168234e+02  4.16194262e-07  1.48856099e-05 
 5.40347650e+02  4.10574441e-07  1.46846109e-05 
 5.52807921e+02  4.05030795e-07  1.44863364e-05 
 5.65555523e+02  3.99562292e-07  1.42907495e-05 
 5.78597080e+02  3.94167912e-07  1.40978136e-05 
 5.91939372e+02  3.88846651e-07  1.39074929e-05 
 6.05589334e+02  3.83597516e-07  1.37197519e-05 
 6.19554061e+02  3.78419529e-07  1.35345555e-05 
 6.33840810e+02  3.73311727e-07  1.33518693e-05 
 6.48457008e+02  3.68273156e-07  1.31716593e-05 
 6.63410251e+02  3.63302878e-07  1.29938918e-05 
 6.78708313e+02  3.58399967e-07  1.28185338e-05 
 6.94359143e+02  3.53563510e-07  1.26455525e-05 
 7.10370877e+02  3.48792605e-07  1.24749158e-05 
 7.26751838e+02  3.44086364e-07  1.23065918e-05 
 7.43510539e+02  3.39443909e-07  1.21405492e-05 
 7.60655691e+02  3.34864377e-07  1.19767571e-05 
 7.78196206e+02  3.30346914e-07  1.18151849e-05 
 7.96141200e+02  3.25890678e-07  1.16558026e-05 
 8.14500001e+02  3.21494840e-07  1.14985804e-05 
 8.33282151e+02  3.17158580e-07  1.13434891e-05 
 8.52497412e+02  3.12881091e-07  1.11904998e-05 
 8.72155772e+02  3.08661576e-07  1.10395840e-05 
 8.92267449e+02  3.04499250e-07  1.08907136e-05 
 9.12842895e+02  3.00393337e-07  1.07438608e-05 
 9.33892805e+02  2.96343072e-07  1.05989984e-05 
 9.55428121e+02  2.92347702e-07  1.04560992e-05 
 9.77460036e+02  2.88406482e-07  1.03151368e-05 
 1.00000000e+03  2.84518678e-07  1.01760849e-05 
 1.02305973e+03  2.80683566e-07  1.00389175e-05 
 1.04665121e+03  2.76900433e-07  9.90360917e-06 
 1.07078670e+03  2.73168573e-07  9.77013467e-06 
 1.09547876e+03  2.69487293e-07  9.63846917e-06 
 1.12074020e+03  2.65855906e-07  9.50858813e-06 
 1.14658417e+03  2.62273736e-07  9.38046739e-06 
 1.17302409e+03  2.58740118e-07  9.25408309e-06 
 1.20007371e+03  2.55254392e-07  9.12941170e-06 
 1.22774708e+03  2.51815910e-07  9.00643001e-06 
 1.25605860e+03  2.48424032e-07  8.88511513e-06 
 1.28502297e+03  2.45078126e-07  8.76544447e-06 
 1.31465525e+03  2.41777570e-07  8.64739576e-06 
 1.34497085e+03  2.38521749e-07  8.53094703e-06 
 1.37598551e+03  2.35310058e-07  8.41607660e-06 
 1.40771537e+03  2.32141898e-07  8.30276310e-06 
 1.44017690e+03  2.29016681e-07  8.19098543e-06 
 1.47338699e+03  2.25933824e-07  8.08072278e-06 
 1.50736290e+03  2.22892753e-07  7.97195465e-06 
 1.54212228e+03  2.19892904e-07  7.86466079e-06 
 1.57768320e+03  2.16933717e-07  7.75882123e-06 
 1.61406415e+03  2.14014642e-07  7.65441628e-06 
 1.65128404e+03  2.11135136e-07  7.55142652e-06 
 1.68936220e+03  2.08294663e-07  7.44983277e-06 
 1.72831844e+03  2.05492694e-07  7.34961614e-06 
 1.76817299e+03  2.02728709e-07  7.25075798e-06 
 1.80894658e+03  2.00002194e-07  7.15323990e-06 
 1.85066040e+03  1.97312640e-07  7.05704375e-06 
 1.89333613e+03  1.94659548e-07  6.96215165e-06 
 1.93699595e+03  1.92042424e-07  6.86854594e-06 
 1.98166255e+03  1.89460781e-07  6.77620920e-06 
 2.02735916e+03  1.86914140e-07  6.68512427e-06 
 2.07410951e+03  1.84402026e-07  6.59527419e-06 
 2.12193792e+03  1.81923973e-07  6.50664227e-06 
 2.17086923e+03  1.79479519e-07  6.41921200e-06 
 2.22092889e+03  1.77068210e-07  6.33296714e-06 
 2.27214291e+03  1.74689598e-07  6.24789165e-06 
 2.32453791e+03  1.72343240e-07  6.16396969e-06 
 2.37814113e+03  1.70028700e-07  6.08118568e-06 
 2.43298042e+03  1.67745547e-07  5.99952420e-06 
 2.48908429e+03  1.65493358e-07  5.91897009e-06 
 2.54648190e+03  1.63271713e-07  5.83950835e-06 
 2.60520309e+03  1.61080199e-07  5.76112423e-06 
 2.66527837e+03  1.58918410e-07  5.68380313e-06 
 2.72673897e+03  1.56785943e-07  5.60753069e-06 
 2.78961683e+03  1.54682401e-07  5.53229273e-06 
 2.85394464e+03  1.52607395e-07  5.45807526e-06 
 2.91975583e+03  1.50560537e-07  5.38486449e-06 
 2.98708461e+03  1.48541449e-07  5.31264680e-06 
 3.05596598e+03  1.46549753e-07  5.24140877e-06 
 3.12643573e+03  1.44585081e-07  5.17113716e-06 
 3.19853049e+03  1.42647068e-07  5.10181891e-06 
 3.27228774e+03  1.40735352e-07  5.03344114e-06 
 3.34774581e+03  1.38849579e-07  4.96599113e-06 
 3.42494392e+03  1.36989399e-07  4.89945636e-06 
 3.50392221e+03  1.35154466e-07  4.83382445e-06 
 3.58472171e+03  1.33344439e-07  4.76908321e-06 
 3.66738442e+03  1.31558982e-07  4.70522062e-06 
 3.75195331e+03  1.29797762e-07  4.64222480e-06 
 3.83847234e+03  1.28060454e-07  4.58008405e-06 
 3.92698648e+03  1.26346734e-07  4.51878682e-06 
 4.01754173e+03  1.24656283e-07  4.45832172e-06 
 4.11018515e+03  1.22988789e-07  4.39867752e-06 
 4.20496491e+03  1.21343941e-07  4.33984314e-06 
 4.30193027e+03  1.19721434e-07  4.28180765e-06 
 4.40113162e+03  1.18120966e-07  4.22456026e-06 
 4.50262052e+03  1.16542241e-07  4.16809035e-06 
 4.60644974e+03  1.14984964e-07  4.11238742e-06 
 4.71267322e+03  1.13448848e-07  4.05744112e-06 
 4.82134619e+03  1.11933606e-07  4.00324125e-06 
 4.93252513e+03  1.10438958e-07  3.94977773e-06 
 5.04626783e+03  1.08964626e-07  3.89704065e-06 
 5.16263340e+03  1.07510336e-07  3.84502020e-06 
 5.28168234e+03  1.06075818e-07  3.79370673e-06 
 5.40347650e+03  1.04660807e-07  3.74309069e-06 
 5.52807921e+03  1.03265039e-07  3.69316270e-06 
 5.65555523e+03  1.01888255e-07  3.64391348e-06 
 5.78597080e+03  1.00530200e-07  3.59533387e-06 
 5.91939372e+03  9.91906220e-08  3.54741487e-06 
 6.05589334e+03  9.78692721e-08  3.50014757e-06 
 6.19554061e+03  9.65659052e-08  3.45352319e-06 
 6.33840810e+03  9.52802794e-08  3.40753307e-06 
 6.48457008e+03  9.40121561e-08  3.36216868e-06 
 6.63410251e+03  9.27613003e-08  3.31742158e-06 
 6.78708313e+03  9.15274796e-08  3.27328348e-06 
 6.94359143e+03  9.03104653e-08  3.22974617e-06 
 7.10370877e+03  8.91100315e-08  3.18680156e-06 
 7.26751838e+03  8.79259556e-08  3.14444169e-06 
 7.43510539e+03  8.67580180e-08  3.10265868e-06 
 7.60655691e+03  8.56060019e-08  3.06144478e-06 
 7.78196206e+03  8.44696938e-08  3.02079234e-06 
 7.96141200e+03  8.33488828e-08  2.98069379e-06 
 8.14500001e+03  8.22433611e-08  2.94114171e-06 
 8.33282151e+03  8.11529237e-08  2.90212873e-06 
 8.52497412e+03  8.00773684e-08  2.86364762e-06 
 8.72155772e+03  7.90164956e-08  2.82569123e-06 
 8.92267449e+03  7.79701087e-08  2.78825250e-06 
 9.12842895e+03  7.69380137e-08  2.75132449e-06 
 9.33892805e+03  7.59200191e-08  2.71490033e-06 
 9.55428121e+03  7.49159363e-08  2.67897327e-06 
 9.77460036e+03  7.39255791e-08  2.64353661e-06 
 1.00000000e+04  7.29487638e-08  2.60858379e-06 
 1.02305973e+04  7.19853094e-08  2.57410831e-06 
 1.04665121e+04  7.10350373e-08  2.54010375e-06 
 1.07078670e+04  7.00977713e-08  2.50656381e-06 
 1.09547876e+04  6.91733376e-08  2.47348225e-06 
 1.12074020e+04  6.82615650e-08  2.44085292e-06 
 1.14658417e+04  6.73622843e-08  2.40866976e-06 
 1.17302409e+04  6.64753289e-08  2.37692678e-06 
 1.20007371e+04  6.56005345e-08  2.34561809e-06 
 1.22774708e+04  6.47377387e-08  2.31473785e-06 
 1.25605860e+04  6.38867819e-08  2.28428033e-06 
 1.28502297e+04  6.30475061e-08  2.25423987e-06 
 1.31465525e+04  6.22197560e-08  2.22461087e-06 
 1.34497085e+04  6.14033779e-08  2.19538783e-06 
 1.37598551e+04  6.05982208e-08  2.16656530e-06 
 1.40771537e+04  5.98041352e-08  2.13813792e-06 
 1.44017690e+04  5.90209741e-08  2.11010041e-06 
 1.47338699e+04  5.82485923e-08  2.08244753e-06 
 1.50736290e+04  5.74868467e-08  2.05517414e-06 
 1.54212228e+04  5.67355961e-08  2.02827516e-06 
 1.57768320e+04  5.59947011e-08  2.00174557e-06 
 1.61406415e+04  5.52640247e-08  1.97558044e-06 
 1.65128404e+04  5.45434311e-08  1.94977488e-06 
 1.68936220e+04  5.38327871e-08  1.92432409e-06 
 1.72831844e+04  5.31319607e-08  1.89922330e-06 
 1.76817299e+04  5.24408221e-08  1.87446785e-06 
 1.80894658e+04  5.17592432e-08  1.85005311e-06 
 1.85066040e+04  5.10870977e-08  1.82597451e-06 
 1.89333613e+04  5.04242608e-08  1.80222756e-06 
 1.93699595e+04  4.97706098e-08  1.77880782e-06 
 1.98166255e+04  4.91260234e-08  1.75571092e-06 
 2.02735916e+04  4.84903822e-08  1.73293252e-06 
 2.07410951e+04  4.78635682e-08  1.71046837e-06 
 2.12193792e+04  4.72454652e-08  1.68831426e-06 
 2.17086923e+04  4.66359585e-08  1.66646603e-06 
 2.22092889e+04  4.60349352e-08  1.64491959e-06 
 2.27214291e+04  4.54422837e-08  1.62367091e-06 
 2.32453791e+04  4.48578940e-08  1.60271597e-06 
 2.37814113e+04  4.42816577e-08  1.58205086e-06 
 2.43298042e+04  4.37134679e-08  1.56167168e-06 
 2.48908429e+04  4.31532191e-08  1.54157460e-06 
 2.54648190e+04  4.26008073e-08  1.52175584e-06 
 2.60520309e+04  4.20561299e-08  1.50221165e-06 
 2.66527837e+04  4.15190859e-08  1.48293835e-06 
 2.72673897e+04  4.09895753e-08  1.46393230e-06 
 2.78961683e+04  4.04674999e-08  1.44518990e-06 
 2.85394464e+04  3.99527626e-08  1.42670761e-06 
 2.91975583e+04  3.94452679e-08  1.40848193e-06 
 2.98708461e+04  3.89449212e-08  1.39050940e-06 
 3.05596598e+04  3.84516295e-08  1.37278660e-06 
 3.12643573e+04  3.79653012e-08  1.35531017e-06 
 3.19853049e+04  3.74858456e-08  1.33807677e-06 
 3.27228774e+04  3.70131736e-08  1.32108312e-06 
 3.34774581e+04  3.65471971e-08  1.30432597e-06 
 3.42494392e+04  3.60878294e-08  1.28780211e-06 
 3.50392221e+04  3.56349847e-08  1.27150838e-06 
 3.58472171e+04  3.51885788e-08  1.25544165e-06 
 3.66738442e+04  3.47485282e-08  1.23959882e-06 
 3.75195331e+04  3.43147510e-08  1.22397685e-06 
 3.83847234e+04  3.38871661e-08  1.20857271e-06 
 3.92698648e+04  3.34656937e-08  1.19338342e-06 
 4.01754173e+04  3.30502550e-08  1.17840605e-06 
 4.11018515e+04  3.26407723e-08  1.16363766e-06 
 4.20496491e+04  3.22371689e-08  1.14907539e-06 
 4.30193027e+04  3.18393694e-08  1.13471639e-06 
 4.40113162e+04  3.14472991e-08  1.12055784e-06 
 4.50262052e+04  3.10608847e-08  1.10659697e-06 
 4.60644974e+04  3.06800535e-08  1.09283101e-06 
 4.71267322e+04  3.03047340e-08  1.07925724e-06 
 4.82134619e+04  2.99348558e-08  1.06587298e-06 
 4.93252513e+04  2.95703492e-08  1.05267556e-06 
 5.04626783e+04  2.92111456e-08  1.03966234e-06 
 5.16263340e+04  2.88571773e-08  1.02683071e-06 
 5.28168234e+04  2.85083776e-08  1.01417808e-06 
 5.40347650e+04  2.81646805e-08  1.00170191e-06 
 5.52807921e+04  2.78260212e-08  9.89399657e-07 
 5.65555523e+04  2.74923354e-08  9.77268812e-07 
 5.78597080e+04  2.71635600e-08  9.65306891e-07 
 5.91939372e+04  2.68396326e-08  9.53511434e-07 
 6.05589334e+04  2.65204916e-08  9.41879999e-07 
 6.19554061e+04  2.62060763e-08  9.30410170e-07 
 6.33840810e+04  2.58963268e-08  9.19099549e-07 
 6.48457008e+04  2.55911840e-08  9.07945759e-07 
 6.63410251e+04  2.52905896e-08  8.96946441e-07 
 6.78708313e+04  2.49944859e-08  8.86099257e-07 
 6.94359143e+04  2.47028164e-08  8.75401886e-07 
 7.10370877e+04  2.44155247e-08  8.64852023e-07 
 7.26751838e+04  2.41325558e-08  8.54447382e-07 
 7.43510539e+04  2.38538550e-08  8.44185691e-07 
 7.60655691e+04  2.35793684e-08  8.34064695e-07 
 7.78196206e+04  2.33090428e-08  8.24082153e-07 
 7.96141200e+04  2.30428258e-08  8.14235836e-07 
 8.14500001e+04  2.27806656e-08  8.04523531e-07 
 8.33282151e+04  2.25225111e-08  7.94943037e-07 
 8.52497412e+04  2.22683117e-08  7.85492165e-07 
 8.72155772e+04  2.20180176e-08  7.76168736e-07 
 8.92267449e+04  2.17715796e-08  7.66970584e-07 
 9.12842895e+04  2.15289491e-08  7.57895552e-07 
 9.33892805e+04  2.12900782e-08  7.48941492e-07 
 9.55428121e+04  2.10549194e-08  7.40106267e-07 
 9.77460036e+04  2.08234259e-08  7.31387747e-07 
 1.00000000e+05  2.05955516e-08  7.22783811e-07 
 1.02305973e+05  2.03712508e-08  7.14292345e-07 
 1.04665121e+05  2.01504784e-08  7.05911243e-07 
 1.07078670e+05  1.99331898e-08  6.97638404e-07 
 1.09547876e+05  1.97193410e-08  6.89471735e-07 
 1.12074020e+05  1.95088886e-08  6.81409149e-07 
 1.14658417e+05  1.93017895e-08  6.73448564e-07 
 1.17302409e+05  1.90980014e-08  6.65587903e-07 
 1.20007371e+05  1.88974822e-08  6.57825095e-07 
 1.22774708e+05  1.87001904e-08  6.50158076e-07 
 1.25605860e+05  1.85060851e-08  6.42584782e-07 
 1.28502297e+05  1.83151257e-08  6.35103160e-07 
 1.31465525e+05  1.81272721e-08  6.27711157e-07 
 1.34497085e+05  1.79424848e-08  6.20406729e-07 
 1.37598551e+05  1.77607245e-08  6.13187835e-07 
 1.40771537e+05  1.75819524e-08  6.06052439e-07 
 1.44017690e+05  1.74061304e-08  5.98998515e-07 
 1.47338699e+05  1.72332203e-08  5.92024038e-07 
 1.50736290e+05  1.70631849e-08  5.85126995e-07 
 1.54212228e+05  1.68959868e-08  5.78305377e-07 
 1.57768320e+05  1.67315896e-08  5.71557186e-07 
 1.61406415e+05  1.65699567e-08  5.64880432e-07 
 1.65128404e+05  1.64110524e-08  5.58273134e-07 
 1.68936220e+05  1.62548409e-08  5.51733326e-07 
 1.72831844e+05  1.61012871e-08  5.45259052e-07 
 1.76817299e+05  1.59503562e-08  5.38848370e-07 
 1.80894658e+05  1.58020136e-08  5.32499356e-07 
 1.85066040e+05  1.56562252e-08  5.26210099e-07 
 1.89333613e+05  1.55129572e-08  5.19978712e-07 
 1.93699595e+05  1.53721760e-08  5.13803325e-07 
 1.98166255e+05  1.52338485e-08  5.07682093e-07 
 2.02735916e+05  1.50979418e-08  5.01613197e-07 
 2.07410951e+05  1.49644235e-08  4.95594842e-07 
 2.12193792e+05  1.48332611e-08  4.89625266e-07 
 2.17086923e+05  1.47044230e-08  4.83702741e-07 
 2.22092889e+05  1.45778773e-08  4.77825570e-07 
 2.27214291e+05  1.44535928e-08  4.71992097e-07 
 2.32453791e+05  1.43315384e-08  4.66200709e-07 
 2.37814113e+05  1.42116834e-08  4.60449832e-07 
 2.43298042e+05  1.40939972e-08  4.54737945e-07 
 2.48908429e+05  1.39784497e-08  4.49063573e-07 
 2.54648190e+05  1.38650108e-08  4.43425298e-07 
 2.60520309e+05  1.37536510e-08  4.37821758e-07 
 2.66527837e+05  1.36443408e-08  4.32251651e-07 
 2.72673897e+05  1.35370510e-08  4.26713738e-07 
 2.78961683e+05  1.34317529e-08  4.21206850e-07 
 2.85394464e+05  1.33284176e-08  4.15729884e-07 
 2.91975583e+05  1.32270169e-08  4.10281813e-07 
 2.98708461e+05  1.31275226e-08  4.04861686e-07 
 3.05596598e+05  1.30299068e-08  3.99468629e-07 
 3.12643573e+05  1.29341419e-08  3.94101852e-07 
 3.19853049e+05  1.28402004e-08  3.88760648e-07 
 3.27228774e+05  1.27480553e-08  3.83444397e-07 
 3.34774581e+05  1.26576796e-08  3.78152567e-07 
 3.42494392e+05  1.25690467e-08  3.72884715e-07 
 3.50392221e+05  1.24821300e-08  3.67640491e-07 
 3.58472171e+05  1.23969034e-08  3.62419635e-07 
 3.66738442e+05  1.23133409e-08  3.57221983e-07 
 3.75195331e+05  1.22314168e-08  3.52047461e-07 
 3.83847234e+05  1.21511056e-08  3.46896090e-07 
 3.92698648e+05  1.20723820e-08  3.41767980e-07 
 4.01754173e+05  1.19952210e-08  3.36663336e-07 
 4.11018515e+05  1.19195978e-08  3.31582450e-07 
 4.20496491e+05  1.18454879e-08  3.26525701e-07 
 4.30193027e+05  1.17728667e-08  3.21493554e-07 
 4.40113162e+05  1.17017104e-08  3.16486555e-07 
 4.50262052e+05  1.16319950e-08  3.11505329e-07 
 4.60644974e+05  1.15636969e-08  3.06550575e-07 
 4.71267322e+05  1.14967926e-08  3.01623063e-07 
 4.82134619e+05  1.14312590e-08  2.96723628e-07 
 4.93252513e+05  1.13670732e-08  2.91853165e-07 
 5.04626783e+05  1.13042125e-08  2.87012627e-07 
 5.16263340e+05  1.12426543e-08  2.82203012e-07 
 5.28168234e+05  1.11823764e-08  2.77425367e-07 
 5.40347650e+05  1.11233570e-08  2.72680773e-07 
 5.52807921e+05  1.10655740e-08  2.67970343e-07 
 5.65555523e+05  1.10090062e-08  2.63295217e-07 
 5.78597080e+05  1.09536320e-08  2.58656551e-07 
 5.91939372e+05  1.08994306e-08  2.54055517e-07 
 6.05589334e+05  1.08463811e-08  2.49493289e-07 
 6.19554061e+05  1.07944628e-08  2.44971042e-07 
 6.33840810e+05  1.07436556e-08  2.40489946e-07 
 6.48457008e+05  1.06939391e-08  2.36051158e-07 
 6.63410251e+05  1.06452937e-08  2.31655814e-07 
 6.78708313e+05  1.05976997e-08  2.27305030e-07 
 6.94359143e+05  1.05511376e-08  2.22999890e-07 
 7.10370877e+05  1.05055884e-08  2.18741447e-07 
 7.26751838e+05  1.04610331e-08  2.14530712e-07 
 7.43510539e+05  1.04174531e-08  2.10368655e-07 
 7.60655691e+05  1.03748300e-08  2.06256201e-07 
 7.78196206e+05  1.03331456e-08  2.02194221e-07 
 7.96141200e+05  1.02923819e-08  1.98183538e-07 
 8.14500001e+05  1.02525213e-08  1.94224914e-07 
 8.33282151e+05  1.02135463e-08  1.90319057e-07 
 8.52497412e+05  1.01754397e-08  1.86466613e-07 
 8.72155772e+05  1.01381846e-08  1.82668169e-07 
 8.92267449e+05  1.01017641e-08  1.78924247e-07 
 9.12842895e+05  1.00661618e-08  1.75235309e-07 
 9.33892805e+05  1.00313615e-08  1.71601751e-07 
 9.55428121e+05  9.99734710e-09  1.68023908e-07 
 9.77460036e+05  9.96410288e-09  1.64502051e-07 
 1.00000000e+06  9.93161329e-09  1.61036388e-07 
 1.02305973e+06  9.89986303e-09  1.57627069e-07 
 1.04665121e+06  9.86883703e-09  1.54274181e-07 
 1.07078670e+06  9.83852046e-09  1.50977752e-07 
 1.09547876e+06  9.80889873e-09  1.47737755e-07 
 1.12074020e+06  9.77995748e-09  1.44554106e-07 
 1.14658417e+06  9.75168257e-09  1.41426667e-07 
 1.17302409e+06  9.72406010e-09  1.38355252e-07 
 1.20007371e+06  9.69707640e-09  1.35339621e-07 
 1.22774708e+06  9.67071802e-09  1.32379490e-07 
 1.25605860e+06  9.64497174e-09  1.29474531e-07 
 1.28502297e+06  9.61982458e-09  1.26624371e-07 
 1.31465525e+06  9.59526374e-09  1.23828599e-07 
 1.34497085e+06  9.57127669e-09  1.21086768e-07 
 1.37598551e+06  9.54785109e-09  1.18398392e-07 
 1.40771537e+06  9.52497482e-09  1.15762956e-07 
 1.44017690e+06  9.50263599e-09  1.13179914e-07 
 1.47338699e+06  9.48082290e-09  1.10648691e-07 
 1.50736290e+06  9.45952408e-09  1.08168687e-07 
 1.54212228e+06  9.43872827e-09  1.05739280e-07 
 1.57768320e+06  9.41842440e-09  1.03359825e-07 
 1.61406415e+06  9.39860162e-09  1.01029661e-07 
 1.65128404e+06  9.37924928e-09  9.87481061e-08 
 1.68936220e+06  9.36035694e-09  9.65144672e-08 
 1.72831844e+06  9.34191433e-09  9.43280366e-08 
 1.76817299e+06  9.32391140e-09  9.21880955e-08 
 1.80894658e+06  9.30633829e-09  9.00939161e-08 
 1.85066040e+06  9.28918533e-09  8.80447626e-08 
 1.89333613e+06  9.27244304e-09  8.60398932e-08 
 1.93699595e+06  9.25610212e-09  8.40785612e-08 
 1.98166255e+06  9.24015345e-09  8.21600168e-08 
 2.02735916e+06  9.22458812e-09  8.02835082e-08 
 2.07410951e+06  9.20939737e-09  7.84482827e-08 
 2.12193792e+06  9.19457262e-09  7.66535881e-08 
 2.17086923e+06  9.18010548e-09  7.48986737e-08 
 2.22092889e+06  9.16598772e-09  7.31827913e-08 
 2.27214291e+06  9.15221128e-09  7.15051959e-08 
 2.32453791e+06  9.13876827e-09  6.98651469e-08 
 2.37814113e+06  9.12565095e-09  6.82619086e-08 
 2.43298042e+06  9.11285177e-09  6.66947511e-08 
 2.48908429e+06  9.10036331e-09  6.51629511e-08 
 2.54648190e+06  9.08817832e-09  6.36657918e-08 
 2.60520309e+06  9.07628971e-09  6.22025644e-08 
 2.66527837e+06  9.06469052e-09  6.07725678e-08 
 2.72673897e+06  9.05337397e-09  5.93751096e-08 
 2.78961683e+06  9.04233340e-09  5.80095061e-08 
 2.85394464e+06  9.03156231e-09  5.66750828e-08 
 2.91975583e+06  9.02105432e-09  5.53711746e-08 
 2.98708461e+06  9.01080321e-09  5.40971263e-08 
 3.05596598e+06  9.00080290e-09  5.28522926e-08 
 3.12643573e+06  8.99104742e-09  5.16360383e-08 
 3.19853049e+06  8.98153096e-09  5.04477385e-08 
 3.27228774e+06  8.97224781e-09  4.92867789e-08 
 3.34774581e+06  8.96319241e-09  4.81525555e-08 
 3.42494392e+06  8.95435932e-09  4.70444750e-08 
 3.50392221e+06  8.94574321e-09  4.59619549e-08 
 3.58472171e+06  8.93733889e-09  4.49044231e-08 
 3.66738442e+06  8.92914126e-09  4.38713184e-08 
 3.75195331e+06  8.92114537e-09  4.28620901e-08 
 3.83847234e+06  8.91334635e-09  4.18761982e-08 
 3.92698648e+06  8.90573946e-09  4.09131134e-08 
 4.01754173e+06  8.89832007e-09  3.99723168e-08 
 4.11018515e+06  8.89108364e-09  3.90533000e-08 
 4.20496491e+06  8.88402576e-09  3.81555648e-08 
 4.30193027e+06  8.87714210e-09  3.72786236e-08 
 4.40113162e+06  8.87042844e-09  3.64219988e-08 
 4.50262052e+06  8.86388065e-09  3.55852226e-08 
 4.60644974e+06  8.85749471e-09  3.47678377e-08 
 4.71267322e+06  8.85126669e-09  3.39693960e-08 
 4.82134619e+06  8.84519274e-09  3.31894595e-08 
 4.93252513e+06  8.83926912e-09  3.24275996e-08 
 5.04626783e+06  8.83349216e-09  3.16833969e-08 
 5.16263340e+06  8.82785829e-09  3.09564417e-08 
 5.28168234e+06  8.82236402e-09  3.02463328e-08 
 5.40347650e+06  8.81700594e-09  2.95526784e-08 
 5.52807921e+06  8.81178073e-09  2.88750954e-08 
 5.65555523e+06  8.80668515e-09  2.82132092e-08 
 5.78597080e+06  8.80171601e-09  2.75666537e-08 
 5.91939372e+06  8.79687024e-09  2.69350713e-08 
 6.05589334e+06  8.79214481e-09  2.63181123e-08 
 6.19554061e+06  8.78753679e-09  2.57154352e-08 
 6.33840810e+06  8.78304329e-09  2.51267062e-08 
 6.48457008e+06  8.77866152e-09  2.45515994e-08 
 6.63410251e+06  8.77438873e-09  2.39897963e-08 
 6.78708313e+06  8.77022227e-09  2.34409857e-08 
 6.94359143e+06  8.76615953e-09  2.29048638e-08 
 7.10370877e+06  8.76219798e-09  2.23811337e-08 
 7.26751838e+06  8.75833512e-09  2.18695055e-08 
 7.43510539e+06  8.75456856e-09  2.13696963e-08 
 7.60655691e+06  8.75089593e-09  2.08814294e-08 
 7.78196206e+06  8.74731494e-09  2.04044348e-08 
 7.96141200e+06  8.74382335e-09  1.99384490e-08 
 8.14500001e+06  8.74041898e-09  1.94832145e-08 
 8.33282151e+06  8.73709969e-09  1.90384798e-08 
 8.52497412e+06  8.73386342e-09  1.86039995e-08 
 8.72155772e+06  8.73070814e-09  1.81795339e-08 
 8.92267449e+06  8.72763187e-09  1.77648490e-08 
 9.12842895e+06  8.72463270e-09  1.73597163e-08 
 9.33892805e+06  8.72170875e-09  1.69639126e-08 
 9.55428121e+06  8.71885820e-09  1.65772202e-08 
 9.77460036e+06  8.71607927e-09  1.61994264e-08 
 1.00000000e+07  8.71337023e-09  1.58303236e-08 
 1.02305973e+07  8.71072939e-09  1.54697090e-08 
 1.04665121e+07  8.70815511e-09  1.51173847e-08 
 1.07078670e+07  8.70564579e-09  1.47731575e-08 
 1.09547876e+07  8.70319987e-09  1.44368388e-08 
 1.12074020e+07  8.70081583e-09  1.41082442e-08 
 1.14658417e+07  8.69849220e-09  1.37871941e-08 
 1.17302409e+07  8.69622754e-09  1.34735129e-08 
 1.20007371e+07  8.69402045e-09  1.31670290e-08 
 1.22774708e+07  8.69186956e-09  1.28675753e-08 
 1.25605860e+07  8.68977357e-09  1.25749883e-08 
 1.28502297e+07  8.68773117e-09  1.22891085e-08 
 1.31465525e+07  8.68574112e-09  1.20097801e-08 
 1.34497085e+07  8.68380220e-09  1.17368510e-08 
 1.37598551e+07  8.68191323e-09  1.14701729e-08 
 1.40771537e+07  8.68007306e-09  1.12096007e-08 
 1.44017690e+07  8.67828058e-09  1.09549930e-08 
 1.47338699e+07  8.67653470e-09  1.07062114e-08 
 1.50736290e+07  8.67483436e-09  1.04631212e-08 
 1.54212228e+07  8.67317856e-09  1.02255905e-08 
 1.57768320e+07  8.67156629e-09  9.99349072e-09 
 1.61406415e+07  8.66999661e-09  9.76669626e-09 
 1.65128404e+07  8.66846858e-09  9.54508448e-09 
 1.68936220e+07  8.66698131e-09  9.32853561e-09 
 1.72831844e+07  8.66553391e-09  9.11693272e-09 
 1.76817299e+07  8.66412555e-09  8.91016162e-09 
 1.80894658e+07  8.66275542e-09  8.70811082e-09 
 1.85066040e+07  8.66142272e-09  8.51067144e-09 
 1.89333613e+07  8.66012670e-09  8.31773716e-09 
 1.93699595e+07  8.65886663e-09  8.12920414e-09 
 1.98166255e+07  8.65764179e-09  7.94497101e-09 
 2.02735916e+07  8.65645152e-09  7.76493875e-09 
 2.07410951e+07  8.65529515e-09  7.58901066e-09 
 2.12193792e+07  8.65417207e-09  7.41709233e-09 
 2.17086923e+07  8.65308166e-09  7.24909154e-09 
 2.22092889e+07  8.65202336e-09  7.08491823e-09 
 2.27214291e+07  8.65099661e-09  6.92448444e-09 
 2.32453791e+07  8.65000088e-09  6.76770429e-09 
 2.37814113e+07  8.64903569e-09  6.61449387e-09 
 2.43298042e+07  8.64810056e-09  6.46477127e-09 
 2.48908429e+07  8.64719502e-09  6.31845645e-09 
 2.54648190e+07  8.64631868e-09  6.17547127e-09 
 2.60520309e+07  8.64547111e-09  6.03573939e-09 
 2.66527837e+07  8.64465196e-09  5.89918625e-09 
 2.72673897e+07  8.64386086e-09  5.76573905e-09 
 2.78961683e+07  8.64309751e-09  5.63532664e-09 
 2.85394464e+07  8.64236160e-09  5.50787957e-09 
 2.91975583e+07  8.64165285e-09  5.38332997e-09 
 2.98708461e+07  8.64097104e-09  5.26161156e-09 
 3.05596598e+07  8.64031592e-09  5.14265961e-09 
 3.12643573e+07  8.63968732e-09  5.02641088e-09 
 3.19853049e+07  8.63908506e-09  4.91280358e-09 
 3.27228774e+07  8.63850901e-09  4.80177739e-09 
 3.34774581e+07  8.63795906e-09  4.69327337e-09 
 3.42494392e+07  8.63743511e-09  4.58723392e-09 
 3.50392221e+07  8.63693712e-09  4.48360282e-09 
 3.58472171e+07  8.63646506e-09  4.38232512e-09 
 3.66738442e+07  8.63601892e-09  4.28334715e-09 
 3.75195331e+07  8.63559875e-09  4.18661648e-09 
 3.83847234e+07  8.63520461e-09  4.09208189e-09 
 3.92698648e+07  8.63483658e-09  3.99969334e-09 
 4.01754173e+07  8.63449480e-09  3.90940195e-09 
 4.11018515e+07  8.63417943e-09  3.82115998e-09 
 4.20496491e+07  8.63389065e-09  3.73492076e-09 
 4.30193027e+07  8.63362870e-09  3.65063873e-09 
 4.40113162e+07  8.63339384e-09  3.56826937e-09 
 4.50262052e+07  8.63318636e-09  3.48776916e-09 
 4.60644974e+07  8.63300661e-09  3.40909562e-09 
 4.71267322e+07  8.63285495e-09  3.33220724e-09 
 4.82134619e+07  8.63273182e-09  3.25706344e-09 
 4.93252513e+07  8.63263765e-09  3.18362459e-09 
 5.04626783e+07  8.63257295e-09  3.11185199e-09 
 5.16263340e+07  8.63253826e-09  3.04170781e-09 
 5.28168234e+07  8.63253417e-09  2.97315508e-09 
 5.40347650e+07  8.63256132e-09  2.90615770e-09 
 5.52807921e+07  8.63262038e-09  2.84068040e-09 
 5.65555523e+07  8.63271210e-09  2.77668870e-09 
 5.78597080e+07  8.63283725e-09  2.71414893e-09 
 5.91939372e+07  8.63299668e-09  2.65302819e-09 
 6.05589334e+07  8.63319127e-09  2.59329432e-09 
 6.19554061e+07  8.63342200e-09  2.53491593e-09 
 6.33840810e+07  8.63368985e-09  2.47786231e-09 
 6.48457008e+07  8.63399593e-09  2.42210348e-09 
 6.63410251e+07  8.63434135e-09  2.36761015e-09 
 6.78708313e+07  8.63472734e-09  2.31435369e-09 
 6.94359143e+07  8.63515518e-09  2.26230612e-09 
 7.10370877e+07  8.63562620e-09  2.21144013e-09 
 7.26751838e+07  8.63614185e-09  2.16172900e-09 
 7.43510539e+07  8.63670362e-09  2.11314665e-09 
 7.60655691e+07  8.63731310e-09  2.06566758e-09 
 7.78196206e+07  8.63797197e-09  2.01926689e-09 
 7.96141200e+07  8.63868199e-09  1.97392023e-09 
 8.14500001e+07  8.63944501e-09  1.92960382e-09 
 8.33282151e+07  8.64026298e-09  1.88629443e-09 
 8.52497412e+07  8.64113795e-09  1.84396935e-09 
 8.72155772e+07  8.64207207e-09  1.80260640e-09 
 8.92267449e+07  8.64306761e-09  1.76218390e-09 
 9.12842895e+07  8.64412694e-09  1.72268066e-09 
 9.33892805e+07  8.64525255e-09  1.68407600e-09 
 9.55428121e+07  8.64644706e-09  1.64634969e-09 
 9.77460036e+07  8.64771320e-09  1.60948196e-09 
 1.00000000e+08  8.64905385e-09  1.57345352e-09 
 1.02305973e+08  8.65047202e-09  1.53824550e-09 
 1.04665121e+08  8.65197085e-09  1.50383945e-09 
 1.07078670e+08  8.65355366e-09  1.47021738e-09 
 1.09547876e+08  8.65522390e-09  1.43736167e-09 
 1.12074020e+08  8.65698518e-09  1.40525514e-09 
 1.14658417e+08  8.65884130e-09  1.37388097e-09 
 1.17302409e+08  8.66079620e-09  1.34322276e-09 
 1.20007371e+08  8.66285403e-09  1.31326444e-09 
 1.22774708e+08  8.66501913e-09  1.28399036e-09 
 1.25605860e+08  8.66729600e-09  1.25538518e-09 
 1.28502297e+08  8.66968939e-09  1.22743395e-09 
 1.31465525e+08  8.67220422e-09  1.20012203e-09 
 1.34497085e+08  8.67484566e-09  1.17343514e-09 
 1.37598551e+08  8.67761910e-09  1.14735931e-09 
 1.40771537e+08  8.68053014e-09  1.12188089e-09 
 1.44017690e+08  8.68358467e-09  1.09698657e-09 
 1.47338699e+08  8.68678880e-09  1.07266329e-09 
 1.50736290e+08  8.69014891e-09  1.04889835e-09 
 1.54212228e+08  8.69367166e-09  1.02567929e-09 
 1.57768320e+08  8.69736399e-09  1.00299397e-09 
 1.61406415e+08  8.70123313e-09  9.80830503e-10 
 1.65128404e+08  8.70528663e-09  9.59177287e-10 
 1.68936220e+08  8.70953231e-09  9.38022983e-10 
 1.72831844e+08  8.71397836e-09  9.17356507e-10 
 1.76817299e+08  8.71863328e-09  8.97167031e-10 
 1.80894658e+08  8.72350593e-09  8.77443973e-10 
 1.85066040e+08  8.72860550e-09  8.58176991e-10 
 1.89333613e+08  8.73394158e-09  8.39355982e-10 
 1.93699595e+08  8.73952410e-09  8.20971068e-10 
 1.98166255e+08  8.74536342e-09  8.03012599e-10 
 2.02735916e+08  8.75147027e-09  7.85471145e-10 
 2.07410951e+08  8.75785580e-09  7.68337485e-10 
 2.12193792e+08  8.76453158e-09  7.51602614e-10 
 2.17086923e+08  8.77150962e-09  7.35257724e-10 
 2.22092889e+08  8.77880236e-09  7.19294210e-10 
 2.27214291e+08  8.78642269e-09  7.03703661e-10 
 2.32453791e+08  8.79438398e-09  6.88477853e-10 
 2.37814113e+08  8.80270005e-09  6.73608750e-10 
 2.43298042e+08  8.81138522e-09  6.59088493e-10 
 2.48908429e+08  8.82045428e-09  6.44909401e-10 
 2.54648190e+08  8.82992251e-09  6.31063963e-10 
 2.60520309e+08  8.83980572e-09  6.17544835e-10 
 2.66527837e+08  8.85012020e-09  6.04344837e-10 
 2.72673897e+08  8.86088276e-09  5.91456945e-10 
 2.78961683e+08  8.87211071e-09  5.78874292e-10 
 2.85394464e+08  8.88382190e-09  5.66590160e-10 
 2.91975583e+08  8.89603466e-09  5.54597977e-10 
 2.98708461e+08  8.90876787e-09  5.42891314e-10 
 3.05596598e+08  8.92204090e-09  5.31463880e-10 
 3.12643573e+08  8.93587361e-09  5.20309520e-10 
 3.19853049e+08  8.95028638e-09  5.09422207e-10 
 3.27228774e+08  8.96530007e-09  4.98796045e-10 
 3.34774581e+08  8.98093598e-09  4.88425260e-10 
 3.42494392e+08  8.99721592e-09  4.78304196e-10 
 3.50392221e+08  9.01416208e-09  4.68427316e-10 
 3.58472171e+08  9.03179710e-09  4.58789196e-10 
 3.66738442e+08  9.05014398e-09  4.49384520e-10 
 3.75195331e+08  9.06922609e-09  4.40208080e-10 
 3.83847234e+08  9.08906711e-09  4.31254769e-10 
 3.92698648e+08  9.10969100e-09  4.22519582e-10 
 4.01754173e+08  9.13112198e-09  4.13997609e-10 
 4.11018515e+08  9.15338441e-09  4.05684034e-10 
 4.20496491e+08  9.17650281e-09  3.97574130e-10 
 4.30193027e+08  9.20050178e-09  3.89663260e-10 
 4.40113162e+08  9.22540590e-09  3.81946868e-10 
 4.50262052e+08  9.25123970e-09  3.74420482e-10 
 4.60644974e+08  9.27802755e-09  3.67079709e-10 
 4.71267322e+08  9.30579361e-09  3.59920231e-10 
 4.82134619e+08  9.33456169e-09  3.52937804e-10 
 4.93252513e+08  9.36435520e-09  3.46128255e-10 
 5.04626783e+08  9.39519701e-09  3.39487480e-10 
 5.16263340e+08  9.42710935e-09  3.33011439e-10 
 5.28168234e+08  9.46011371e-09  3.26696160e-10 
 5.40347650e+08  9.49423065e-09  3.20537731e-10 
 5.52807921e+08  9.52947975e-09  3.14532299e-10 
 5.65555523e+08  9.56587940e-09  3.08676071e-10 
 5.78597080e+08  9.60344669e-09  3.02965310e-10 
 5.91939372e+08  9.64219722e-09  2.97396333e-10 
 6.05589334e+08  9.68214500e-09  2.91965512e-10 
 6.19554061e+08  9.72330220e-09  2.86669270e-10 
 6.33840810e+08  9.76567905e-09  2.81504081e-10 
 6.48457008e+08  9.80928362e-09  2.76466471e-10 
 6.63410251e+08  9.85412164e-09  2.71553012e-10 
 6.78708313e+08  9.90019635e-09  2.66760328e-10 
 6.94359143e+08  9.94750826e-09  2.62085088e-10 
 7.10370877e+08  9.99605499e-09  2.57524011e-10 
 7.26751838e+08  1.00458311e-08  2.53073863e-10 
 7.43510539e+08  1.00968278e-08  2.48731458e-10 
 7.60655691e+08  1.01490329e-08  2.44493656e-10 
 7.78196206e+08  1.02024305e-08  2.40357368e-10 
 7.96141200e+08  1.02570009e-08  2.36319551e-10 
 8.14500001e+08  1.03127204e-08  2.32377212e-10 
 8.33282151e+08  1.03695610e-08  2.28527409e-10 
 8.52497412e+08  1.04274906e-08  2.24767251e-10 
 8.72155772e+08  1.04864723e-08  2.21093897e-10 
 8.92267449e+08  1.05464648e-08  2.17504560e-10 
 9.12842895e+08  1.06074219e-08  2.13996509e-10 
 9.33892805e+08  1.06692926e-08  2.10567067e-10 
 9.55428121e+08  1.07320210e-08  2.07213614e-10 
 9.77460036e+08  1.07955459e-08  2.03933588e-10 
 1.00000000e+09  1.08598014e-08  2.00724489e-10 
