 frequency       v(Amag_dB)      v(Aarg)        
 1.00000000e+00  3.10694145e+01 -2.84208762e-02 
 1.02305973e+00  3.10694144e+01 -2.90762539e-02 
 1.04665121e+00  3.10694144e+01 -2.97467443e-02 
 1.07078670e+00  3.10694143e+01 -3.04326961e-02 
 1.09547876e+00  3.10694143e+01 -3.11344657e-02 
 1.12074020e+00  3.10694142e+01 -3.18524179e-02 
 1.14658417e+00  3.10694142e+01 -3.25869259e-02 
 1.17302409e+00  3.10694141e+01 -3.33383714e-02 
 1.20007371e+00  3.10694140e+01 -3.41071451e-02 
 1.22774708e+00  3.10694140e+01 -3.48936465e-02 
 1.25605860e+00  3.10694139e+01 -3.56982843e-02 
 1.28502297e+00  3.10694138e+01 -3.65214769e-02 
 1.31465525e+00  3.10694137e+01 -3.73636521e-02 
 1.34497085e+00  3.10694136e+01 -3.82252475e-02 
 1.37598551e+00  3.10694135e+01 -3.91067111e-02 
 1.40771537e+00  3.10694135e+01 -4.00085010e-02 
 1.44017690e+00  3.10694134e+01 -4.09310860e-02 
 1.47338699e+00  3.10694133e+01 -4.18749454e-02 
 1.50736290e+00  3.10694131e+01 -4.28405700e-02 
 1.54212228e+00  3.10694130e+01 -4.38284616e-02 
 1.57768320e+00  3.10694129e+01 -4.48391337e-02 
 1.61406415e+00  3.10694128e+01 -4.58731115e-02 
 1.65128404e+00  3.10694127e+01 -4.69309326e-02 
 1.68936220e+00  3.10694125e+01 -4.80131468e-02 
 1.72831844e+00  3.10694124e+01 -4.91203164e-02 
 1.76817299e+00  3.10694122e+01 -5.02530171e-02 
 1.80894658e+00  3.10694121e+01 -5.14118375e-02 
 1.85066040e+00  3.10694119e+01 -5.25973799e-02 
 1.89333613e+00  3.10694118e+01 -5.38102606e-02 
 1.93699595e+00  3.10694116e+01 -5.50511099e-02 
 1.98166255e+00  3.10694114e+01 -5.63205728e-02 
 2.02735916e+00  3.10694112e+01 -5.76193091e-02 
 2.07410951e+00  3.10694110e+01 -5.89479939e-02 
 2.12193792e+00  3.10694108e+01 -6.03073178e-02 
 2.17086923e+00  3.10694106e+01 -6.16979872e-02 
 2.22092889e+00  3.10694103e+01 -6.31207249e-02 
 2.27214291e+00  3.10694101e+01 -6.45762706e-02 
 2.32453791e+00  3.10694098e+01 -6.60653807e-02 
 2.37814113e+00  3.10694095e+01 -6.75888291e-02 
 2.43298042e+00  3.10694093e+01 -6.91474077e-02 
 2.48908429e+00  3.10694090e+01 -7.07419267e-02 
 2.54648190e+00  3.10694087e+01 -7.23732147e-02 
 2.60520309e+00  3.10694083e+01 -7.40421197e-02 
 2.66527837e+00  3.10694080e+01 -7.57495090e-02 
 2.72673897e+00  3.10694077e+01 -7.74962701e-02 
 2.78961683e+00  3.10694073e+01 -7.92833109e-02 
 2.85394464e+00  3.10694069e+01 -8.11115603e-02 
 2.91975583e+00  3.10694065e+01 -8.29819684e-02 
 2.98708461e+00  3.10694061e+01 -8.48955074e-02 
 3.05596598e+00  3.10694056e+01 -8.68531719e-02 
 3.12643573e+00  3.10694052e+01 -8.88559794e-02 
 3.19853049e+00  3.10694047e+01 -9.09049710e-02 
 3.27228774e+00  3.10694042e+01 -9.30012114e-02 
 3.34774581e+00  3.10694036e+01 -9.51457904e-02 
 3.42494392e+00  3.10694031e+01 -9.73398224e-02 
 3.50392221e+00  3.10694025e+01 -9.95844480e-02 
 3.58472171e+00  3.10694019e+01 -1.01880834e-01 
 3.66738442e+00  3.10694013e+01 -1.04230173e-01 
 3.75195331e+00  3.10694006e+01 -1.06633687e-01 
 3.83847234e+00  3.10693999e+01 -1.09092626e-01 
 3.92698648e+00  3.10693992e+01 -1.11608266e-01 
 4.01754173e+00  3.10693984e+01 -1.14181916e-01 
 4.11018515e+00  3.10693976e+01 -1.16814912e-01 
 4.20496491e+00  3.10693968e+01 -1.19508625e-01 
 4.30193027e+00  3.10693959e+01 -1.22264454e-01 
 4.40113162e+00  3.10693950e+01 -1.25083830e-01 
 4.50262052e+00  3.10693940e+01 -1.27968220e-01 
 4.60644974e+00  3.10693930e+01 -1.30919122e-01 
 4.71267322e+00  3.10693920e+01 -1.33938071e-01 
 4.82134619e+00  3.10693908e+01 -1.37026635e-01 
 4.93252513e+00  3.10693897e+01 -1.40186420e-01 
 5.04626783e+00  3.10693885e+01 -1.43419068e-01 
 5.16263340e+00  3.10693872e+01 -1.46726259e-01 
 5.28168234e+00  3.10693859e+01 -1.50109711e-01 
 5.40347650e+00  3.10693845e+01 -1.53571185e-01 
 5.52807921e+00  3.10693831e+01 -1.57112477e-01 
 5.65555523e+00  3.10693816e+01 -1.60735430e-01 
 5.78597080e+00  3.10693800e+01 -1.64441925e-01 
 5.91939372e+00  3.10693783e+01 -1.68233890e-01 
 6.05589334e+00  3.10693766e+01 -1.72113296e-01 
 6.19554061e+00  3.10693748e+01 -1.76082157e-01 
 6.33840810e+00  3.10693729e+01 -1.80142538e-01 
 6.48457008e+00  3.10693709e+01 -1.84296548e-01 
 6.63410251e+00  3.10693688e+01 -1.88546347e-01 
 6.78708313e+00  3.10693666e+01 -1.92894142e-01 
 6.94359143e+00  3.10693643e+01 -1.97342194e-01 
 7.10370877e+00  3.10693619e+01 -2.01892815e-01 
 7.26751838e+00  3.10693594e+01 -2.06548369e-01 
 7.43510539e+00  3.10693568e+01 -2.11311277e-01 
 7.60655691e+00  3.10693541e+01 -2.16184012e-01 
 7.78196206e+00  3.10693512e+01 -2.21169108e-01 
 7.96141200e+00  3.10693482e+01 -2.26269156e-01 
 8.14500001e+00  3.10693450e+01 -2.31486806e-01 
 8.33282151e+00  3.10693417e+01 -2.36824770e-01 
 8.52497412e+00  3.10693383e+01 -2.42285821e-01 
 8.72155772e+00  3.10693347e+01 -2.47872798e-01 
 8.92267449e+00  3.10693309e+01 -2.53588605e-01 
 9.12842895e+00  3.10693270e+01 -2.59436211e-01 
 9.33892805e+00  3.10693228e+01 -2.65418656e-01 
 9.55428121e+00  3.10693185e+01 -2.71539049e-01 
 9.77460036e+00  3.10693140e+01 -2.77800570e-01 
 1.00000000e+01  3.10693093e+01 -2.84206473e-01 
 1.02305973e+01  3.10693043e+01 -2.90760087e-01 
 1.04665121e+01  3.10692991e+01 -2.97464817e-01 
 1.07078670e+01  3.10692937e+01 -3.04324149e-01 
 1.09547876e+01  3.10692880e+01 -3.11341646e-01 
 1.12074020e+01  3.10692820e+01 -3.18520955e-01 
 1.14658417e+01  3.10692758e+01 -3.25865807e-01 
 1.17302409e+01  3.10692693e+01 -3.33380018e-01 
 1.20007371e+01  3.10692625e+01 -3.41067493e-01 
 1.22774708e+01  3.10692553e+01 -3.48932227e-01 
 1.25605860e+01  3.10692478e+01 -3.56978305e-01 
 1.28502297e+01  3.10692400e+01 -3.65209910e-01 
 1.31465525e+01  3.10692318e+01 -3.73631317e-01 
 1.34497085e+01  3.10692233e+01 -3.82246904e-01 
 1.37598551e+01  3.10692143e+01 -3.91061146e-01 
 1.40771537e+01  3.10692049e+01 -4.00078622e-01 
 1.44017690e+01  3.10691951e+01 -4.09304019e-01 
 1.47338699e+01  3.10691848e+01 -4.18742130e-01 
 1.50736290e+01  3.10691740e+01 -4.28397857e-01 
 1.54212228e+01  3.10691627e+01 -4.38276218e-01 
 1.57768320e+01  3.10691509e+01 -4.48382344e-01 
 1.61406415e+01  3.10691386e+01 -4.58721486e-01 
 1.65128404e+01  3.10691257e+01 -4.69299016e-01 
 1.68936220e+01  3.10691122e+01 -4.80120427e-01 
 1.72831844e+01  3.10690980e+01 -4.91191342e-01 
 1.76817299e+01  3.10690832e+01 -5.02517512e-01 
 1.80894658e+01  3.10690677e+01 -5.14104820e-01 
 1.85066040e+01  3.10690515e+01 -5.25959285e-01 
 1.89333613e+01  3.10690345e+01 -5.38087064e-01 
 1.93699595e+01  3.10690167e+01 -5.50494457e-01 
 1.98166255e+01  3.10689981e+01 -5.63187908e-01 
 2.02735916e+01  3.10689786e+01 -5.76174010e-01 
 2.07410951e+01  3.10689582e+01 -5.89459508e-01 
 2.12193792e+01  3.10689369e+01 -6.03051300e-01 
 2.17086923e+01  3.10689146e+01 -6.16956445e-01 
 2.22092889e+01  3.10688912e+01 -6.31182165e-01 
 2.27214291e+01  3.10688667e+01 -6.45735846e-01 
 2.32453791e+01  3.10688411e+01 -6.60625045e-01 
 2.37814113e+01  3.10688143e+01 -6.75857494e-01 
 2.43298042e+01  3.10687863e+01 -6.91441100e-01 
 2.48908429e+01  3.10687569e+01 -7.07383956e-01 
 2.54648190e+01  3.10687262e+01 -7.23694336e-01 
 2.60520309e+01  3.10686941e+01 -7.40380710e-01 
 2.66527837e+01  3.10686604e+01 -7.57451737e-01 
 2.72673897e+01  3.10686252e+01 -7.74916280e-01 
 2.78961683e+01  3.10685883e+01 -7.92783402e-01 
 2.85394464e+01  3.10685497e+01 -8.11062377e-01 
 2.91975583e+01  3.10685093e+01 -8.29762691e-01 
 2.98708461e+01  3.10684671e+01 -8.48894047e-01 
 3.05596598e+01  3.10684228e+01 -8.68466373e-01 
 3.12643573e+01  3.10683765e+01 -8.88489823e-01 
 3.19853049e+01  3.10683281e+01 -9.08974785e-01 
 3.27228774e+01  3.10682773e+01 -9.29931887e-01 
 3.34774581e+01  3.10682242e+01 -9.51371998e-01 
 3.42494392e+01  3.10681687e+01 -9.73306239e-01 
 3.50392221e+01  3.10681105e+01 -9.95745984e-01 
 3.58472171e+01  3.10680496e+01 -1.01870287e+00 
 3.66738442e+01  3.10679859e+01 -1.04218880e+00 
 3.75195331e+01  3.10679192e+01 -1.06621595e+00 
 3.83847234e+01  3.10678494e+01 -1.09079677e+00 
 3.92698648e+01  3.10677764e+01 -1.11594401e+00 
 4.01754173e+01  3.10676999e+01 -1.14167069e+00 
 4.11018515e+01  3.10676199e+01 -1.16799016e+00 
 4.20496491e+01  3.10675362e+01 -1.19491603e+00 
 4.30193027e+01  3.10674485e+01 -1.22246227e+00 
 4.40113162e+01  3.10673568e+01 -1.25064313e+00 
 4.50262052e+01  3.10672607e+01 -1.27947322e+00 
 4.60644974e+01  3.10671603e+01 -1.30896746e+00 
 4.71267322e+01  3.10670551e+01 -1.33914111e+00 
 4.82134619e+01  3.10669450e+01 -1.37000979e+00 
 4.93252513e+01  3.10668298e+01 -1.40158948e+00 
 5.04626783e+01  3.10667092e+01 -1.43389652e+00 
 5.16263340e+01  3.10665829e+01 -1.46694761e+00 
 5.28168234e+01  3.10664508e+01 -1.50075985e+00 
 5.40347650e+01  3.10663126e+01 -1.53535071e+00 
 5.52807921e+01  3.10661679e+01 -1.57073808e+00 
 5.65555523e+01  3.10660164e+01 -1.60694025e+00 
 5.78597080e+01  3.10658579e+01 -1.64397590e+00 
 5.91939372e+01  3.10656920e+01 -1.68186418e+00 
 6.05589334e+01  3.10655184e+01 -1.72062464e+00 
 6.19554061e+01  3.10653367e+01 -1.76027729e+00 
 6.33840810e+01  3.10651465e+01 -1.80084258e+00 
 6.48457008e+01  3.10649474e+01 -1.84234145e+00 
 6.63410251e+01  3.10647391e+01 -1.88479528e+00 
 6.78708313e+01  3.10645211e+01 -1.92822596e+00 
 6.94359143e+01  3.10642929e+01 -1.97265586e+00 
 7.10370877e+01  3.10640540e+01 -2.01810786e+00 
 7.26751838e+01  3.10638041e+01 -2.06460537e+00 
 7.43510539e+01  3.10635425e+01 -2.11217230e+00 
 7.60655691e+01  3.10632687e+01 -2.16083313e+00 
 7.78196206e+01  3.10629821e+01 -2.21061285e+00 
 7.96141200e+01  3.10626822e+01 -2.26153705e+00 
 8.14500001e+01  3.10623684e+01 -2.31363188e+00 
 8.33282151e+01  3.10620399e+01 -2.36692407e+00 
 8.52497412e+01  3.10616961e+01 -2.42144096e+00 
 8.72155772e+01  3.10613363e+01 -2.47721048e+00 
 8.92267449e+01  3.10609598e+01 -2.53426122e+00 
 9.12842895e+01  3.10605657e+01 -2.59262236e+00 
 9.33892805e+01  3.10601533e+01 -2.65232376e+00 
 9.55428121e+01  3.10597217e+01 -2.71339595e+00 
 9.77460036e+01  3.10592700e+01 -2.77587010e+00 
 1.00000000e+02  3.10587972e+01 -2.83977811e+00 
 1.02305973e+02  3.10583025e+01 -2.90515256e+00 
 1.04665121e+02  3.10577848e+01 -2.97202675e+00 
 1.07078670e+02  3.10572429e+01 -3.04043472e+00 
 1.09547876e+02  3.10566759e+01 -3.11041125e+00 
 1.12074020e+02  3.10560825e+01 -3.18199188e+00 
 1.14658417e+02  3.10554615e+01 -3.25521292e+00 
 1.17302409e+02  3.10548116e+01 -3.33011150e+00 
 1.20007371e+02  3.10541315e+01 -3.40672551e+00 
 1.22774708e+02  3.10534198e+01 -3.48509370e+00 
 1.25605860e+02  3.10526750e+01 -3.56525563e+00 
 1.28502297e+02  3.10518956e+01 -3.64725172e+00 
 1.31465525e+02  3.10510800e+01 -3.73112326e+00 
 1.34497085e+02  3.10502265e+01 -3.81691241e+00 
 1.37598551e+02  3.10493334e+01 -3.90466224e+00 
 1.40771537e+02  3.10483988e+01 -3.99441671e+00 
 1.44017690e+02  3.10474209e+01 -4.08622073e+00 
 1.47338699e+02  3.10463975e+01 -4.18012015e+00 
 1.50736290e+02  3.10453266e+01 -4.27616177e+00 
 1.54212228e+02  3.10442061e+01 -4.37439336e+00 
 1.57768320e+02  3.10430336e+01 -4.47486369e+00 
 1.61406415e+02  3.10418068e+01 -4.57762253e+00 
 1.65128404e+02  3.10405231e+01 -4.68272065e+00 
 1.68936220e+02  3.10391799e+01 -4.79020989e+00 
 1.72831844e+02  3.10377745e+01 -4.90014309e+00 
 1.76817299e+02  3.10363040e+01 -5.01257420e+00 
 1.80894658e+02  3.10347655e+01 -5.12755820e+00 
 1.85066040e+02  3.10331557e+01 -5.24515118e+00 
 1.89333613e+02  3.10314715e+01 -5.36541034e+00 
 1.93699595e+02  3.10297094e+01 -5.48839396e+00 
 1.98166255e+02  3.10278659e+01 -5.61416148e+00 
 2.02735916e+02  3.10259373e+01 -5.74277344e+00 
 2.07410951e+02  3.10239195e+01 -5.87429155e+00 
 2.12193792e+02  3.10218087e+01 -6.00877867e+00 
 2.17086923e+02  3.10196005e+01 -6.14629881e+00 
 2.22092889e+02  3.10172904e+01 -6.28691715e+00 
 2.27214291e+02  3.10148739e+01 -6.43070006e+00 
 2.32453791e+02  3.10123461e+01 -6.57771508e+00 
 2.37814113e+02  3.10097020e+01 -6.72803094e+00 
 2.43298042e+02  3.10069362e+01 -6.88171755e+00 
 2.48908429e+02  3.10040433e+01 -7.03884601e+00 
 2.54648190e+02  3.10010175e+01 -7.19948860e+00 
 2.60520309e+02  3.09978528e+01 -7.36371879e+00 
 2.66527837e+02  3.09945430e+01 -7.53161123e+00 
 2.72673897e+02  3.09910814e+01 -7.70324172e+00 
 2.78961683e+02  3.09874613e+01 -7.87868726e+00 
 2.85394464e+02  3.09836755e+01 -8.05802596e+00 
 2.91975583e+02  3.09797166e+01 -8.24133708e+00 
 2.98708461e+02  3.09755770e+01 -8.42870101e+00 
 3.05596598e+02  3.09712484e+01 -8.62019922e+00 
 3.12643573e+02  3.09667225e+01 -8.81591425e+00 
 3.19853049e+02  3.09619905e+01 -9.01592969e+00 
 3.27228774e+02  3.09570433e+01 -9.22033015e+00 
 3.34774581e+02  3.09518713e+01 -9.42920121e+00 
 3.42494392e+02  3.09464647e+01 -9.64262940e+00 
 3.50392221e+02  3.09408130e+01 -9.86070212e+00 
 3.58472171e+02  3.09349055e+01 -1.00835076e+01 
 3.66738442e+02  3.09287310e+01 -1.03111350e+01 
 3.75195331e+02  3.09222778e+01 -1.05436740e+01 
 3.83847234e+02  3.09155339e+01 -1.07812151e+01 
 3.92698648e+02  3.09084865e+01 -1.10238494e+01 
 4.01754173e+02  3.09011226e+01 -1.12716683e+01 
 4.11018515e+02  3.08934286e+01 -1.15247640e+01 
 4.20496491e+02  3.08853901e+01 -1.17832286e+01 
 4.30193027e+02  3.08769926e+01 -1.20471549e+01 
 4.40113162e+02  3.08682206e+01 -1.23166355e+01 
 4.50262052e+02  3.08590584e+01 -1.25917632e+01 
 4.60644974e+02  3.08494894e+01 -1.28726306e+01 
 4.71267322e+02  3.08394965e+01 -1.31593301e+01 
 4.82134619e+02  3.08290621e+01 -1.34519537e+01 
 4.93252513e+02  3.08181676e+01 -1.37505930e+01 
 5.04626783e+02  3.08067941e+01 -1.40553387e+01 
 5.16263340e+02  3.07949218e+01 -1.43662809e+01 
 5.28168234e+02  3.07825303e+01 -1.46835083e+01 
 5.40347650e+02  3.07695985e+01 -1.50071088e+01 
 5.52807921e+02  3.07561045e+01 -1.53371686e+01 
 5.65555523e+02  3.07420257e+01 -1.56737723e+01 
 5.78597080e+02  3.07273389e+01 -1.60170026e+01 
 5.91939372e+02  3.07120200e+01 -1.63669403e+01 
 6.05589334e+02  3.06960441e+01 -1.67236635e+01 
 6.19554061e+02  3.06793856e+01 -1.70872479e+01 
 6.33840810e+02  3.06620181e+01 -1.74577664e+01 
 6.48457008e+02  3.06439145e+01 -1.78352886e+01 
 6.63410251e+02  3.06250468e+01 -1.82198805e+01 
 6.78708313e+02  3.06053863e+01 -1.86116048e+01 
 6.94359143e+02  3.05849035e+01 -1.90105195e+01 
 7.10370877e+02  3.05635681e+01 -1.94166787e+01 
 7.26751838e+02  3.05413491e+01 -1.98301316e+01 
 7.43510539e+02  3.05182147e+01 -2.02509222e+01 
 7.60655691e+02  3.04941323e+01 -2.06790893e+01 
 7.78196206e+02  3.04690686e+01 -2.11146656e+01 
 7.96141200e+02  3.04429897e+01 -2.15576779e+01 
 8.14500001e+02  3.04158608e+01 -2.20081464e+01 
 8.33282151e+02  3.03876468e+01 -2.24660845e+01 
 8.52497412e+02  3.03583115e+01 -2.29314980e+01 
 8.72155772e+02  3.03278184e+01 -2.34043855e+01 
 8.92267449e+02  3.02961305e+01 -2.38847373e+01 
 9.12842895e+02  3.02632101e+01 -2.43725353e+01 
 9.33892805e+02  3.02290191e+01 -2.48677528e+01 
 9.55428121e+02  3.01935190e+01 -2.53703539e+01 
 9.77460036e+02  3.01566710e+01 -2.58802934e+01 
 1.00000000e+03  3.01184360e+01 -2.63975159e+01 
 1.02305973e+03  3.00787746e+01 -2.69219565e+01 
 1.04665121e+03  3.00376472e+01 -2.74535394e+01 
 1.07078670e+03  2.99950143e+01 -2.79921785e+01 
 1.09547876e+03  2.99508362e+01 -2.85377764e+01 
 1.12074020e+03  2.99050736e+01 -2.90902248e+01 
 1.14658417e+03  2.98576869e+01 -2.96494041e+01 
 1.17302409e+03  2.98086373e+01 -3.02151831e+01 
 1.20007371e+03  2.97578860e+01 -3.07874190e+01 
 1.22774708e+03  2.97053946e+01 -3.13659571e+01 
 1.25605860e+03  2.96511257e+01 -3.19506313e+01 
 1.28502297e+03  2.95950421e+01 -3.25412634e+01 
 1.31465525e+03  2.95371077e+01 -3.31376637e+01 
 1.34497085e+03  2.94772871e+01 -3.37396308e+01 
 1.37598551e+03  2.94155460e+01 -3.43469519e+01 
 1.40771537e+03  2.93518511e+01 -3.49594027e+01 
 1.44017690e+03  2.92861705e+01 -3.55767481e+01 
 1.47338699e+03  2.92184733e+01 -3.61987423e+01 
 1.50736290e+03  2.91487303e+01 -3.68251288e+01 
 1.54212228e+03  2.90769138e+01 -3.74556415e+01 
 1.57768320e+03  2.90029976e+01 -3.80900045e+01 
 1.61406415e+03  2.89269574e+01 -3.87279332e+01 
 1.65128404e+03  2.88487705e+01 -3.93691342e+01 
 1.68936220e+03  2.87684163e+01 -4.00133068e+01 
 1.72831844e+03  2.86858760e+01 -4.06601426e+01 
 1.76817299e+03  2.86011331e+01 -4.13093270e+01 
 1.80894658e+03  2.85141729e+01 -4.19605397e+01 
 1.85066040e+03  2.84249833e+01 -4.26134554e+01 
 1.89333613e+03  2.83335540e+01 -4.32677447e+01 
 1.93699595e+03  2.82398772e+01 -4.39230748e+01 
 1.98166255e+03  2.81439475e+01 -4.45791104e+01 
 2.02735916e+03  2.80457615e+01 -4.52355148e+01 
 2.07410951e+03  2.79453185e+01 -4.58919504e+01 
 2.12193792e+03  2.78426199e+01 -4.65480797e+01 
 2.17086923e+03  2.77376696e+01 -4.72035666e+01 
 2.22092889e+03  2.76304736e+01 -4.78580764e+01 
 2.27214291e+03  2.75210405e+01 -4.85112775e+01 
 2.32453791e+03  2.74093809e+01 -4.91628420e+01 
 2.37814113e+03  2.72955078e+01 -4.98124462e+01 
 2.43298042e+03  2.71794363e+01 -5.04597717e+01 
 2.48908429e+03  2.70611835e+01 -5.11045062e+01 
 2.54648190e+03  2.69407687e+01 -5.17463441e+01 
 2.60520309e+03  2.68182130e+01 -5.23849873e+01 
 2.66527837e+03  2.66935396e+01 -5.30201455e+01 
 2.72673897e+03  2.65667733e+01 -5.36515373e+01 
 2.78961683e+03  2.64379408e+01 -5.42788905e+01 
 2.85394464e+03  2.63070700e+01 -5.49019425e+01 
 2.91975583e+03  2.61741908e+01 -5.55204411e+01 
 2.98708461e+03  2.60393342e+01 -5.61341444e+01 
 3.05596598e+03  2.59025325e+01 -5.67428215e+01 
 3.12643573e+03  2.57638194e+01 -5.73462527e+01 
 3.19853049e+03  2.56232293e+01 -5.79442298e+01 
 3.27228774e+03  2.54807979e+01 -5.85365561e+01 
 3.34774581e+03  2.53365616e+01 -5.91230466e+01 
 3.42494392e+03  2.51905576e+01 -5.97035283e+01 
 3.50392221e+03  2.50428238e+01 -6.02778399e+01 
 3.58472171e+03  2.48933984e+01 -6.08458320e+01 
 3.66738442e+03  2.47423203e+01 -6.14073670e+01 
 3.75195331e+03  2.45896286e+01 -6.19623190e+01 
 3.83847234e+03  2.44353627e+01 -6.25105735e+01 
 3.92698648e+03  2.42795621e+01 -6.30520277e+01 
 4.01754173e+03  2.41222664e+01 -6.35865896e+01 
 4.11018515e+03  2.39635152e+01 -6.41141785e+01 
 4.20496491e+03  2.38033480e+01 -6.46347242e+01 
 4.30193027e+03  2.36418040e+01 -6.51481671e+01 
 4.40113162e+03  2.34789223e+01 -6.56544574e+01 
 4.50262052e+03  2.33147416e+01 -6.61535554e+01 
 4.60644974e+03  2.31493003e+01 -6.66454308e+01 
 4.71267322e+03  2.29826365e+01 -6.71300622e+01 
 4.82134619e+03  2.28147874e+01 -6.76074374e+01 
 4.93252513e+03  2.26457902e+01 -6.80775521e+01 
 5.04626783e+03  2.24756811e+01 -6.85404103e+01 
 5.16263340e+03  2.23044959e+01 -6.89960237e+01 
 5.28168234e+03  2.21322699e+01 -6.94444112e+01 
 5.40347650e+03  2.19590374e+01 -6.98855985e+01 
 5.52807921e+03  2.17848323e+01 -7.03196182e+01 
 5.65555523e+03  2.16096875e+01 -7.07465086e+01 
 5.78597080e+03  2.14336355e+01 -7.11663141e+01 
 5.91939372e+03  2.12567078e+01 -7.15790846e+01 
 6.05589334e+03  2.10789352e+01 -7.19848751e+01 
 6.19554061e+03  2.09003478e+01 -7.23837451e+01 
 6.33840810e+03  2.07209748e+01 -7.27757589e+01 
 6.48457008e+03  2.05408448e+01 -7.31609848e+01 
 6.63410251e+03  2.03599854e+01 -7.35394948e+01 
 6.78708313e+03  2.01784236e+01 -7.39113646e+01 
 6.94359143e+03  1.99961855e+01 -7.42766731e+01 
 7.10370877e+03  1.98132964e+01 -7.46355020e+01 
 7.26751838e+03  1.96297810e+01 -7.49879359e+01 
 7.43510539e+03  1.94456631e+01 -7.53340618e+01 
 7.60655691e+03  1.92609658e+01 -7.56739686e+01 
 7.78196206e+03  1.90757114e+01 -7.60077476e+01 
 7.96141200e+03  1.88899216e+01 -7.63354916e+01 
 8.14500001e+03  1.87036172e+01 -7.66572949e+01 
 8.33282151e+03  1.85168185e+01 -7.69732534e+01 
 8.52497412e+03  1.83295449e+01 -7.72834638e+01 
 8.72155772e+03  1.81418152e+01 -7.75880241e+01 
 8.92267449e+03  1.79536477e+01 -7.78870329e+01 
 9.12842895e+03  1.77650598e+01 -7.81805896e+01 
 9.33892805e+03  1.75760683e+01 -7.84687941e+01 
 9.55428121e+03  1.73866897e+01 -7.87517467e+01 
 9.77460036e+03  1.71969395e+01 -7.90295477e+01 
 1.00000000e+04  1.70068328e+01 -7.93022980e+01 
 1.02305973e+04  1.68163842e+01 -7.95700982e+01 
 1.04665121e+04  1.66256075e+01 -7.98330489e+01 
 1.07078670e+04  1.64345163e+01 -8.00912505e+01 
 1.09547876e+04  1.62431235e+01 -8.03448035e+01 
 1.12074020e+04  1.60514414e+01 -8.05938075e+01 
 1.14658417e+04  1.58594821e+01 -8.08383622e+01 
 1.17302409e+04  1.56672568e+01 -8.10785666e+01 
 1.20007371e+04  1.54747767e+01 -8.13145192e+01 
 1.22774708e+04  1.52820523e+01 -8.15463180e+01 
 1.25605860e+04  1.50890937e+01 -8.17740604e+01 
 1.28502297e+04  1.48959107e+01 -8.19978430e+01 
 1.31465525e+04  1.47025125e+01 -8.22177619e+01 
 1.34497085e+04  1.45089080e+01 -8.24339122e+01 
 1.37598551e+04  1.43151060e+01 -8.26463885e+01 
 1.40771537e+04  1.41211144e+01 -8.28552846e+01 
 1.44017690e+04  1.39269413e+01 -8.30606933e+01 
 1.47338699e+04  1.37325941e+01 -8.32627066e+01 
 1.50736290e+04  1.35380800e+01 -8.34614160e+01 
 1.54212228e+04  1.33434059e+01 -8.36569118e+01 
 1.57768320e+04  1.31485784e+01 -8.38492835e+01 
 1.61406415e+04  1.29536039e+01 -8.40386198e+01 
 1.65128404e+04  1.27584882e+01 -8.42250086e+01 
 1.68936220e+04  1.25632373e+01 -8.44085369e+01 
 1.72831844e+04  1.23678566e+01 -8.45892907e+01 
 1.76817299e+04  1.21723513e+01 -8.47673554e+01 
 1.80894658e+04  1.19767265e+01 -8.49428153e+01 
 1.85066040e+04  1.17809870e+01 -8.51157541e+01 
 1.89333613e+04  1.15851373e+01 -8.52862546e+01 
 1.93699595e+04  1.13891817e+01 -8.54543985e+01 
 1.98166255e+04  1.11931245e+01 -8.56202671e+01 
 2.02735916e+04  1.09969695e+01 -8.57839408e+01 
 2.07410951e+04  1.08007205e+01 -8.59454991e+01 
 2.12193792e+04  1.06043812e+01 -8.61050208e+01 
 2.17086923e+04  1.04079547e+01 -8.62625840e+01 
 2.22092889e+04  1.02114445e+01 -8.64182661e+01 
 2.27214291e+04  1.00148535e+01 -8.65721437e+01 
 2.32453791e+04  9.81818471e+00 -8.67242929e+01 
 2.37814113e+04  9.62144075e+00 -8.68747889e+01 
 2.43298042e+04  9.42462425e+00 -8.70237066e+01 
 2.48908429e+04  9.22773765e+00 -8.71711198e+01 
 2.54648190e+04  9.03078326e+00 -8.73171023e+01 
 2.60520309e+04  8.83376325e+00 -8.74617268e+01 
 2.66527837e+04  8.63667964e+00 -8.76050659e+01 
 2.72673897e+04  8.43953434e+00 -8.77471914e+01 
 2.78961683e+04  8.24232914e+00 -8.78881746e+01 
 2.85394464e+04  8.04506570e+00 -8.80280866e+01 
 2.91975583e+04  7.84774555e+00 -8.81669979e+01 
 2.98708461e+04  7.65037013e+00 -8.83049785e+01 
 3.05596598e+04  7.45294075e+00 -8.84420981e+01 
 3.12643573e+04  7.25545861e+00 -8.85784262e+01 
 3.19853049e+04  7.05792483e+00 -8.87140317e+01 
 3.27228774e+04  6.86034038e+00 -8.88489833e+01 
 3.34774581e+04  6.66270616e+00 -8.89833496e+01 
 3.42494392e+04  6.46502296e+00 -8.91171988e+01 
 3.50392221e+04  6.26729146e+00 -8.92505987e+01 
 3.58472171e+04  6.06951227e+00 -8.93836173e+01 
 3.66738442e+04  5.87168586e+00 -8.95163222e+01 
 3.75195331e+04  5.67381263e+00 -8.96487809e+01 
 3.83847234e+04  5.47589289e+00 -8.97810609e+01 
 3.92698648e+04  5.27792684e+00 -8.99132293e+01 
 4.01754173e+04  5.07991459e+00 -9.00453536e+01 
 4.11018515e+04  4.88185616e+00 -9.01775010e+01 
 4.20496491e+04  4.68375146e+00 -9.03097388e+01 
 4.30193027e+04  4.48560032e+00 -9.04421342e+01 
 4.40113162e+04  4.28740248e+00 -9.05747548e+01 
 4.50262052e+04  4.08915756e+00 -9.07076679e+01 
 4.60644974e+04  3.89086512e+00 -9.08409411e+01 
 4.71267322e+04  3.69252458e+00 -9.09746423e+01 
 4.82134619e+04  3.49413530e+00 -9.11088393e+01 
 4.93252513e+04  3.29569651e+00 -9.12436003e+01 
 5.04626783e+04  3.09720737e+00 -9.13789937e+01 
 5.16263340e+04  2.89866691e+00 -9.15150881e+01 
 5.28168234e+04  2.70007407e+00 -9.16519524e+01 
 5.40347650e+04  2.50142767e+00 -9.17896559e+01 
 5.52807921e+04  2.30272645e+00 -9.19282682e+01 
 5.65555523e+04  2.10396900e+00 -9.20678593e+01 
 5.78597080e+04  1.90515382e+00 -9.22084995e+01 
 5.91939372e+04  1.70627930e+00 -9.23502597e+01 
 6.05589334e+04  1.50734368e+00 -9.24932111e+01 
 6.19554061e+04  1.30834511e+00 -9.26374254e+01 
 6.33840810e+04  1.10928159e+00 -9.27829749e+01 
 6.48457008e+04  9.10151007e-01 -9.29299324e+01 
 6.63410251e+04  7.10951092e-01 -9.30783711e+01 
 6.78708313e+04  5.11679454e-01 -9.32283650e+01 
 6.94359143e+04  3.12333553e-01 -9.33799886e+01 
 7.10370877e+04  1.12910701e-01 -9.35333171e+01 
 7.26751838e+04 -8.65919432e-02 -9.36884262e+01 
 7.43510539e+04 -2.86177380e-01 -9.38453923e+01 
 7.60655691e+04 -4.85848772e-01 -9.40042927e+01 
 7.78196206e+04 -6.85609455e-01 -9.41652052e+01 
 7.96141200e+04 -8.85462937e-01 -9.43282083e+01 
 8.14500001e+04 -1.08541291e+00 -9.44933815e+01 
 8.33282151e+04 -1.28546326e+00 -9.46608048e+01 
 8.52497412e+04 -1.48561806e+00 -9.48305592e+01 
 8.72155772e+04 -1.68588160e+00 -9.50027262e+01 
 8.92267449e+04 -1.88625836e+00 -9.51773885e+01 
 9.12842895e+04 -2.08675306e+00 -9.53546294e+01 
 9.33892805e+04 -2.28737064e+00 -9.55345330e+01 
 9.55428121e+04 -2.48811627e+00 -9.57171843e+01 
 9.77460036e+04 -2.68899538e+00 -9.59026692e+01 
 1.00000000e+05 -2.89001363e+00 -9.60910744e+01 
 1.02305973e+05 -3.09117697e+00 -9.62824876e+01 
 1.04665121e+05 -3.29249161e+00 -9.64769970e+01 
 1.07078670e+05 -3.49396405e+00 -9.66746921e+01 
 1.09547876e+05 -3.69560108e+00 -9.68756630e+01 
 1.12074020e+05 -3.89740979e+00 -9.70800007e+01 
 1.14658417e+05 -4.09939761e+00 -9.72877970e+01 
 1.17302409e+05 -4.30157228e+00 -9.74991447e+01 
 1.20007371e+05 -4.50394189e+00 -9.77141371e+01 
 1.22774708e+05 -4.70651488e+00 -9.79328686e+01 
 1.25605860e+05 -4.90930005e+00 -9.81554342e+01 
 1.28502297e+05 -5.11230660e+00 -9.83819298e+01 
 1.31465525e+05 -5.31554410e+00 -9.86124517e+01 
 1.34497085e+05 -5.51902256e+00 -9.88470972e+01 
 1.37598551e+05 -5.72275238e+00 -9.90859641e+01 
 1.40771537e+05 -5.92674441e+00 -9.93291508e+01 
 1.44017690e+05 -6.13100996e+00 -9.95767561e+01 
 1.47338699e+05 -6.33556079e+00 -9.98288796e+01 
 1.50736290e+05 -6.54040914e+00 -1.00085621e+02 
 1.54212228e+05 -6.74556778e+00 -1.00347080e+02 
 1.57768320e+05 -6.95104996e+00 -1.00613358e+02 
 1.61406415e+05 -7.15686946e+00 -1.00884555e+02 
 1.65128404e+05 -7.36304063e+00 -1.01160772e+02 
 1.68936220e+05 -7.56957837e+00 -1.01442110e+02 
 1.72831844e+05 -7.77649814e+00 -1.01728669e+02 
 1.76817299e+05 -7.98381601e+00 -1.02020549e+02 
 1.80894658e+05 -8.19154868e+00 -1.02317851e+02 
 1.85066040e+05 -8.39971343e+00 -1.02620674e+02 
 1.89333613e+05 -8.60832822e+00 -1.02929118e+02 
 1.93699595e+05 -8.81741165e+00 -1.03243280e+02 
 1.98166255e+05 -9.02698299e+00 -1.03563257e+02 
 2.02735916e+05 -9.23706221e+00 -1.03889147e+02 
 2.07410951e+05 -9.44766997e+00 -1.04221043e+02 
 2.12193792e+05 -9.65882765e+00 -1.04559040e+02 
 2.17086923e+05 -9.87055735e+00 -1.04903228e+02 
 2.22092889e+05 -1.00828819e+01 -1.05253698e+02 
 2.27214291e+05 -1.02958249e+01 -1.05610538e+02 
 2.32453791e+05 -1.05094107e+01 -1.05973833e+02 
 2.37814113e+05 -1.07236645e+01 -1.06343665e+02 
 2.43298042e+05 -1.09386120e+01 -1.06720115e+02 
 2.48908429e+05 -1.11542800e+01 -1.07103260e+02 
 2.54648190e+05 -1.13706959e+01 -1.07493172e+02 
 2.60520309e+05 -1.15878880e+01 -1.07889921e+02 
 2.66527837e+05 -1.18058853e+01 -1.08293574e+02 
 2.72673897e+05 -1.20247175e+01 -1.08704191e+02 
 2.78961683e+05 -1.22444152e+01 -1.09121829e+02 
 2.85394464e+05 -1.24650098e+01 -1.09546539e+02 
 2.91975583e+05 -1.26865333e+01 -1.09978368e+02 
 2.98708461e+05 -1.29090186e+01 -1.10417356e+02 
 3.05596598e+05 -1.31324992e+01 -1.10863538e+02 
 3.12643573e+05 -1.33570094e+01 -1.11316942e+02 
 3.19853049e+05 -1.35825841e+01 -1.11777589e+02 
 3.27228774e+05 -1.38092588e+01 -1.12245493e+02 
 3.34774581e+05 -1.40370698e+01 -1.12720662e+02 
 3.42494392e+05 -1.42660537e+01 -1.13203092e+02 
 3.50392221e+05 -1.44962480e+01 -1.13692776e+02 
 3.58472171e+05 -1.47276905e+01 -1.14189695e+02 
 3.66738442e+05 -1.49604193e+01 -1.14693821e+02 
 3.75195331e+05 -1.51944730e+01 -1.15205118e+02 
 3.83847234e+05 -1.54298908e+01 -1.15723540e+02 
 3.92698648e+05 -1.56667117e+01 -1.16249030e+02 
 4.01754173e+05 -1.59049752e+01 -1.16781521e+02 
 4.11018515e+05 -1.61447208e+01 -1.17320938e+02 
 4.20496491e+05 -1.63859882e+01 -1.17867191e+02 
 4.30193027e+05 -1.66288169e+01 -1.18420181e+02 
 4.40113162e+05 -1.68732463e+01 -1.18979798e+02 
 4.50262052e+05 -1.71193157e+01 -1.19545920e+02 
 4.60644974e+05 -1.73670639e+01 -1.20118413e+02 
 4.71267322e+05 -1.76165295e+01 -1.20697132e+02 
 4.82134619e+05 -1.78677506e+01 -1.21281919e+02 
 4.93252513e+05 -1.81207644e+01 -1.21872605e+02 
 5.04626783e+05 -1.83756077e+01 -1.22469010e+02 
 5.16263340e+05 -1.86323164e+01 -1.23070941e+02 
 5.28168234e+05 -1.88909254e+01 -1.23678193e+02 
 5.40347650e+05 -1.91514686e+01 -1.24290550e+02 
 5.52807921e+05 -1.94139787e+01 -1.24907786e+02 
 5.65555523e+05 -1.96784873e+01 -1.25529662e+02 
 5.78597080e+05 -1.99450245e+01 -1.26155930e+02 
 5.91939372e+05 -2.02136190e+01 -1.26786330e+02 
 6.05589334e+05 -2.04842979e+01 -1.27420593e+02 
 6.19554061e+05 -2.07570865e+01 -1.28058442e+02 
 6.33840810e+05 -2.10320087e+01 -1.28699588e+02 
 6.48457008e+05 -2.13090861e+01 -1.29343737e+02 
 6.63410251e+05 -2.15883387e+01 -1.29990585e+02 
 6.78708313e+05 -2.18697844e+01 -1.30639823e+02 
 6.94359143e+05 -2.21534389e+01 -1.31291134e+02 
 7.10370877e+05 -2.24393159e+01 -1.31944195e+02 
 7.26751838e+05 -2.27274268e+01 -1.32598682e+02 
 7.43510539e+05 -2.30177808e+01 -1.33254263e+02 
 7.60655691e+05 -2.33103847e+01 -1.33910605e+02 
 7.78196206e+05 -2.36052433e+01 -1.34567372e+02 
 7.96141200e+05 -2.39023587e+01 -1.35224228e+02 
 8.14500001e+05 -2.42017308e+01 -1.35880834e+02 
 8.33282151e+05 -2.45033572e+01 -1.36536855e+02 
 8.52497412e+05 -2.48072332e+01 -1.37191954e+02 
 8.72155772e+05 -2.51133516e+01 -1.37845798e+02 
 8.92267449e+05 -2.54217031e+01 -1.38498056e+02 
 9.12842895e+05 -2.57322760e+01 -1.39148403e+02 
 9.33892805e+05 -2.60450566e+01 -1.39796516e+02 
 9.55428121e+05 -2.63600290e+01 -1.40442079e+02 
 9.77460036e+05 -2.66771749e+01 -1.41084781e+02 
 1.00000000e+06 -2.69964746e+01 -1.41724321e+02 
 1.02305973e+06 -2.73179058e+01 -1.42360401e+02 
 1.04665121e+06 -2.76414450e+01 -1.42992735e+02 
 1.07078670e+06 -2.79670663e+01 -1.43621045e+02 
 1.09547876e+06 -2.82947428e+01 -1.44245061e+02 
 1.12074020e+06 -2.86244454e+01 -1.44864524e+02 
 1.14658417e+06 -2.89561441e+01 -1.45479184e+02 
 1.17302409e+06 -2.92898071e+01 -1.46088804e+02 
 1.20007371e+06 -2.96254017e+01 -1.46693156e+02 
 1.22774708e+06 -2.99628938e+01 -1.47292023e+02 
 1.25605860e+06 -3.03022484e+01 -1.47885202e+02 
 1.28502297e+06 -3.06434295e+01 -1.48472497e+02 
 1.31465525e+06 -3.09864005e+01 -1.49053729e+02 
 1.34497085e+06 -3.13311238e+01 -1.49628727e+02 
 1.37598551e+06 -3.16775613e+01 -1.50197334e+02 
 1.40771537e+06 -3.20256746e+01 -1.50759402e+02 
 1.44017690e+06 -3.23754247e+01 -1.51314797e+02 
 1.47338699e+06 -3.27267723e+01 -1.51863397e+02 
 1.50736290e+06 -3.30796779e+01 -1.52405089e+02 
 1.54212228e+06 -3.34341020e+01 -1.52939774e+02 
 1.57768320e+06 -3.37900050e+01 -1.53467361e+02 
 1.61406415e+06 -3.41473473e+01 -1.53987772e+02 
 1.65128404e+06 -3.45060895e+01 -1.54500940e+02 
 1.68936220e+06 -3.48661924e+01 -1.55006805e+02 
 1.72831844e+06 -3.52276171e+01 -1.55505321e+02 
 1.76817299e+06 -3.55903248e+01 -1.55996447e+02 
 1.80894658e+06 -3.59542775e+01 -1.56480156e+02 
 1.85066040e+06 -3.63194373e+01 -1.56956427e+02 
 1.89333613e+06 -3.66857669e+01 -1.57425249e+02 
 1.93699595e+06 -3.70532296e+01 -1.57886616e+02 
 1.98166255e+06 -3.74217893e+01 -1.58340534e+02 
 2.02735916e+06 -3.77914103e+01 -1.58787013e+02 
 2.07410951e+06 -3.81620579e+01 -1.59226074e+02 
 2.12193792e+06 -3.85336977e+01 -1.59657739e+02 
 2.17086923e+06 -3.89062964e+01 -1.60082042e+02 
 2.22092889e+06 -3.92798210e+01 -1.60499020e+02 
 2.27214291e+06 -3.96542396e+01 -1.60908714e+02 
 2.32453791e+06 -4.00295208e+01 -1.61311175e+02 
 2.37814113e+06 -4.04056341e+01 -1.61706453e+02 
 2.43298042e+06 -4.07825498e+01 -1.62094608e+02 
 2.48908429e+06 -4.11602388e+01 -1.62475701e+02 
 2.54648190e+06 -4.15386731e+01 -1.62849798e+02 
 2.60520309e+06 -4.19178251e+01 -1.63216967e+02 
 2.66527837e+06 -4.22976682e+01 -1.63577281e+02 
 2.72673897e+06 -4.26781766e+01 -1.63930816e+02 
 2.78961683e+06 -4.30593252e+01 -1.64277649e+02 
 2.85394464e+06 -4.34410896e+01 -1.64617863e+02 
 2.91975583e+06 -4.38234463e+01 -1.64951538e+02 
 2.98708461e+06 -4.42063725e+01 -1.65278760e+02 
 3.05596598e+06 -4.45898461e+01 -1.65599617e+02 
 3.12643573e+06 -4.49738457e+01 -1.65914194e+02 
 3.19853049e+06 -4.53583506e+01 -1.66222583e+02 
 3.27228774e+06 -4.57433410e+01 -1.66524874e+02 
 3.34774581e+06 -4.61287975e+01 -1.66821157e+02 
 3.42494392e+06 -4.65147015e+01 -1.67111525e+02 
 3.50392221e+06 -4.69010351e+01 -1.67396072e+02 
 3.58472171e+06 -4.72877810e+01 -1.67674889e+02 
 3.66738442e+06 -4.76749226e+01 -1.67948072e+02 
 3.75195331e+06 -4.80624436e+01 -1.68215712e+02 
 3.83847234e+06 -4.84503287e+01 -1.68477905e+02 
 3.92698648e+06 -4.88385628e+01 -1.68734743e+02 
 4.01754173e+06 -4.92271317e+01 -1.68986320e+02 
 4.11018515e+06 -4.96160216e+01 -1.69232730e+02 
 4.20496491e+06 -5.00052191e+01 -1.69474065e+02 
 4.30193027e+06 -5.03947114e+01 -1.69710418e+02 
 4.40113162e+06 -5.07844863e+01 -1.69941880e+02 
 4.50262052e+06 -5.11745319e+01 -1.70168542e+02 
 4.60644974e+06 -5.15648369e+01 -1.70390495e+02 
 4.71267322e+06 -5.19553904e+01 -1.70607829e+02 
 4.82134619e+06 -5.23461819e+01 -1.70820633e+02 
 4.93252513e+06 -5.27372014e+01 -1.71028994e+02 
 5.04626783e+06 -5.31284391e+01 -1.71233001e+02 
 5.16263340e+06 -5.35198859e+01 -1.71432738e+02 
 5.28168234e+06 -5.39115327e+01 -1.71628292e+02 
 5.40347650e+06 -5.43033712e+01 -1.71819747e+02 
 5.52807921e+06 -5.46953931e+01 -1.72007186e+02 
 5.65555523e+06 -5.50875905e+01 -1.72190691e+02 
 5.78597080e+06 -5.54799559e+01 -1.72370344e+02 
 5.91939372e+06 -5.58724821e+01 -1.72546223e+02 
 6.05589334e+06 -5.62651622e+01 -1.72718409e+02 
 6.19554061e+06 -5.66579896e+01 -1.72886980e+02 
 6.33840810e+06 -5.70509578e+01 -1.73052011e+02 
 6.48457008e+06 -5.74440608e+01 -1.73213578e+02 
 6.63410251e+06 -5.78372928e+01 -1.73371756e+02 
 6.78708313e+06 -5.82306481e+01 -1.73526618e+02 
 6.94359143e+06 -5.86241215e+01 -1.73678236e+02 
 7.10370877e+06 -5.90177077e+01 -1.73826681e+02 
 7.26751838e+06 -5.94114019e+01 -1.73972022e+02 
 7.43510539e+06 -5.98051994e+01 -1.74114329e+02 
 7.60655691e+06 -6.01990956e+01 -1.74253670e+02 
 7.78196206e+06 -6.05930862e+01 -1.74390109e+02 
 7.96141200e+06 -6.09871672e+01 -1.74523713e+02 
 8.14500001e+06 -6.13813345e+01 -1.74654546e+02 
 8.33282151e+06 -6.17755844e+01 -1.74782671e+02 
 8.52497412e+06 -6.21699133e+01 -1.74908150e+02 
 8.72155772e+06 -6.25643176e+01 -1.75031044e+02 
 8.92267449e+06 -6.29587941e+01 -1.75151412e+02 
 9.12842895e+06 -6.33533396e+01 -1.75269314e+02 
 9.33892805e+06 -6.37479511e+01 -1.75384807e+02 
 9.55428121e+06 -6.41426256e+01 -1.75497948e+02 
 9.77460036e+06 -6.45373604e+01 -1.75608793e+02 
 1.00000000e+07 -6.49321528e+01 -1.75717397e+02 
 1.02305973e+07 -6.53270003e+01 -1.75823813e+02 
 1.04665121e+07 -6.57219004e+01 -1.75928093e+02 
 1.07078670e+07 -6.61168509e+01 -1.76030291e+02 
 1.09547876e+07 -6.65118494e+01 -1.76130457e+02 
 1.12074020e+07 -6.69068939e+01 -1.76228640e+02 
 1.14658417e+07 -6.73019822e+01 -1.76324891e+02 
 1.17302409e+07 -6.76971126e+01 -1.76419256e+02 
 1.20007371e+07 -6.80922830e+01 -1.76511784e+02 
 1.22774708e+07 -6.84874917e+01 -1.76602522e+02 
 1.25605860e+07 -6.88827371e+01 -1.76691514e+02 
 1.28502297e+07 -6.92780174e+01 -1.76778806e+02 
 1.31465525e+07 -6.96733312e+01 -1.76864441e+02 
 1.34497085e+07 -7.00686768e+01 -1.76948464e+02 
 1.37598551e+07 -7.04640530e+01 -1.77030917e+02 
 1.40771537e+07 -7.08594583e+01 -1.77111841e+02 
 1.44017690e+07 -7.12548914e+01 -1.77191277e+02 
 1.47338699e+07 -7.16503511e+01 -1.77269267e+02 
 1.50736290e+07 -7.20458361e+01 -1.77345849e+02 
 1.54212228e+07 -7.24413454e+01 -1.77421063e+02 
 1.57768320e+07 -7.28368778e+01 -1.77494947e+02 
 1.61406415e+07 -7.32324324e+01 -1.77567539e+02 
 1.65128404e+07 -7.36280080e+01 -1.77638875e+02 
 1.68936220e+07 -7.40236037e+01 -1.77708993e+02 
 1.72831844e+07 -7.44192187e+01 -1.77777928e+02 
 1.76817299e+07 -7.48148520e+01 -1.77845715e+02 
 1.80894658e+07 -7.52105028e+01 -1.77912390e+02 
 1.85066040e+07 -7.56061702e+01 -1.77977986e+02 
 1.89333613e+07 -7.60018537e+01 -1.78042537e+02 
 1.93699595e+07 -7.63975523e+01 -1.78106076e+02 
 1.98166255e+07 -7.67932653e+01 -1.78168637e+02 
 2.02735916e+07 -7.71889922e+01 -1.78230250e+02 
 2.07410951e+07 -7.75847323e+01 -1.78290948e+02 
 2.12193792e+07 -7.79804849e+01 -1.78350762e+02 
 2.17086923e+07 -7.83762494e+01 -1.78409722e+02 
 2.22092889e+07 -7.87720253e+01 -1.78467860e+02 
 2.27214291e+07 -7.91678121e+01 -1.78525205e+02 
 2.32453791e+07 -7.95636091e+01 -1.78581787e+02 
 2.37814113e+07 -7.99594159e+01 -1.78637634e+02 
 2.43298042e+07 -8.03552321e+01 -1.78692776e+02 
 2.48908429e+07 -8.07510571e+01 -1.78747242e+02 
 2.54648190e+07 -8.11468906e+01 -1.78801058e+02 
 2.60520309e+07 -8.15427320e+01 -1.78854254e+02 
 2.66527837e+07 -8.19385810e+01 -1.78906856e+02 
 2.72673897e+07 -8.23344371e+01 -1.78958892e+02 
 2.78961683e+07 -8.27303001e+01 -1.79010389e+02 
 2.85394464e+07 -8.31261695e+01 -1.79061373e+02 
 2.91975583e+07 -8.35220450e+01 -1.79111870e+02 
 2.98708461e+07 -8.39179262e+01 -1.79161908e+02 
 3.05596598e+07 -8.43138128e+01 -1.79211511e+02 
 3.12643573e+07 -8.47097045e+01 -1.79260706e+02 
 3.19853049e+07 -8.51056010e+01 -1.79309517e+02 
 3.27228774e+07 -8.55015020e+01 -1.79357970e+02 
 3.34774581e+07 -8.58974072e+01 -1.79406091e+02 
 3.42494392e+07 -8.62933163e+01 -1.79453904e+02 
 3.50392221e+07 -8.66892290e+01 -1.79501434e+02 
 3.58472171e+07 -8.70851451e+01 -1.79548705e+02 
 3.66738442e+07 -8.74810644e+01 -1.79595742e+02 
 3.75195331e+07 -8.78769865e+01 -1.79642570e+02 
 3.83847234e+07 -8.82729113e+01 -1.79689212e+02 
 3.92698648e+07 -8.86688385e+01 -1.79735694e+02 
 4.01754173e+07 -8.90647678e+01 -1.79782038e+02 
 4.11018515e+07 -8.94606991e+01 -1.79828269e+02 
 4.20496491e+07 -8.98566321e+01 -1.79874411e+02 
 4.30193027e+07 -9.02525665e+01 -1.79920488e+02 
 4.40113162e+07 -9.06485022e+01 -1.79966524e+02 
 4.50262052e+07 -9.10444390e+01 -1.80012542e+02 
 4.60644974e+07 -9.14403767e+01 -1.80058567e+02 
 4.71267322e+07 -9.18363149e+01 -1.80104622e+02 
 4.82134619e+07 -9.22322536e+01 -1.80150731e+02 
 4.93252513e+07 -9.26281924e+01 -1.80196918e+02 
 5.04626783e+07 -9.30241313e+01 -1.80243208e+02 
 5.16263340e+07 -9.34200700e+01 -1.80289623e+02 
 5.28168234e+07 -9.38160082e+01 -1.80336189e+02 
 5.40347650e+07 -9.42119458e+01 -1.80382928e+02 
 5.52807921e+07 -9.46078826e+01 -1.80429867e+02 
 5.65555523e+07 -9.50038183e+01 -1.80477028e+02 
 5.78597080e+07 -9.53997527e+01 -1.80524436e+02 
 5.91939372e+07 -9.57956857e+01 -1.80572116e+02 
 6.05589334e+07 -9.61916169e+01 -1.80620092e+02 
 6.19554061e+07 -9.65875462e+01 -1.80668390e+02 
 6.33840810e+07 -9.69834733e+01 -1.80717034e+02 
 6.48457008e+07 -9.73793980e+01 -1.80766050e+02 
 6.63410251e+07 -9.77753201e+01 -1.80815462e+02 
 6.78708313e+07 -9.81712392e+01 -1.80865297e+02 
 6.94359143e+07 -9.85671553e+01 -1.80915580e+02 
 7.10370877e+07 -9.89630680e+01 -1.80966338e+02 
 7.26751838e+07 -9.93589770e+01 -1.81017596e+02 
 7.43510539e+07 -9.97548820e+01 -1.81069380e+02 
 7.60655691e+07 -1.00150783e+02 -1.81121719e+02 
 7.78196206e+07 -1.00546679e+02 -1.81174639e+02 
 7.96141200e+07 -1.00942571e+02 -1.81228166e+02 
 8.14500001e+07 -1.01338457e+02 -1.81282330e+02 
 8.33282151e+07 -1.01734338e+02 -1.81337157e+02 
 8.52497412e+07 -1.02130214e+02 -1.81392676e+02 
 8.72155772e+07 -1.02526083e+02 -1.81448916e+02 
 8.92267449e+07 -1.02921946e+02 -1.81505906e+02 
 9.12842895e+07 -1.03317802e+02 -1.81563674e+02 
 9.33892805e+07 -1.03713650e+02 -1.81622252e+02 
 9.55428121e+07 -1.04109492e+02 -1.81681668e+02 
 9.77460036e+07 -1.04505325e+02 -1.81741954e+02 
 1.00000000e+08 -1.04901150e+02 -1.81803141e+02 
 1.02305973e+08 -1.05296965e+02 -1.81865260e+02 
 1.04665121e+08 -1.05692772e+02 -1.81928342e+02 
 1.07078670e+08 -1.06088569e+02 -1.81992421e+02 
 1.09547876e+08 -1.06484355e+02 -1.82057529e+02 
 1.12074020e+08 -1.06880131e+02 -1.82123700e+02 
 1.14658417e+08 -1.07275895e+02 -1.82190967e+02 
 1.17302409e+08 -1.07671647e+02 -1.82259366e+02 
 1.20007371e+08 -1.08067386e+02 -1.82328930e+02 
 1.22774708e+08 -1.08463113e+02 -1.82399695e+02 
 1.25605860e+08 -1.08858825e+02 -1.82471699e+02 
 1.28502297e+08 -1.09254523e+02 -1.82544976e+02 
 1.31465525e+08 -1.09650206e+02 -1.82619566e+02 
 1.34497085e+08 -1.10045873e+02 -1.82695505e+02 
 1.37598551e+08 -1.10441523e+02 -1.82772833e+02 
 1.40771537e+08 -1.10837156e+02 -1.82851588e+02 
 1.44017690e+08 -1.11232770e+02 -1.82931811e+02 
 1.47338699e+08 -1.11628365e+02 -1.83013542e+02 
 1.50736290e+08 -1.12023939e+02 -1.83096823e+02 
 1.54212228e+08 -1.12419493e+02 -1.83181696e+02 
 1.57768320e+08 -1.12815024e+02 -1.83268203e+02 
 1.61406415e+08 -1.13210532e+02 -1.83356389e+02 
 1.65128404e+08 -1.13606016e+02 -1.83446297e+02 
 1.68936220e+08 -1.14001474e+02 -1.83537974e+02 
 1.72831844e+08 -1.14396906e+02 -1.83631464e+02 
 1.76817299e+08 -1.14792310e+02 -1.83726815e+02 
 1.80894658e+08 -1.15187684e+02 -1.83824075e+02 
 1.85066040e+08 -1.15583028e+02 -1.83923291e+02 
 1.89333613e+08 -1.15978340e+02 -1.84024514e+02 
 1.93699595e+08 -1.16373618e+02 -1.84127794e+02 
 1.98166255e+08 -1.16768861e+02 -1.84233182e+02 
 2.02735916e+08 -1.17164067e+02 -1.84340729e+02 
 2.07410951e+08 -1.17559235e+02 -1.84450490e+02 
 2.12193792e+08 -1.17954362e+02 -1.84562518e+02 
 2.17086923e+08 -1.18349447e+02 -1.84676868e+02 
 2.22092889e+08 -1.18744488e+02 -1.84793597e+02 
 2.27214291e+08 -1.19139483e+02 -1.84912760e+02 
 2.32453791e+08 -1.19534429e+02 -1.85034417e+02 
 2.37814113e+08 -1.19929325e+02 -1.85158626e+02 
 2.43298042e+08 -1.20324167e+02 -1.85285448e+02 
 2.48908429e+08 -1.20718954e+02 -1.85414942e+02 
 2.54648190e+08 -1.21113684e+02 -1.85547173e+02 
 2.60520309e+08 -1.21508352e+02 -1.85682202e+02 
 2.66527837e+08 -1.21902957e+02 -1.85820094e+02 
 2.72673897e+08 -1.22297495e+02 -1.85960914e+02 
 2.78961683e+08 -1.22691964e+02 -1.86104730e+02 
 2.85394464e+08 -1.23086359e+02 -1.86251608e+02 
 2.91975583e+08 -1.23480679e+02 -1.86401618e+02 
 2.98708461e+08 -1.23874919e+02 -1.86554828e+02 
 3.05596598e+08 -1.24269075e+02 -1.86711310e+02 
 3.12643573e+08 -1.24663144e+02 -1.86871137e+02 
 3.19853049e+08 -1.25057122e+02 -1.87034380e+02 
 3.27228774e+08 -1.25451004e+02 -1.87201115e+02 
 3.34774581e+08 -1.25844786e+02 -1.87371416e+02 
 3.42494392e+08 -1.26238464e+02 -1.87545360e+02 
 3.50392221e+08 -1.26632032e+02 -1.87723024e+02 
 3.58472171e+08 -1.27025486e+02 -1.87904488e+02 
 3.66738442e+08 -1.27418820e+02 -1.88089830e+02 
 3.75195331e+08 -1.27812029e+02 -1.88279131e+02 
 3.83847234e+08 -1.28205106e+02 -1.88472472e+02 
 3.92698648e+08 -1.28598047e+02 -1.88669937e+02 
 4.01754173e+08 -1.28990845e+02 -1.88871609e+02 
 4.11018515e+08 -1.29383493e+02 -1.89077572e+02 
 4.20496491e+08 -1.29775984e+02 -1.89287912e+02 
 4.30193027e+08 -1.30168311e+02 -1.89502715e+02 
 4.40113162e+08 -1.30560467e+02 -1.89722067e+02 
 4.50262052e+08 -1.30952444e+02 -1.89946057e+02 
 4.60644974e+08 -1.31344234e+02 -1.90174773e+02 
 4.71267322e+08 -1.31735828e+02 -1.90408305e+02 
 4.82134619e+08 -1.32127217e+02 -1.90646741e+02 
 4.93252513e+08 -1.32518393e+02 -1.90890172e+02 
 5.04626783e+08 -1.32909344e+02 -1.91138690e+02 
 5.16263340e+08 -1.33300062e+02 -1.91392383e+02 
 5.28168234e+08 -1.33690536e+02 -1.91651345e+02 
 5.40347650e+08 -1.34080755e+02 -1.91915666e+02 
 5.52807921e+08 -1.34470706e+02 -1.92185437e+02 
 5.65555523e+08 -1.34860380e+02 -1.92460751e+02 
 5.78597080e+08 -1.35249762e+02 -1.92741698e+02 
 5.91939372e+08 -1.35638840e+02 -1.93028370e+02 
 6.05589334e+08 -1.36027601e+02 -1.93320857e+02 
 6.19554061e+08 -1.36416030e+02 -1.93619249e+02 
 6.33840810e+08 -1.36804113e+02 -1.93923635e+02 
 6.48457008e+08 -1.37191834e+02 -1.94234103e+02 
 6.63410251e+08 -1.37579178e+02 -1.94550743e+02 
 6.78708313e+08 -1.37966128e+02 -1.94873638e+02 
 6.94359143e+08 -1.38352667e+02 -1.95202875e+02 
 7.10370877e+08 -1.38738778e+02 -1.95538536e+02 
 7.26751838e+08 -1.39124441e+02 -1.95880703e+02 
 7.43510539e+08 -1.39509637e+02 -1.96229456e+02 
 7.60655691e+08 -1.39894348e+02 -1.96584872e+02 
 7.78196206e+08 -1.40278551e+02 -1.96947025e+02 
 7.96141200e+08 -1.40662225e+02 -1.97315987e+02 
 8.14500001e+08 -1.41045349e+02 -1.97691829e+02 
 8.33282151e+08 -1.41427899e+02 -1.98074615e+02 
 8.52497412e+08 -1.41809851e+02 -1.98464409e+02 
 8.72155772e+08 -1.42191181e+02 -1.98861269e+02 
 8.92267449e+08 -1.42571864e+02 -1.99265249e+02 
 9.12842895e+08 -1.42951873e+02 -1.99676401e+02 
 9.33892805e+08 -1.43331180e+02 -2.00094770e+02 
 9.55428121e+08 -1.43709759e+02 -2.00520397e+02 
 9.77460036e+08 -1.44087580e+02 -2.00953318e+02 
 1.00000000e+09 -1.44464614e+02 -2.01393562e+02 
