 frequency       v(Zin_dm)       v(Zin_dm)      
 1.00000000e-02  1.12231085e+06 -2.25026105e-02 
 1.02305973e-02  1.12231085e+06 -2.30215147e-02 
 1.04665121e-02  1.12231085e+06 -2.35523846e-02 
 1.07078670e-02  1.12231085e+06 -2.40954962e-02 
 1.09547876e-02  1.12231085e+06 -2.46511318e-02 
 1.12074020e-02  1.12231085e+06 -2.52195803e-02 
 1.14658417e-02  1.12231085e+06 -2.58011370e-02 
 1.17302409e-02  1.12231085e+06 -2.63961042e-02 
 1.20007371e-02  1.12231085e+06 -2.70047913e-02 
 1.22774708e-02  1.12231085e+06 -2.76275145e-02 
 1.25605860e-02  1.12231085e+06 -2.82645975e-02 
 1.28502297e-02  1.12231085e+06 -2.89163715e-02 
 1.31465525e-02  1.12231085e+06 -2.95831752e-02 
 1.34497085e-02  1.12231085e+06 -3.02653552e-02 
 1.37598551e-02  1.12231085e+06 -3.09632661e-02 
 1.40771537e-02  1.12231085e+06 -3.16772707e-02 
 1.44017690e-02  1.12231085e+06 -3.24077400e-02 
 1.47338699e-02  1.12231085e+06 -3.31550537e-02 
 1.50736290e-02  1.12231085e+06 -3.39196003e-02 
 1.54212228e-02  1.12231085e+06 -3.47017771e-02 
 1.57768320e-02  1.12231085e+06 -3.55019907e-02 
 1.61406415e-02  1.12231085e+06 -3.63206570e-02 
 1.65128404e-02  1.12231085e+06 -3.71582016e-02 
 1.68936220e-02  1.12231085e+06 -3.80150596e-02 
 1.72831844e-02  1.12231085e+06 -3.88916766e-02 
 1.76817299e-02  1.12231085e+06 -3.97885082e-02 
 1.80894658e-02  1.12231085e+06 -4.07060205e-02 
 1.85066040e-02  1.12231085e+06 -4.16446903e-02 
 1.89333613e-02  1.12231085e+06 -4.26050056e-02 
 1.93699595e-02  1.12231085e+06 -4.35874655e-02 
 1.98166255e-02  1.12231085e+06 -4.45925807e-02 
 2.02735916e-02  1.12231085e+06 -4.56208736e-02 
 2.07410951e-02  1.12231085e+06 -4.66728786e-02 
 2.12193792e-02  1.12231085e+06 -4.77491426e-02 
 2.17086923e-02  1.12231085e+06 -4.88502249e-02 
 2.22092889e-02  1.12231085e+06 -4.99766979e-02 
 2.27214291e-02  1.12231085e+06 -5.11291470e-02 
 2.32453791e-02  1.12231085e+06 -5.23081713e-02 
 2.37814113e-02  1.12231085e+06 -5.35143836e-02 
 2.43298042e-02  1.12231085e+06 -5.47484109e-02 
 2.48908429e-02  1.12231085e+06 -5.60108944e-02 
 2.54648190e-02  1.12231085e+06 -5.73024905e-02 
 2.60520309e-02  1.12231085e+06 -5.86238705e-02 
 2.66527837e-02  1.12231085e+06 -5.99757211e-02 
 2.72673897e-02  1.12231085e+06 -6.13587450e-02 
 2.78961683e-02  1.12231085e+06 -6.27736611e-02 
 2.85394464e-02  1.12231085e+06 -6.42212048e-02 
 2.91975583e-02  1.12231085e+06 -6.57021284e-02 
 2.98708461e-02  1.12231085e+06 -6.72172017e-02 
 3.05596598e-02  1.12231085e+06 -6.87672122e-02 
 3.12643573e-02  1.12231085e+06 -7.03529656e-02 
 3.19853049e-02  1.12231085e+06 -7.19752860e-02 
 3.27228774e-02  1.12231085e+06 -7.36350166e-02 
 3.34774581e-02  1.12231085e+06 -7.53330202e-02 
 3.42494392e-02  1.12231085e+06 -7.70701793e-02 
 3.50392221e-02  1.12231085e+06 -7.88473968e-02 
 3.58472171e-02  1.12231085e+06 -8.06655965e-02 
 3.66738442e-02  1.12231085e+06 -8.25257233e-02 
 3.75195331e-02  1.12231085e+06 -8.44287442e-02 
 3.83847234e-02  1.12231085e+06 -8.63756482e-02 
 3.92698648e-02  1.12231085e+06 -8.83674474e-02 
 4.01754173e-02  1.12231085e+06 -9.04051768e-02 
 4.11018515e-02  1.12231085e+06 -9.24898958e-02 
 4.20496491e-02  1.12231085e+06 -9.46226878e-02 
 4.30193027e-02  1.12231085e+06 -9.68046614e-02 
 4.40113162e-02  1.12231085e+06 -9.90369507e-02 
 4.50262052e-02  1.12231085e+06 -1.01320716e-01 
 4.60644974e-02  1.12231085e+06 -1.03657144e-01 
 4.71267322e-02  1.12231085e+06 -1.06047450e-01 
 4.82134619e-02  1.12231085e+06 -1.08492876e-01 
 4.93252513e-02  1.12231085e+06 -1.10994692e-01 
 5.04626783e-02  1.12231085e+06 -1.13554200e-01 
 5.16263340e-02  1.12231085e+06 -1.16172729e-01 
 5.28168234e-02  1.12231085e+06 -1.18851641e-01 
 5.40347650e-02  1.12231085e+06 -1.21592327e-01 
 5.52807921e-02  1.12231085e+06 -1.24396214e-01 
 5.65555523e-02  1.12231085e+06 -1.27264757e-01 
 5.78597080e-02  1.12231085e+06 -1.30199448e-01 
 5.91939372e-02  1.12231085e+06 -1.33201812e-01 
 6.05589334e-02  1.12231085e+06 -1.36273409e-01 
 6.19554061e-02  1.12231085e+06 -1.39415837e-01 
 6.33840810e-02  1.12231085e+06 -1.42630729e-01 
 6.48457008e-02  1.12231085e+06 -1.45919755e-01 
 6.63410251e-02  1.12231085e+06 -1.49284625e-01 
 6.78708313e-02  1.12231085e+06 -1.52727088e-01 
 6.94359143e-02  1.12231085e+06 -1.56248934e-01 
 7.10370877e-02  1.12231085e+06 -1.59851992e-01 
 7.26751838e-02  1.12231085e+06 -1.63538136e-01 
 7.43510539e-02  1.12231085e+06 -1.67309281e-01 
 7.60655691e-02  1.12231085e+06 -1.71167388e-01 
 7.78196206e-02  1.12231085e+06 -1.75114461e-01 
 7.96141200e-02  1.12231085e+06 -1.79152554e-01 
 8.14500001e-02  1.12231085e+06 -1.83283763e-01 
 8.33282151e-02  1.12231085e+06 -1.87510237e-01 
 8.52497412e-02  1.12231085e+06 -1.91834173e-01 
 8.72155772e-02  1.12231085e+06 -1.96257817e-01 
 8.92267449e-02  1.12231085e+06 -2.00783469e-01 
 9.12842895e-02  1.12231085e+06 -2.05413482e-01 
 9.33892805e-02  1.12231085e+06 -2.10150261e-01 
 9.55428121e-02  1.12231085e+06 -2.14996269e-01 
 9.77460036e-02  1.12231085e+06 -2.19954025e-01 
 1.00000000e-01  1.12231085e+06 -2.25026105e-01 
 1.02305973e-01  1.12231085e+06 -2.30215147e-01 
 1.04665121e-01  1.12231085e+06 -2.35523846e-01 
 1.07078670e-01  1.12231085e+06 -2.40954962e-01 
 1.09547876e-01  1.12231085e+06 -2.46511318e-01 
 1.12074020e-01  1.12231085e+06 -2.52195803e-01 
 1.14658417e-01  1.12231085e+06 -2.58011370e-01 
 1.17302409e-01  1.12231085e+06 -2.63961042e-01 
 1.20007371e-01  1.12231085e+06 -2.70047913e-01 
 1.22774708e-01  1.12231085e+06 -2.76275145e-01 
 1.25605860e-01  1.12231085e+06 -2.82645975e-01 
 1.28502297e-01  1.12231085e+06 -2.89163715e-01 
 1.31465525e-01  1.12231085e+06 -2.95831752e-01 
 1.34497085e-01  1.12231085e+06 -3.02653552e-01 
 1.37598551e-01  1.12231085e+06 -3.09632661e-01 
 1.40771537e-01  1.12231085e+06 -3.16772707e-01 
 1.44017690e-01  1.12231085e+06 -3.24077400e-01 
 1.47338699e-01  1.12231085e+06 -3.31550537e-01 
 1.50736290e-01  1.12231085e+06 -3.39196003e-01 
 1.54212228e-01  1.12231085e+06 -3.47017771e-01 
 1.57768320e-01  1.12231085e+06 -3.55019907e-01 
 1.61406415e-01  1.12231085e+06 -3.63206570e-01 
 1.65128404e-01  1.12231085e+06 -3.71582016e-01 
 1.68936220e-01  1.12231085e+06 -3.80150596e-01 
 1.72831844e-01  1.12231085e+06 -3.88916766e-01 
 1.76817299e-01  1.12231085e+06 -3.97885082e-01 
 1.80894658e-01  1.12231085e+06 -4.07060205e-01 
 1.85066040e-01  1.12231085e+06 -4.16446903e-01 
 1.89333613e-01  1.12231085e+06 -4.26050056e-01 
 1.93699595e-01  1.12231085e+06 -4.35874655e-01 
 1.98166255e-01  1.12231085e+06 -4.45925807e-01 
 2.02735916e-01  1.12231085e+06 -4.56208736e-01 
 2.07410951e-01  1.12231085e+06 -4.66728786e-01 
 2.12193792e-01  1.12231085e+06 -4.77491426e-01 
 2.17086923e-01  1.12231085e+06 -4.88502249e-01 
 2.22092889e-01  1.12231085e+06 -4.99766979e-01 
 2.27214291e-01  1.12231085e+06 -5.11291470e-01 
 2.32453791e-01  1.12231085e+06 -5.23081713e-01 
 2.37814113e-01  1.12231085e+06 -5.35143836e-01 
 2.43298042e-01  1.12231085e+06 -5.47484109e-01 
 2.48908429e-01  1.12231085e+06 -5.60108944e-01 
 2.54648190e-01  1.12231085e+06 -5.73024905e-01 
 2.60520309e-01  1.12231085e+06 -5.86238705e-01 
 2.66527837e-01  1.12231085e+06 -5.99757211e-01 
 2.72673897e-01  1.12231085e+06 -6.13587450e-01 
 2.78961683e-01  1.12231085e+06 -6.27736611e-01 
 2.85394464e-01  1.12231085e+06 -6.42212048e-01 
 2.91975583e-01  1.12231085e+06 -6.57021284e-01 
 2.98708461e-01  1.12231085e+06 -6.72172017e-01 
 3.05596598e-01  1.12231085e+06 -6.87672122e-01 
 3.12643573e-01  1.12231085e+06 -7.03529656e-01 
 3.19853049e-01  1.12231085e+06 -7.19752860e-01 
 3.27228774e-01  1.12231085e+06 -7.36350166e-01 
 3.34774581e-01  1.12231085e+06 -7.53330202e-01 
 3.42494392e-01  1.12231085e+06 -7.70701793e-01 
 3.50392221e-01  1.12231085e+06 -7.88473968e-01 
 3.58472171e-01  1.12231085e+06 -8.06655965e-01 
 3.66738442e-01  1.12231085e+06 -8.25257233e-01 
 3.75195331e-01  1.12231085e+06 -8.44287442e-01 
 3.83847234e-01  1.12231085e+06 -8.63756482e-01 
 3.92698648e-01  1.12231085e+06 -8.83674474e-01 
 4.01754173e-01  1.12231085e+06 -9.04051768e-01 
 4.11018515e-01  1.12231085e+06 -9.24898958e-01 
 4.20496491e-01  1.12231085e+06 -9.46226878e-01 
 4.30193027e-01  1.12231085e+06 -9.68046614e-01 
 4.40113162e-01  1.12231085e+06 -9.90369507e-01 
 4.50262052e-01  1.12231085e+06 -1.01320716e+00 
 4.60644974e-01  1.12231085e+06 -1.03657144e+00 
 4.71267322e-01  1.12231085e+06 -1.06047450e+00 
 4.82134619e-01  1.12231085e+06 -1.08492876e+00 
 4.93252513e-01  1.12231085e+06 -1.10994692e+00 
 5.04626783e-01  1.12231085e+06 -1.13554200e+00 
 5.16263340e-01  1.12231085e+06 -1.16172729e+00 
 5.28168234e-01  1.12231085e+06 -1.18851641e+00 
 5.40347650e-01  1.12231085e+06 -1.21592327e+00 
 5.52807921e-01  1.12231085e+06 -1.24396214e+00 
 5.65555523e-01  1.12231085e+06 -1.27264757e+00 
 5.78597080e-01  1.12231085e+06 -1.30199448e+00 
 5.91939372e-01  1.12231085e+06 -1.33201812e+00 
 6.05589334e-01  1.12231085e+06 -1.36273409e+00 
 6.19554061e-01  1.12231085e+06 -1.39415837e+00 
 6.33840810e-01  1.12231085e+06 -1.42630729e+00 
 6.48457008e-01  1.12231085e+06 -1.45919755e+00 
 6.63410251e-01  1.12231085e+06 -1.49284625e+00 
 6.78708313e-01  1.12231085e+06 -1.52727088e+00 
 6.94359143e-01  1.12231085e+06 -1.56248934e+00 
 7.10370877e-01  1.12231085e+06 -1.59851992e+00 
 7.26751838e-01  1.12231085e+06 -1.63538136e+00 
 7.43510539e-01  1.12231085e+06 -1.67309281e+00 
 7.60655691e-01  1.12231085e+06 -1.71167388e+00 
 7.78196206e-01  1.12231085e+06 -1.75114461e+00 
 7.96141200e-01  1.12231085e+06 -1.79152554e+00 
 8.14500001e-01  1.12231085e+06 -1.83283763e+00 
 8.33282151e-01  1.12231085e+06 -1.87510237e+00 
 8.52497412e-01  1.12231085e+06 -1.91834173e+00 
 8.72155772e-01  1.12231085e+06 -1.96257817e+00 
 8.92267449e-01  1.12231085e+06 -2.00783469e+00 
 9.12842895e-01  1.12231085e+06 -2.05413482e+00 
 9.33892805e-01  1.12231085e+06 -2.10150261e+00 
 9.55428121e-01  1.12231085e+06 -2.14996269e+00 
 9.77460036e-01  1.12231085e+06 -2.19954025e+00 
 1.00000000e+00  1.12231085e+06 -2.25026105e+00 
 1.02305973e+00  1.12231085e+06 -2.30215147e+00 
 1.04665121e+00  1.12231085e+06 -2.35523846e+00 
 1.07078670e+00  1.12231085e+06 -2.40954962e+00 
 1.09547876e+00  1.12231085e+06 -2.46511318e+00 
 1.12074020e+00  1.12231085e+06 -2.52195803e+00 
 1.14658417e+00  1.12231085e+06 -2.58011370e+00 
 1.17302409e+00  1.12231085e+06 -2.63961042e+00 
 1.20007371e+00  1.12231085e+06 -2.70047913e+00 
 1.22774708e+00  1.12231085e+06 -2.76275145e+00 
 1.25605860e+00  1.12231085e+06 -2.82645975e+00 
 1.28502297e+00  1.12231085e+06 -2.89163715e+00 
 1.31465525e+00  1.12231085e+06 -2.95831752e+00 
 1.34497085e+00  1.12231085e+06 -3.02653552e+00 
 1.37598551e+00  1.12231085e+06 -3.09632661e+00 
 1.40771537e+00  1.12231085e+06 -3.16772707e+00 
 1.44017690e+00  1.12231085e+06 -3.24077400e+00 
 1.47338699e+00  1.12231085e+06 -3.31550537e+00 
 1.50736290e+00  1.12231085e+06 -3.39196003e+00 
 1.54212228e+00  1.12231085e+06 -3.47017771e+00 
 1.57768320e+00  1.12231085e+06 -3.55019907e+00 
 1.61406415e+00  1.12231085e+06 -3.63206570e+00 
 1.65128404e+00  1.12231085e+06 -3.71582016e+00 
 1.68936220e+00  1.12231085e+06 -3.80150596e+00 
 1.72831844e+00  1.12231085e+06 -3.88916766e+00 
 1.76817299e+00  1.12231085e+06 -3.97885082e+00 
 1.80894658e+00  1.12231085e+06 -4.07060205e+00 
 1.85066040e+00  1.12231085e+06 -4.16446903e+00 
 1.89333613e+00  1.12231085e+06 -4.26050056e+00 
 1.93699595e+00  1.12231085e+06 -4.35874655e+00 
 1.98166255e+00  1.12231085e+06 -4.45925807e+00 
 2.02735916e+00  1.12231085e+06 -4.56208736e+00 
 2.07410951e+00  1.12231085e+06 -4.66728786e+00 
 2.12193792e+00  1.12231085e+06 -4.77491425e+00 
 2.17086923e+00  1.12231085e+06 -4.88502249e+00 
 2.22092889e+00  1.12231085e+06 -4.99766979e+00 
 2.27214291e+00  1.12231085e+06 -5.11291470e+00 
 2.32453791e+00  1.12231085e+06 -5.23081713e+00 
 2.37814113e+00  1.12231085e+06 -5.35143836e+00 
 2.43298042e+00  1.12231085e+06 -5.47484109e+00 
 2.48908429e+00  1.12231085e+06 -5.60108944e+00 
 2.54648190e+00  1.12231085e+06 -5.73024905e+00 
 2.60520309e+00  1.12231085e+06 -5.86238705e+00 
 2.66527837e+00  1.12231085e+06 -5.99757211e+00 
 2.72673897e+00  1.12231085e+06 -6.13587450e+00 
 2.78961683e+00  1.12231085e+06 -6.27736611e+00 
 2.85394464e+00  1.12231085e+06 -6.42212048e+00 
 2.91975583e+00  1.12231085e+06 -6.57021284e+00 
 2.98708461e+00  1.12231085e+06 -6.72172017e+00 
 3.05596598e+00  1.12231085e+06 -6.87672122e+00 
 3.12643573e+00  1.12231085e+06 -7.03529656e+00 
 3.19853049e+00  1.12231085e+06 -7.19752859e+00 
 3.27228774e+00  1.12231085e+06 -7.36350166e+00 
 3.34774581e+00  1.12231085e+06 -7.53330202e+00 
 3.42494392e+00  1.12231085e+06 -7.70701793e+00 
 3.50392221e+00  1.12231085e+06 -7.88473968e+00 
 3.58472171e+00  1.12231085e+06 -8.06655965e+00 
 3.66738442e+00  1.12231085e+06 -8.25257233e+00 
 3.75195331e+00  1.12231085e+06 -8.44287442e+00 
 3.83847234e+00  1.12231085e+06 -8.63756482e+00 
 3.92698648e+00  1.12231085e+06 -8.83674474e+00 
 4.01754173e+00  1.12231085e+06 -9.04051768e+00 
 4.11018515e+00  1.12231085e+06 -9.24898958e+00 
 4.20496491e+00  1.12231085e+06 -9.46226878e+00 
 4.30193027e+00  1.12231085e+06 -9.68046614e+00 
 4.40113162e+00  1.12231085e+06 -9.90369507e+00 
 4.50262052e+00  1.12231085e+06 -1.01320716e+01 
 4.60644974e+00  1.12231085e+06 -1.03657144e+01 
 4.71267322e+00  1.12231085e+06 -1.06047450e+01 
 4.82134619e+00  1.12231085e+06 -1.08492876e+01 
 4.93252513e+00  1.12231085e+06 -1.10994692e+01 
 5.04626783e+00  1.12231085e+06 -1.13554200e+01 
 5.16263340e+00  1.12231085e+06 -1.16172729e+01 
 5.28168234e+00  1.12231085e+06 -1.18851641e+01 
 5.40347650e+00  1.12231085e+06 -1.21592327e+01 
 5.52807921e+00  1.12231085e+06 -1.24396214e+01 
 5.65555523e+00  1.12231085e+06 -1.27264757e+01 
 5.78597080e+00  1.12231085e+06 -1.30199448e+01 
 5.91939372e+00  1.12231085e+06 -1.33201812e+01 
 6.05589334e+00  1.12231085e+06 -1.36273409e+01 
 6.19554061e+00  1.12231085e+06 -1.39415837e+01 
 6.33840810e+00  1.12231085e+06 -1.42630729e+01 
 6.48457008e+00  1.12231085e+06 -1.45919755e+01 
 6.63410251e+00  1.12231085e+06 -1.49284625e+01 
 6.78708313e+00  1.12231085e+06 -1.52727088e+01 
 6.94359143e+00  1.12231085e+06 -1.56248934e+01 
 7.10370877e+00  1.12231085e+06 -1.59851992e+01 
 7.26751838e+00  1.12231085e+06 -1.63538136e+01 
 7.43510539e+00  1.12231085e+06 -1.67309281e+01 
 7.60655691e+00  1.12231085e+06 -1.71167388e+01 
 7.78196206e+00  1.12231085e+06 -1.75114461e+01 
 7.96141200e+00  1.12231085e+06 -1.79152554e+01 
 8.14500001e+00  1.12231085e+06 -1.83283763e+01 
 8.33282151e+00  1.12231085e+06 -1.87510237e+01 
 8.52497412e+00  1.12231085e+06 -1.91834172e+01 
 8.72155772e+00  1.12231085e+06 -1.96257817e+01 
 8.92267449e+00  1.12231085e+06 -2.00783469e+01 
 9.12842895e+00  1.12231085e+06 -2.05413481e+01 
 9.33892805e+00  1.12231085e+06 -2.10150261e+01 
 9.55428121e+00  1.12231085e+06 -2.14996269e+01 
 9.77460036e+00  1.12231085e+06 -2.19954025e+01 
 1.00000000e+01  1.12231085e+06 -2.25026105e+01 
 1.02305973e+01  1.12231085e+06 -2.30215147e+01 
 1.04665121e+01  1.12231085e+06 -2.35523846e+01 
 1.07078670e+01  1.12231085e+06 -2.40954962e+01 
 1.09547876e+01  1.12231085e+06 -2.46511318e+01 
 1.12074020e+01  1.12231085e+06 -2.52195803e+01 
 1.14658417e+01  1.12231085e+06 -2.58011370e+01 
 1.17302409e+01  1.12231085e+06 -2.63961042e+01 
 1.20007371e+01  1.12231085e+06 -2.70047912e+01 
 1.22774708e+01  1.12231085e+06 -2.76275144e+01 
 1.25605860e+01  1.12231085e+06 -2.82645974e+01 
 1.28502297e+01  1.12231085e+06 -2.89163714e+01 
 1.31465525e+01  1.12231085e+06 -2.95831751e+01 
 1.34497085e+01  1.12231085e+06 -3.02653552e+01 
 1.37598551e+01  1.12231085e+06 -3.09632661e+01 
 1.40771537e+01  1.12231085e+06 -3.16772706e+01 
 1.44017690e+01  1.12231085e+06 -3.24077399e+01 
 1.47338699e+01  1.12231085e+06 -3.31550537e+01 
 1.50736290e+01  1.12231085e+06 -3.39196002e+01 
 1.54212228e+01  1.12231085e+06 -3.47017770e+01 
 1.57768320e+01  1.12231085e+06 -3.55019906e+01 
 1.61406415e+01  1.12231085e+06 -3.63206570e+01 
 1.65128404e+01  1.12231085e+06 -3.71582015e+01 
 1.68936220e+01  1.12231085e+06 -3.80150596e+01 
 1.72831844e+01  1.12231085e+06 -3.88916766e+01 
 1.76817299e+01  1.12231085e+06 -3.97885081e+01 
 1.80894658e+01  1.12231085e+06 -4.07060204e+01 
 1.85066040e+01  1.12231085e+06 -4.16446902e+01 
 1.89333613e+01  1.12231085e+06 -4.26050055e+01 
 1.93699595e+01  1.12231085e+06 -4.35874654e+01 
 1.98166255e+01  1.12231085e+06 -4.45925806e+01 
 2.02735916e+01  1.12231085e+06 -4.56208734e+01 
 2.07410951e+01  1.12231085e+06 -4.66728785e+01 
 2.12193792e+01  1.12231085e+06 -4.77491424e+01 
 2.17086923e+01  1.12231085e+06 -4.88502247e+01 
 2.22092889e+01  1.12231085e+06 -4.99766977e+01 
 2.27214291e+01  1.12231085e+06 -5.11291468e+01 
 2.32453791e+01  1.12231085e+06 -5.23081712e+01 
 2.37814113e+01  1.12231085e+06 -5.35143834e+01 
 2.43298042e+01  1.12231085e+06 -5.47484107e+01 
 2.48908429e+01  1.12231085e+06 -5.60108942e+01 
 2.54648190e+01  1.12231085e+06 -5.73024903e+01 
 2.60520309e+01  1.12231085e+06 -5.86238702e+01 
 2.66527837e+01  1.12231085e+06 -5.99757208e+01 
 2.72673897e+01  1.12231085e+06 -6.13587447e+01 
 2.78961683e+01  1.12231085e+06 -6.27736608e+01 
 2.85394464e+01  1.12231085e+06 -6.42212044e+01 
 2.91975583e+01  1.12231084e+06 -6.57021280e+01 
 2.98708461e+01  1.12231084e+06 -6.72172013e+01 
 3.05596598e+01  1.12231084e+06 -6.87672118e+01 
 3.12643573e+01  1.12231084e+06 -7.03529651e+01 
 3.19853049e+01  1.12231084e+06 -7.19752855e+01 
 3.27228774e+01  1.12231084e+06 -7.36350161e+01 
 3.34774581e+01  1.12231084e+06 -7.53330197e+01 
 3.42494392e+01  1.12231084e+06 -7.70701787e+01 
 3.50392221e+01  1.12231084e+06 -7.88473962e+01 
 3.58472171e+01  1.12231084e+06 -8.06655958e+01 
 3.66738442e+01  1.12231084e+06 -8.25257226e+01 
 3.75195331e+01  1.12231084e+06 -8.44287435e+01 
 3.83847234e+01  1.12231084e+06 -8.63756474e+01 
 3.92698648e+01  1.12231084e+06 -8.83674465e+01 
 4.01754173e+01  1.12231084e+06 -9.04051759e+01 
 4.11018515e+01  1.12231084e+06 -9.24898948e+01 
 4.20496491e+01  1.12231084e+06 -9.46226867e+01 
 4.30193027e+01  1.12231084e+06 -9.68046603e+01 
 4.40113162e+01  1.12231084e+06 -9.90369495e+01 
 4.50262052e+01  1.12231084e+06 -1.01320715e+02 
 4.60644974e+01  1.12231084e+06 -1.03657143e+02 
 4.71267322e+01  1.12231084e+06 -1.06047449e+02 
 4.82134619e+01  1.12231084e+06 -1.08492874e+02 
 4.93252513e+01  1.12231083e+06 -1.10994690e+02 
 5.04626783e+01  1.12231083e+06 -1.13554198e+02 
 5.16263340e+01  1.12231083e+06 -1.16172727e+02 
 5.28168234e+01  1.12231083e+06 -1.18851639e+02 
 5.40347650e+01  1.12231083e+06 -1.21592325e+02 
 5.52807921e+01  1.12231083e+06 -1.24396211e+02 
 5.65555523e+01  1.12231083e+06 -1.27264754e+02 
 5.78597080e+01  1.12231083e+06 -1.30199445e+02 
 5.91939372e+01  1.12231083e+06 -1.33201809e+02 
 6.05589334e+01  1.12231083e+06 -1.36273406e+02 
 6.19554061e+01  1.12231083e+06 -1.39415834e+02 
 6.33840810e+01  1.12231082e+06 -1.42630725e+02 
 6.48457008e+01  1.12231082e+06 -1.45919751e+02 
 6.63410251e+01  1.12231082e+06 -1.49284621e+02 
 6.78708313e+01  1.12231082e+06 -1.52727084e+02 
 6.94359143e+01  1.12231082e+06 -1.56248929e+02 
 7.10370877e+01  1.12231082e+06 -1.59851987e+02 
 7.26751838e+01  1.12231082e+06 -1.63538130e+02 
 7.43510539e+01  1.12231081e+06 -1.67309275e+02 
 7.60655691e+01  1.12231081e+06 -1.71167381e+02 
 7.78196206e+01  1.12231081e+06 -1.75114455e+02 
 7.96141200e+01  1.12231081e+06 -1.79152546e+02 
 8.14500001e+01  1.12231081e+06 -1.83283755e+02 
 8.33282151e+01  1.12231081e+06 -1.87510229e+02 
 8.52497412e+01  1.12231080e+06 -1.91834164e+02 
 8.72155772e+01  1.12231080e+06 -1.96257807e+02 
 8.92267449e+01  1.12231080e+06 -2.00783459e+02 
 9.12842895e+01  1.12231080e+06 -2.05413471e+02 
 9.33892805e+01  1.12231079e+06 -2.10150249e+02 
 9.55428121e+01  1.12231079e+06 -2.14996257e+02 
 9.77460036e+01  1.12231079e+06 -2.19954012e+02 
 1.00000000e+02  1.12231079e+06 -2.25026091e+02 
 1.02305973e+02  1.12231078e+06 -2.30215131e+02 
 1.04665121e+02  1.12231078e+06 -2.35523829e+02 
 1.07078670e+02  1.12231078e+06 -2.40954944e+02 
 1.09547876e+02  1.12231077e+06 -2.46511300e+02 
 1.12074020e+02  1.12231077e+06 -2.52195783e+02 
 1.14658417e+02  1.12231077e+06 -2.58011348e+02 
 1.17302409e+02  1.12231076e+06 -2.63961019e+02 
 1.20007371e+02  1.12231076e+06 -2.70047888e+02 
 1.22774708e+02  1.12231075e+06 -2.76275118e+02 
 1.25605860e+02  1.12231075e+06 -2.82645946e+02 
 1.28502297e+02  1.12231074e+06 -2.89163684e+02 
 1.31465525e+02  1.12231074e+06 -2.95831719e+02 
 1.34497085e+02  1.12231073e+06 -3.02653517e+02 
 1.37598551e+02  1.12231073e+06 -3.09632624e+02 
 1.40771537e+02  1.12231072e+06 -3.16772667e+02 
 1.44017690e+02  1.12231072e+06 -3.24077357e+02 
 1.47338699e+02  1.12231071e+06 -3.31550491e+02 
 1.50736290e+02  1.12231070e+06 -3.39195954e+02 
 1.54212228e+02  1.12231070e+06 -3.47017719e+02 
 1.57768320e+02  1.12231069e+06 -3.55019851e+02 
 1.61406415e+02  1.12231068e+06 -3.63206510e+02 
 1.65128404e+02  1.12231068e+06 -3.71581951e+02 
 1.68936220e+02  1.12231067e+06 -3.80150528e+02 
 1.72831844e+02  1.12231066e+06 -3.88916693e+02 
 1.76817299e+02  1.12231065e+06 -3.97885003e+02 
 1.80894658e+02  1.12231064e+06 -4.07060120e+02 
 1.85066040e+02  1.12231063e+06 -4.16446812e+02 
 1.89333613e+02  1.12231062e+06 -4.26049959e+02 
 1.93699595e+02  1.12231061e+06 -4.35874551e+02 
 1.98166255e+02  1.12231060e+06 -4.45925696e+02 
 2.02735916e+02  1.12231059e+06 -4.56208617e+02 
 2.07410951e+02  1.12231058e+06 -4.66728658e+02 
 2.12193792e+02  1.12231056e+06 -4.77491289e+02 
 2.17086923e+02  1.12231055e+06 -4.88502103e+02 
 2.22092889e+02  1.12231053e+06 -4.99766822e+02 
 2.27214291e+02  1.12231052e+06 -5.11291303e+02 
 2.32453791e+02  1.12231050e+06 -5.23081534e+02 
 2.37814113e+02  1.12231049e+06 -5.35143644e+02 
 2.43298042e+02  1.12231047e+06 -5.47483903e+02 
 2.48908429e+02  1.12231045e+06 -5.60108724e+02 
 2.54648190e+02  1.12231044e+06 -5.73024669e+02 
 2.60520309e+02  1.12231042e+06 -5.86238452e+02 
 2.66527837e+02  1.12231040e+06 -5.99756940e+02 
 2.72673897e+02  1.12231037e+06 -6.13587160e+02 
 2.78961683e+02  1.12231035e+06 -6.27736301e+02 
 2.85394464e+02  1.12231033e+06 -6.42211716e+02 
 2.91975583e+02  1.12231030e+06 -6.57020928e+02 
 2.98708461e+02  1.12231028e+06 -6.72171636e+02 
 3.05596598e+02  1.12231025e+06 -6.87671715e+02 
 3.12643573e+02  1.12231023e+06 -7.03529219e+02 
 3.19853049e+02  1.12231020e+06 -7.19752392e+02 
 3.27228774e+02  1.12231017e+06 -7.36349665e+02 
 3.34774581e+02  1.12231013e+06 -7.53329666e+02 
 3.42494392e+02  1.12231010e+06 -7.70701219e+02 
 3.50392221e+02  1.12231006e+06 -7.88473353e+02 
 3.58472171e+02  1.12231003e+06 -8.06655307e+02 
 3.66738442e+02  1.12230999e+06 -8.25256529e+02 
 3.75195331e+02  1.12230995e+06 -8.44286688e+02 
 3.83847234e+02  1.12230991e+06 -8.63755675e+02 
 3.92698648e+02  1.12230986e+06 -8.83673608e+02 
 4.01754173e+02  1.12230982e+06 -9.04050842e+02 
 4.11018515e+02  1.12230977e+06 -9.24897966e+02 
 4.20496491e+02  1.12230972e+06 -9.46225816e+02 
 4.30193027e+02  1.12230967e+06 -9.68045477e+02 
 4.40113162e+02  1.12230961e+06 -9.90368290e+02 
 4.50262052e+02  1.12230955e+06 -1.01320586e+03 
 4.60644974e+02  1.12230949e+06 -1.03657005e+03 
 4.71267322e+02  1.12230943e+06 -1.06047301e+03 
 4.82134619e+02  1.12230936e+06 -1.08492716e+03 
 4.93252513e+02  1.12230929e+06 -1.10994521e+03 
 5.04626783e+02  1.12230922e+06 -1.13554016e+03 
 5.16263340e+02  1.12230915e+06 -1.16172532e+03 
 5.28168234e+02  1.12230907e+06 -1.18851430e+03 
 5.40347650e+02  1.12230898e+06 -1.21592102e+03 
 5.52807921e+02  1.12230890e+06 -1.24395972e+03 
 5.65555523e+02  1.12230880e+06 -1.27264498e+03 
 5.78597080e+02  1.12230871e+06 -1.30199171e+03 
 5.91939372e+02  1.12230861e+06 -1.33201515e+03 
 6.05589334e+02  1.12230850e+06 -1.36273092e+03 
 6.19554061e+02  1.12230839e+06 -1.39415498e+03 
 6.33840810e+02  1.12230828e+06 -1.42630365e+03 
 6.48457008e+02  1.12230816e+06 -1.45919366e+03 
 6.63410251e+02  1.12230804e+06 -1.49284208e+03 
 6.78708313e+02  1.12230790e+06 -1.52726642e+03 
 6.94359143e+02  1.12230777e+06 -1.56248455e+03 
 7.10370877e+02  1.12230762e+06 -1.59851480e+03 
 7.26751838e+02  1.12230747e+06 -1.63537587e+03 
 7.43510539e+02  1.12230731e+06 -1.67308694e+03 
 7.60655691e+02  1.12230715e+06 -1.71166759e+03 
 7.78196206e+02  1.12230698e+06 -1.75113788e+03 
 7.96141200e+02  1.12230680e+06 -1.79151833e+03 
 8.14500001e+02  1.12230661e+06 -1.83282991e+03 
 8.33282151e+02  1.12230641e+06 -1.87509411e+03 
 8.52497412e+02  1.12230620e+06 -1.91833287e+03 
 8.72155772e+02  1.12230598e+06 -1.96256869e+03 
 8.92267449e+02  1.12230576e+06 -2.00782454e+03 
 9.12842895e+02  1.12230552e+06 -2.05412395e+03 
 9.33892805e+02  1.12230527e+06 -2.10149097e+03 
 9.55428121e+02  1.12230501e+06 -2.14995023e+03 
 9.77460036e+02  1.12230474e+06 -2.19952691e+03 
 1.00000000e+03  1.12230445e+06 -2.25024677e+03 
 1.02305973e+03  1.12230416e+06 -2.30213617e+03 
 1.04665121e+03  1.12230384e+06 -2.35522208e+03 
 1.07078670e+03  1.12230352e+06 -2.40953208e+03 
 1.09547876e+03  1.12230317e+06 -2.46509440e+03 
 1.12074020e+03  1.12230282e+06 -2.52193792e+03 
 1.14658417e+03  1.12230244e+06 -2.58009216e+03 
 1.17302409e+03  1.12230205e+06 -2.63958736e+03 
 1.20007371e+03  1.12230164e+06 -2.70045444e+03 
 1.22774708e+03  1.12230121e+06 -2.76272501e+03 
 1.25605860e+03  1.12230076e+06 -2.82643144e+03 
 1.28502297e+03  1.12230029e+06 -2.89160683e+03 
 1.31465525e+03  1.12229979e+06 -2.95828506e+03 
 1.34497085e+03  1.12229928e+06 -3.02650076e+03 
 1.37598551e+03  1.12229874e+06 -3.09628939e+03 
 1.40771537e+03  1.12229817e+06 -3.16768721e+03 
 1.44017690e+03  1.12229758e+06 -3.24073132e+03 
 1.47338699e+03  1.12229696e+06 -3.31545968e+03 
 1.50736290e+03  1.12229632e+06 -3.39191110e+03 
 1.54212228e+03  1.12229564e+06 -3.47012532e+03 
 1.57768320e+03  1.12229493e+06 -3.55014297e+03 
 1.61406415e+03  1.12229419e+06 -3.63200563e+03 
 1.65128404e+03  1.12229341e+06 -3.71575583e+03 
 1.68936220e+03  1.12229259e+06 -3.80143709e+03 
 1.72831844e+03  1.12229174e+06 -3.88909391e+03 
 1.76817299e+03  1.12229085e+06 -3.97877185e+03 
 1.80894658e+03  1.12228992e+06 -4.07051748e+03 
 1.85066040e+03  1.12228894e+06 -4.16437848e+03 
 1.89333613e+03  1.12228792e+06 -4.26040360e+03 
 1.93699595e+03  1.12228685e+06 -4.35864273e+03 
 1.98166255e+03  1.12228573e+06 -4.45914690e+03 
 2.02735916e+03  1.12228456e+06 -4.56196832e+03 
 2.07410951e+03  1.12228333e+06 -4.66716039e+03 
 2.12193792e+03  1.12228205e+06 -4.77477776e+03 
 2.17086923e+03  1.12228071e+06 -4.88487634e+03 
 2.22092889e+03  1.12227930e+06 -4.99751329e+03 
 2.27214291e+03  1.12227783e+06 -5.11274713e+03 
 2.32453791e+03  1.12227629e+06 -5.23063770e+03 
 2.37814113e+03  1.12227467e+06 -5.35124623e+03 
 2.43298042e+03  1.12227299e+06 -5.47463535e+03 
 2.48908429e+03  1.12227122e+06 -5.60086914e+03 
 2.54648190e+03  1.12226937e+06 -5.73001316e+03 
 2.60520309e+03  1.12226744e+06 -5.86213445e+03 
 2.66527837e+03  1.12226541e+06 -5.99730164e+03 
 2.72673897e+03  1.12226329e+06 -6.13558488e+03 
 2.78961683e+03  1.12226107e+06 -6.27705599e+03 
 2.85394464e+03  1.12225875e+06 -6.42178840e+03 
 2.91975583e+03  1.12225632e+06 -6.56985726e+03 
 2.98708461e+03  1.12225378e+06 -6.72133943e+03 
 3.05596598e+03  1.12225111e+06 -6.87631353e+03 
 3.12643573e+03  1.12224833e+06 -7.03486000e+03 
 3.19853049e+03  1.12224541e+06 -7.19706114e+03 
 3.27228774e+03  1.12224236e+06 -7.36300111e+03 
 3.34774581e+03  1.12223916e+06 -7.53276604e+03 
 3.42494392e+03  1.12223582e+06 -7.70644401e+03 
 3.50392221e+03  1.12223232e+06 -7.88412514e+03 
 3.58472171e+03  1.12222866e+06 -8.06590161e+03 
 3.66738442e+03  1.12222482e+06 -8.25186772e+03 
 3.75195331e+03  1.12222081e+06 -8.44211993e+03 
 3.83847234e+03  1.12221661e+06 -8.63675693e+03 
 3.92698648e+03  1.12221221e+06 -8.83587966e+03 
 4.01754173e+03  1.12220761e+06 -9.03959137e+03 
 4.11018515e+03  1.12220280e+06 -9.24799770e+03 
 4.20496491e+03  1.12219775e+06 -9.46120669e+03 
 4.30193027e+03  1.12219248e+06 -9.67932888e+03 
 4.40113162e+03  1.12218696e+06 -9.90247731e+03 
 4.50262052e+03  1.12218118e+06 -1.01307676e+04 
 4.60644974e+03  1.12217513e+06 -1.03643182e+04 
 4.71267322e+03  1.12216880e+06 -1.06032499e+04 
 4.82134619e+03  1.12216217e+06 -1.08476867e+04 
 4.93252513e+03  1.12215524e+06 -1.10977550e+04 
 5.04626783e+03  1.12214798e+06 -1.13535844e+04 
 5.16263340e+03  1.12214038e+06 -1.16153074e+04 
 5.28168234e+03  1.12213243e+06 -1.18830595e+04 
 5.40347650e+03  1.12212411e+06 -1.21569792e+04 
 5.52807921e+03  1.12211540e+06 -1.24372083e+04 
 5.65555523e+03  1.12210628e+06 -1.27238918e+04 
 5.78597080e+03  1.12209674e+06 -1.30171780e+04 
 5.91939372e+03  1.12208675e+06 -1.33172186e+04 
 6.05589334e+03  1.12207630e+06 -1.36241687e+04 
 6.19554061e+03  1.12206536e+06 -1.39381870e+04 
 6.33840810e+03  1.12205391e+06 -1.42594357e+04 
 6.48457008e+03  1.12204192e+06 -1.45880809e+04 
 6.63410251e+03  1.12202938e+06 -1.49242923e+04 
 6.78708313e+03  1.12201625e+06 -1.52682434e+04 
 6.94359143e+03  1.12200251e+06 -1.56201120e+04 
 7.10370877e+03  1.12198813e+06 -1.59800794e+04 
 7.26751838e+03  1.12197308e+06 -1.63483314e+04 
 7.43510539e+03  1.12195732e+06 -1.67250579e+04 
 7.60655691e+03  1.12194084e+06 -1.71104532e+04 
 7.78196206e+03  1.12192358e+06 -1.75047157e+04 
 7.96141200e+03  1.12190552e+06 -1.79080486e+04 
 8.14500001e+03  1.12188661e+06 -1.83206595e+04 
 8.33282151e+03  1.12186683e+06 -1.87427608e+04 
 8.52497412e+03  1.12184612e+06 -1.91745696e+04 
 8.72155772e+03  1.12182445e+06 -1.96163079e+04 
 8.92267449e+03  1.12180177e+06 -2.00682027e+04 
 9.12842895e+03  1.12177803e+06 -2.05304861e+04 
 9.33892805e+03  1.12175318e+06 -2.10033953e+04 
 9.55428121e+03  1.12172717e+06 -2.14871731e+04 
 9.77460036e+03  1.12169996e+06 -2.19820674e+04 
 1.00000000e+04  1.12167147e+06 -2.24883319e+04 
 1.02305973e+04  1.12164165e+06 -2.30062256e+04 
 1.04665121e+04  1.12161045e+06 -2.35360137e+04 
 1.07078670e+04  1.12157779e+06 -2.40779669e+04 
 1.09547876e+04  1.12154361e+06 -2.46323622e+04 
 1.12074020e+04  1.12150784e+06 -2.51994826e+04 
 1.14658417e+04  1.12147040e+06 -2.57796173e+04 
 1.17302409e+04  1.12143122e+06 -2.63730620e+04 
 1.20007371e+04  1.12139021e+06 -2.69801188e+04 
 1.22774708e+04  1.12134729e+06 -2.76010964e+04 
 1.25605860e+04  1.12130237e+06 -2.82363104e+04 
 1.28502297e+04  1.12125536e+06 -2.88860832e+04 
 1.31465525e+04  1.12120616e+06 -2.95507442e+04 
 1.34497085e+04  1.12115466e+06 -3.02306300e+04 
 1.37598551e+04  1.12110077e+06 -3.09260844e+04 
 1.40771537e+04  1.12104437e+06 -3.16374588e+04 
 1.44017690e+04  1.12098534e+06 -3.23651120e+04 
 1.47338699e+04  1.12092356e+06 -3.31094105e+04 
 1.50736290e+04  1.12085891e+06 -3.38707287e+04 
 1.54212228e+04  1.12079125e+06 -3.46494490e+04 
 1.57768320e+04  1.12072043e+06 -3.54459616e+04 
 1.61406415e+04  1.12064633e+06 -3.62606654e+04 
 1.65128404e+04  1.12056877e+06 -3.70939674e+04 
 1.68936220e+04  1.12048760e+06 -3.79462831e+04 
 1.72831844e+04  1.12040266e+06 -3.88180367e+04 
 1.76817299e+04  1.12031376e+06 -3.97096611e+04 
 1.80894658e+04  1.12022073e+06 -4.06215984e+04 
 1.85066040e+04  1.12012338e+06 -4.15542994e+04 
 1.89333613e+04  1.12002149e+06 -4.25082242e+04 
 1.93699595e+04  1.11991487e+06 -4.34838422e+04 
 1.98166255e+04  1.11980329e+06 -4.44816322e+04 
 2.02735916e+04  1.11968652e+06 -4.55020825e+04 
 2.07410951e+04  1.11956433e+06 -4.65456913e+04 
 2.12193792e+04  1.11943646e+06 -4.76129661e+04 
 2.17086923e+04  1.11930264e+06 -4.87044246e+04 
 2.22092889e+04  1.11916261e+06 -4.98205945e+04 
 2.27214291e+04  1.11901608e+06 -5.09620133e+04 
 2.32453791e+04  1.11886275e+06 -5.21292289e+04 
 2.37814113e+04  1.11870229e+06 -5.33227991e+04 
 2.43298042e+04  1.11853439e+06 -5.45432924e+04 
 2.48908429e+04  1.11835870e+06 -5.57912873e+04 
 2.54648190e+04  1.11817486e+06 -5.70673728e+04 
 2.60520309e+04  1.11798249e+06 -5.83721484e+04 
 2.66527837e+04  1.11778120e+06 -5.97062240e+04 
 2.72673897e+04  1.11757059e+06 -6.10702198e+04 
 2.78961683e+04  1.11735021e+06 -6.24647667e+04 
 2.85394464e+04  1.11711963e+06 -6.38905058e+04 
 2.91975583e+04  1.11687836e+06 -6.53480887e+04 
 2.98708461e+04  1.11662593e+06 -6.68381773e+04 
 3.05596598e+04  1.11636182e+06 -6.83614435e+04 
 3.12643573e+04  1.11608549e+06 -6.99185697e+04 
 3.19853049e+04  1.11579638e+06 -7.15102479e+04 
 3.27228774e+04  1.11549390e+06 -7.31371801e+04 
 3.34774581e+04  1.11517746e+06 -7.48000779e+04 
 3.42494392e+04  1.11484639e+06 -7.64996621e+04 
 3.50392221e+04  1.11450005e+06 -7.82366628e+04 
 3.58472171e+04  1.11413773e+06 -8.00118188e+04 
 3.66738442e+04  1.11375869e+06 -8.18258775e+04 
 3.75195331e+04  1.11336219e+06 -8.36795941e+04 
 3.83847234e+04  1.11294742e+06 -8.55737317e+04 
 3.92698648e+04  1.11251356e+06 -8.75090605e+04 
 4.01754173e+04  1.11205973e+06 -8.94863571e+04 
 4.11018515e+04  1.11158503e+06 -9.15064043e+04 
 4.20496491e+04  1.11108853e+06 -9.35699901e+04 
 4.30193027e+04  1.11056922e+06 -9.56779073e+04 
 4.40113162e+04  1.11002608e+06 -9.78309523e+04 
 4.50262052e+04  1.10945803e+06 -1.00029924e+05 
 4.60644974e+04  1.10886396e+06 -1.02275625e+05 
 4.71267322e+04  1.10824269e+06 -1.04568856e+05 
 4.82134619e+04  1.10759300e+06 -1.06910419e+05 
 4.93252513e+04  1.10691362e+06 -1.09301116e+05 
 5.04626783e+04  1.10620322e+06 -1.11741742e+05 
 5.16263340e+04  1.10546041e+06 -1.14233092e+05 
 5.28168234e+04  1.10468375e+06 -1.16775952e+05 
 5.40347650e+04  1.10387174e+06 -1.19371102e+05 
 5.52807921e+04  1.10302280e+06 -1.22019311e+05 
 5.65555523e+04  1.10213530e+06 -1.24721338e+05 
 5.78597080e+04  1.10120754e+06 -1.27477926e+05 
 5.91939372e+04  1.10023774e+06 -1.30289803e+05 
 6.05589334e+04  1.09922406e+06 -1.33157680e+05 
 6.19554061e+04  1.09816456e+06 -1.36082243e+05 
 6.33840810e+04  1.09705725e+06 -1.39064155e+05 
 6.48457008e+04  1.09590004e+06 -1.42104053e+05 
 6.63410251e+04  1.09469076e+06 -1.45202541e+05 
 6.78708313e+04  1.09342716e+06 -1.48360189e+05 
 6.94359143e+04  1.09210688e+06 -1.51577528e+05 
 7.10370877e+04  1.09072749e+06 -1.54855046e+05 
 7.26751838e+04  1.08928644e+06 -1.58193185e+05 
 7.43510539e+04  1.08778112e+06 -1.61592333e+05 
 7.60655691e+04  1.08620876e+06 -1.65052822e+05 
 7.78196206e+04  1.08456654e+06 -1.68574921e+05 
 7.96141200e+04  1.08285150e+06 -1.72158828e+05 
 8.14500001e+04  1.08106057e+06 -1.75804669e+05 
 8.33282151e+04  1.07919058e+06 -1.79512485e+05 
 8.52497412e+04  1.07723823e+06 -1.83282230e+05 
 8.72155772e+04  1.07520010e+06 -1.87113759e+05 
 8.92267449e+04  1.07307266e+06 -1.91006822e+05 
 9.12842895e+04  1.07085222e+06 -1.94961054e+05 
 9.33892805e+04  1.06853500e+06 -1.98975968e+05 
 9.55428121e+04  1.06611706e+06 -2.03050940e+05 
 9.77460036e+04  1.06359434e+06 -2.07185201e+05 
 1.00000000e+05  1.06096264e+06 -2.11377826e+05 
 1.02305973e+05  1.05821762e+06 -2.15627718e+05 
 1.04665121e+05  1.05535478e+06 -2.19933598e+05 
 1.07078670e+05  1.05236951e+06 -2.24293988e+05 
 1.09547876e+05  1.04925703e+06 -2.28707197e+05 
 1.12074020e+05  1.04601242e+06 -2.33171301e+05 
 1.14658417e+05  1.04263063e+06 -2.37684129e+05 
 1.17302409e+05  1.03910645e+06 -2.42243241e+05 
 1.20007371e+05  1.03543453e+06 -2.46845906e+05 
 1.22774708e+05  1.03160938e+06 -2.51489081e+05 
 1.25605860e+05  1.02762536e+06 -2.56169388e+05 
 1.28502297e+05  1.02347672e+06 -2.60883084e+05 
 1.31465525e+05  1.01915755e+06 -2.65626036e+05 
 1.34497085e+05  1.01466186e+06 -2.70393687e+05 
 1.37598551e+05  1.00998352e+06 -2.75181028e+05 
 1.40771537e+05  1.00511632e+06 -2.79982559e+05 
 1.44017690e+05  1.00005395e+06 -2.84792251e+05 
 1.47338699e+05  9.94790046e+05 -2.89603509e+05 
 1.50736290e+05  9.89318219e+05 -2.94409126e+05 
 1.54212228e+05  9.83632055e+05 -2.99201237e+05 
 1.57768320e+05  9.77725167e+05 -3.03971273e+05 
 1.61406415e+05  9.71591232e+05 -3.08709907e+05 
 1.65128404e+05  9.65224040e+05 -3.13407003e+05 
 1.68936220e+05  9.58617549e+05 -3.18051560e+05 
 1.72831844e+05  9.51765955e+05 -3.22631655e+05 
 1.76817299e+05  9.44663768e+05 -3.27134387e+05 
 1.80894658e+05  9.37305906e+05 -3.31545821e+05 
 1.85066040e+05  9.29687799e+05 -3.35850935e+05 
 1.89333613e+05  9.21805514e+05 -3.40033570e+05 
 1.93699595e+05  9.13655891e+05 -3.44076387e+05 
 1.98166255e+05  9.05236706e+05 -3.47960836e+05 
 2.02735916e+05  8.96546847e+05 -3.51667137e+05 
 2.07410951e+05  8.87586515e+05 -3.55174276e+05 
 2.12193792e+05  8.78357446e+05 -3.58460028e+05 
 2.17086923e+05  8.68863149e+05 -3.61501010e+05 
 2.22092889e+05  8.59109165e+05 -3.64272763e+05 
 2.27214291e+05  8.49103345e+05 -3.66749883e+05 
 2.32453791e+05  8.38856127e+05 -3.68906194e+05 
 2.37814113e+05  8.28380826e+05 -3.70714990e+05 
 2.43298042e+05  8.17693910e+05 -3.72149327e+05 
 2.48908429e+05  8.06815263e+05 -3.73182392e+05 
 2.54648190e+05  7.95768405e+05 -3.73787948e+05 
 2.60520309e+05  7.84580671e+05 -3.73940841e+05 
 2.66527837e+05  7.73283308e+05 -3.73617592e+05 
 2.72673897e+05  7.61911491e+05 -3.72797043e+05 
 2.78961683e+05  7.50504219e+05 -3.71461053e+05 
 2.85394464e+05  7.39104079e+05 -3.69595233e+05 
 2.91975583e+05  7.27756864e+05 -3.67189667e+05 
 2.98708461e+05  7.16511029e+05 -3.64239625e+05 
 3.05596598e+05  7.05416986e+05 -3.60746187e+05 
 3.12643573e+05  6.94526236e+05 -3.56716774e+05 
 3.19853049e+05  6.83890374e+05 -3.52165521e+05 
 3.27228774e+05  6.73559969e+05 -3.47113460e+05 
 3.34774581e+05  6.63583397e+05 -3.41588487e+05 
 3.42494392e+05  6.54005641e+05 -3.35625082e+05 
 3.50392221e+05  6.44867148e+05 -3.29263777e+05 
 3.58472171e+05  6.36202781e+05 -3.22550393e+05 
 3.66738442e+05  6.28040945e+05 -3.15535050e+05 
 3.75195331e+05  6.20402913e+05 -3.08271018e+05 
 3.83847234e+05  6.13302417e+05 -3.00813438e+05 
 3.92698648e+05  6.06745501e+05 -2.93217997e+05 
 4.01754173e+05  6.00730656e+05 -2.85539617e+05 
 4.11018515e+05  5.95249210e+05 -2.77831220e+05 
 4.20496491e+05  5.90285946e+05 -2.70142625e+05 
 4.30193027e+05  5.85819912e+05 -2.62519629e+05 
 4.40113162e+05  5.81825351e+05 -2.55003292e+05 
 4.50262052e+05  5.78272714e+05 -2.47629448e+05 
 4.60644974e+05  5.75129693e+05 -2.40428438e+05 
 4.71267322e+05  5.72362222e+05 -2.33425045e+05 
 4.82134619e+05  5.69935421e+05 -2.26638614e+05 
 4.93252513e+05  5.67814426e+05 -2.20083333e+05 
 5.04626783e+05  5.65965118e+05 -2.13768614e+05 
 5.16263340e+05  5.64354708e+05 -2.07699574e+05 
 5.28168234e+05  5.62952200e+05 -2.01877557e+05 
 5.40347650e+05  5.61728729e+05 -1.96300679e+05 
 5.52807921e+05  5.60657779e+05 -1.90964369e+05 
 5.65555523e+05  5.59715305e+05 -1.85861892e+05 
 5.78597080e+05  5.58879764e+05 -1.80984830e+05 
 5.91939372e+05  5.58132084e+05 -1.76323520e+05 
 6.05589334e+05  5.57455572e+05 -1.71867446e+05 
 6.19554061e+05  5.56835782e+05 -1.67605567e+05 
 6.33840810e+05  5.56260360e+05 -1.63526606e+05 
 6.48457008e+05  5.55718868e+05 -1.59619277e+05 
 6.63410251e+05  5.55202601e+05 -1.55872478e+05 
 6.78708313e+05  5.54704403e+05 -1.52275435e+05 
 6.94359143e+05  5.54218488e+05 -1.48817810e+05 
 7.10370877e+05  5.53740266e+05 -1.45489785e+05 
 7.26751838e+05  5.53266182e+05 -1.42282111e+05 
 7.43510539e+05  5.52793568e+05 -1.39186139e+05 
 7.60655691e+05  5.52320507e+05 -1.36193833e+05 
 7.78196206e+05  5.51845712e+05 -1.33297773e+05 
 7.96141200e+05  5.51368414e+05 -1.30491136e+05 
 8.14500001e+05  5.50888270e+05 -1.27767682e+05 
 8.33282151e+05  5.50405277e+05 -1.25121724e+05 
 8.52497412e+05  5.49919701e+05 -1.22548098e+05 
 8.72155772e+05  5.49432014e+05 -1.20042130e+05 
 8.92267449e+05  5.48942842e+05 -1.17599604e+05 
 9.12842895e+05  5.48452918e+05 -1.15216723e+05 
 9.33892805e+05  5.47963049e+05 -1.12890075e+05 
 9.55428121e+05  5.47474079e+05 -1.10616604e+05 
 9.77460036e+05  5.46986873e+05 -1.08393571e+05 
 1.00000000e+06  5.46502286e+05 -1.06218530e+05 
 1.02305973e+06  5.46021156e+05 -1.04089293e+05 
 1.04665121e+06  5.45544287e+05 -1.02003909e+05 
 1.07078670e+06  5.45072441e+05 -9.99606322e+04 
 1.09547876e+06  5.44606329e+05 -9.79579064e+04 
 1.12074020e+06  5.44146610e+05 -9.59943390e+04 
 1.14658417e+06  5.43693885e+05 -9.40686836e+04 
 1.17302409e+06  5.43248699e+05 -9.21798221e+04 
 1.20007371e+06  5.42811534e+05 -9.03267495e+04 
 1.22774708e+06  5.42382819e+05 -8.85085594e+04 
 1.25605860e+06  5.41962922e+05 -8.67244314e+04 
 1.28502297e+06  5.41552160e+05 -8.49736197e+04 
 1.31465525e+06  5.41150795e+05 -8.32554434e+04 
 1.34497085e+06  5.40759041e+05 -8.15692770e+04 
 1.37598551e+06  5.40377066e+05 -7.99145431e+04 
 1.40771537e+06  5.40004993e+05 -7.82907047e+04 
 1.44017690e+06  5.39642905e+05 -7.66972601e+04 
 1.47338699e+06  5.39290847e+05 -7.51337365e+04 
 1.50736290e+06  5.38948832e+05 -7.35996863e+04 
 1.54212228e+06  5.38616839e+05 -7.20946824e+04 
 1.57768320e+06  5.38294821e+05 -7.06183150e+04 
 1.61406415e+06  5.37982703e+05 -6.91701887e+04 
 1.65128404e+06  5.37680389e+05 -6.77499198e+04 
 1.68936220e+06  5.37387763e+05 -6.63571341e+04 
 1.72831844e+06  5.37104688e+05 -6.49914654e+04 
 1.76817299e+06  5.36831015e+05 -6.36525535e+04 
 1.80894658e+06  5.36566579e+05 -6.23400433e+04 
 1.85066040e+06  5.36311203e+05 -6.10535836e+04 
 1.89333613e+06  5.36064702e+05 -5.97928265e+04 
 1.93699595e+06  5.35826881e+05 -5.85574264e+04 
 1.98166255e+06  5.35597538e+05 -5.73470397e+04 
 2.02735916e+06  5.35376467e+05 -5.61613243e+04 
 2.07410951e+06  5.35163457e+05 -5.49999394e+04 
 2.12193792e+06  5.34958295e+05 -5.38625454e+04 
 2.17086923e+06  5.34760763e+05 -5.27488038e+04 
 2.22092889e+06  5.34570646e+05 -5.16583767e+04 
 2.27214291e+06  5.34387725e+05 -5.05909275e+04 
 2.32453791e+06  5.34211785e+05 -4.95461207e+04 
 2.37814113e+06  5.34042611e+05 -4.85236215e+04 
 2.43298042e+06  5.33879987e+05 -4.75230969e+04 
 2.48908429e+06  5.33723704e+05 -4.65442151e+04 
 2.54648190e+06  5.33573553e+05 -4.55866457e+04 
 2.60520309e+06  5.33429328e+05 -4.46500603e+04 
 2.66527837e+06  5.33290828e+05 -4.37341323e+04 
 2.72673897e+06  5.33157854e+05 -4.28385374e+04 
 2.78961683e+06  5.33030214e+05 -4.19629534e+04 
 2.85394464e+06  5.32907715e+05 -4.11070609e+04 
 2.91975583e+06  5.32790175e+05 -4.02705428e+04 
 2.98708461e+06  5.32677411e+05 -3.94530853e+04 
 3.05596598e+06  5.32569247e+05 -3.86543774e+04 
 3.12643573e+06  5.32465513e+05 -3.78741114e+04 
 3.19853049e+06  5.32366040e+05 -3.71119829e+04 
 3.27228774e+06  5.32270667e+05 -3.63676913e+04 
 3.34774581e+06  5.32179237e+05 -3.56409395e+04 
 3.42494392e+06  5.32091597e+05 -3.49314343e+04 
 3.50392221e+06  5.32007600e+05 -3.42388863e+04 
 3.58472171e+06  5.31927101e+05 -3.35630105e+04 
 3.66738442e+06  5.31849963e+05 -3.29035257e+04 
 3.75195331e+06  5.31776052e+05 -3.22601554e+04 
 3.83847234e+06  5.31705237e+05 -3.16326270e+04 
 3.92698648e+06  5.31637394e+05 -3.10206729e+04 
 4.01754173e+06  5.31572403e+05 -3.04240296e+04 
 4.11018515e+06  5.31510145e+05 -2.98424385e+04 
 4.20496491e+06  5.31450510e+05 -2.92756454e+04 
 4.30193027e+06  5.31393388e+05 -2.87234011e+04 
 4.40113162e+06  5.31338674e+05 -2.81854609e+04 
 4.50262052e+06  5.31286269e+05 -2.76615850e+04 
 4.60644974e+06  5.31236074e+05 -2.71515386e+04 
 4.71267322e+06  5.31187997e+05 -2.66550914e+04 
 4.82134619e+06  5.31141947e+05 -2.61720183e+04 
 4.93252513e+06  5.31097838e+05 -2.57020990e+04 
 5.04626783e+06  5.31055585e+05 -2.52451180e+04 
 5.16263340e+06  5.31015110e+05 -2.48008647e+04 
 5.28168234e+06  5.30976335e+05 -2.43691336e+04 
 5.40347650e+06  5.30939185e+05 -2.39497239e+04 
 5.52807921e+06  5.30903589e+05 -2.35424399e+04 
 5.65555523e+06  5.30869478e+05 -2.31470906e+04 
 5.78597080e+06  5.30836787e+05 -2.27634899e+04 
 5.91939372e+06  5.30805451e+05 -2.23914567e+04 
 6.05589334e+06  5.30775411e+05 -2.20308147e+04 
 6.19554061e+06  5.30746606e+05 -2.16813923e+04 
 6.33840810e+06  5.30718980e+05 -2.13430228e+04 
 6.48457008e+06  5.30692480e+05 -2.10155444e+04 
 6.63410251e+06  5.30667053e+05 -2.06987998e+04 
 6.78708313e+06  5.30642648e+05 -2.03926367e+04 
 6.94359143e+06  5.30619218e+05 -2.00969073e+04 
 7.10370877e+06  5.30596715e+05 -1.98114686e+04 
 7.26751838e+06  5.30575095e+05 -1.95361823e+04 
 7.43510539e+06  5.30554315e+05 -1.92709145e+04 
 7.60655691e+06  5.30534334e+05 -1.90155362e+04 
 7.78196206e+06  5.30515110e+05 -1.87699227e+04 
 7.96141200e+06  5.30496606e+05 -1.85339541e+04 
 8.14500001e+06  5.30478785e+05 -1.83075147e+04 
 8.33282151e+06  5.30461610e+05 -1.80904935e+04 
 8.52497412e+06  5.30445047e+05 -1.78827840e+04 
 8.72155772e+06  5.30429063e+05 -1.76842839e+04 
 8.92267449e+06  5.30413625e+05 -1.74948955e+04 
 9.12842895e+06  5.30398701e+05 -1.73145254e+04 
 9.33892805e+06  5.30384262e+05 -1.71430845e+04 
 9.55428121e+06  5.30370279e+05 -1.69804882e+04 
 9.77460036e+06  5.30356722e+05 -1.68266559e+04 
 1.00000000e+07  5.30343564e+05 -1.66815115e+04 
 1.02305973e+07  5.30330779e+05 -1.65449831e+04 
 1.04665121e+07  5.30318339e+05 -1.64170030e+04 
 1.07078670e+07  5.30306221e+05 -1.62975077e+04 
 1.09547876e+07  5.30294399e+05 -1.61864380e+04 
 1.12074020e+07  5.30282848e+05 -1.60837388e+04 
 1.14658417e+07  5.30271545e+05 -1.59893590e+04 
 1.17302409e+07  5.30260468e+05 -1.59032519e+04 
 1.20007371e+07  5.30249592e+05 -1.58253747e+04 
 1.22774708e+07  5.30238896e+05 -1.57556890e+04 
 1.25605860e+07  5.30228358e+05 -1.56941601e+04 
 1.28502297e+07  5.30217956e+05 -1.56407578e+04 
 1.31465525e+07  5.30207669e+05 -1.55954557e+04 
 1.34497085e+07  5.30197475e+05 -1.55582315e+04 
 1.37598551e+07  5.30187354e+05 -1.55290671e+04 
 1.40771537e+07  5.30177284e+05 -1.55079484e+04 
 1.44017690e+07  5.30167245e+05 -1.54948654e+04 
 1.47338699e+07  5.30157216e+05 -1.54898121e+04 
 1.50736290e+07  5.30147176e+05 -1.54927865e+04 
 1.54212228e+07  5.30137105e+05 -1.55037909e+04 
 1.57768320e+07  5.30126981e+05 -1.55228313e+04 
 1.61406415e+07  5.30116784e+05 -1.55499183e+04 
 1.65128404e+07  5.30106493e+05 -1.55850660e+04 
 1.68936220e+07  5.30096086e+05 -1.56282930e+04 
 1.72831844e+07  5.30085542e+05 -1.56796218e+04 
 1.76817299e+07  5.30074839e+05 -1.57390791e+04 
 1.80894658e+07  5.30063955e+05 -1.58066957e+04 
 1.85066040e+07  5.30052867e+05 -1.58825066e+04 
 1.89333613e+07  5.30041552e+05 -1.59665508e+04 
 1.93699595e+07  5.30029987e+05 -1.60588716e+04 
 1.98166255e+07  5.30018148e+05 -1.61595165e+04 
 2.02735916e+07  5.30006010e+05 -1.62685373e+04 
 2.07410951e+07  5.29993548e+05 -1.63859898e+04 
 2.12193792e+07  5.29980736e+05 -1.65119342e+04 
 2.17086923e+07  5.29967548e+05 -1.66464351e+04 
 2.22092889e+07  5.29953957e+05 -1.67895613e+04 
 2.27214291e+07  5.29939934e+05 -1.69413860e+04 
 2.32453791e+07  5.29925449e+05 -1.71019868e+04 
 2.37814113e+07  5.29910475e+05 -1.72714457e+04 
 2.43298042e+07  5.29894978e+05 -1.74498492e+04 
 2.48908429e+07  5.29878927e+05 -1.76372882e+04 
 2.54648190e+07  5.29862289e+05 -1.78338582e+04 
 2.60520309e+07  5.29845029e+05 -1.80396593e+04 
 2.66527837e+07  5.29827111e+05 -1.82547962e+04 
 2.72673897e+07  5.29808499e+05 -1.84793783e+04 
 2.78961683e+07  5.29789154e+05 -1.87135196e+04 
 2.85394464e+07  5.29769036e+05 -1.89573390e+04 
 2.91975583e+07  5.29748103e+05 -1.92109601e+04 
 2.98708461e+07  5.29726312e+05 -1.94745114e+04 
 3.05596598e+07  5.29703617e+05 -1.97481262e+04 
 3.12643573e+07  5.29679973e+05 -2.00319429e+04 
 3.19853049e+07  5.29655329e+05 -2.03261049e+04 
 3.27228774e+07  5.29629635e+05 -2.06307606e+04 
 3.34774581e+07  5.29602839e+05 -2.09460636e+04 
 3.42494392e+07  5.29574883e+05 -2.12721725e+04 
 3.50392221e+07  5.29545712e+05 -2.16092514e+04 
 3.58472171e+07  5.29515264e+05 -2.19574694e+04 
 3.66738442e+07  5.29483476e+05 -2.23170013e+04 
 3.75195331e+07  5.29450284e+05 -2.26880271e+04 
 3.83847234e+07  5.29415618e+05 -2.30707323e+04 
 3.92698648e+07  5.29379407e+05 -2.34653079e+04 
 4.01754173e+07  5.29341577e+05 -2.38719508e+04 
 4.11018515e+07  5.29302050e+05 -2.42908631e+04 
 4.20496491e+07  5.29260743e+05 -2.47222531e+04 
 4.30193027e+07  5.29217573e+05 -2.51663346e+04 
 4.40113162e+07  5.29172449e+05 -2.56233274e+04 
 4.50262052e+07  5.29125281e+05 -2.60934571e+04 
 4.60644974e+07  5.29075969e+05 -2.65769554e+04 
 4.71267322e+07  5.29024414e+05 -2.70740600e+04 
 4.82134619e+07  5.28970509e+05 -2.75850148e+04 
 4.93252513e+07  5.28914144e+05 -2.81100697e+04 
 5.04626783e+07  5.28855203e+05 -2.86494811e+04 
 5.16263340e+07  5.28793566e+05 -2.92035113e+04 
 5.28168234e+07  5.28729106e+05 -2.97724294e+04 
 5.40347650e+07  5.28661690e+05 -3.03565104e+04 
 5.52807921e+07  5.28591183e+05 -3.09560362e+04 
 5.65555523e+07  5.28517438e+05 -3.15712950e+04 
 5.78597080e+07  5.28440306e+05 -3.22025814e+04 
 5.91939372e+07  5.28359630e+05 -3.28501967e+04 
 6.05589334e+07  5.28275244e+05 -3.35144490e+04 
 6.19554061e+07  5.28186978e+05 -3.41956526e+04 
 6.33840810e+07  5.28094652e+05 -3.48941288e+04 
 6.48457008e+07  5.27998077e+05 -3.56102055e+04 
 6.63410251e+07  5.27897058e+05 -3.63442172e+04 
 6.78708313e+07  5.27791391e+05 -3.70965053e+04 
 6.94359143e+07  5.27680861e+05 -3.78674177e+04 
 7.10370877e+07  5.27565245e+05 -3.86573090e+04 
 7.26751838e+07  5.27444308e+05 -3.94665405e+04 
 7.43510539e+07  5.27317808e+05 -4.02954801e+04 
 7.60655691e+07  5.27185490e+05 -4.11445024e+04 
 7.78196206e+07  5.27047086e+05 -4.20139883e+04 
 7.96141200e+07  5.26902320e+05 -4.29043253e+04 
 8.14500001e+07  5.26750902e+05 -4.38159073e+04 
 8.33282151e+07  5.26592527e+05 -4.47491343e+04 
 8.52497412e+07  5.26426880e+05 -4.57044126e+04 
 8.72155772e+07  5.26253631e+05 -4.66821545e+04 
 8.92267449e+07  5.26072435e+05 -4.76827780e+04 
 9.12842895e+07  5.25882931e+05 -4.87067070e+04 
 9.33892805e+07  5.25684745e+05 -4.97543707e+04 
 9.55428121e+07  5.25477484e+05 -5.08262036e+04 
 9.77460036e+07  5.25260740e+05 -5.19226454e+04 
 1.00000000e+08  5.25034086e+05 -5.30441402e+04 
 1.02305973e+08  5.24797078e+05 -5.41911366e+04 
 1.04665121e+08  5.24549251e+05 -5.53640875e+04 
 1.07078670e+08  5.24290123e+05 -5.65634493e+04 
 1.09547876e+08  5.24019188e+05 -5.77896816e+04 
 1.12074020e+08  5.23735922e+05 -5.90432469e+04 
 1.14658417e+08  5.23439776e+05 -6.03246102e+04 
 1.17302409e+08  5.23130182e+05 -6.16342381e+04 
 1.20007371e+08  5.22806543e+05 -6.29725983e+04 
 1.22774708e+08  5.22468241e+05 -6.43401594e+04 
 1.25605860e+08  5.22114632e+05 -6.57373895e+04 
 1.28502297e+08  5.21745045e+05 -6.71647560e+04 
 1.31465525e+08  5.21358783e+05 -6.86227247e+04 
 1.34497085e+08  5.20955119e+05 -7.01117586e+04 
 1.37598551e+08  5.20533297e+05 -7.16323173e+04 
 1.40771537e+08  5.20092533e+05 -7.31848560e+04 
 1.44017690e+08  5.19632010e+05 -7.47698240e+04 
 1.47338699e+08  5.19150881e+05 -7.63876640e+04 
 1.50736290e+08  5.18648264e+05 -7.80388107e+04 
 1.54212228e+08  5.18123246e+05 -7.97236895e+04 
 1.57768320e+08  5.17574875e+05 -8.14427146e+04 
 1.61406415e+08  5.17002168e+05 -8.31962884e+04 
 1.65128404e+08  5.16404104e+05 -8.49847989e+04 
 1.68936220e+08  5.15779622e+05 -8.68086188e+04 
 1.72831844e+08  5.15127627e+05 -8.86681030e+04 
 1.76817299e+08  5.14446981e+05 -9.05635870e+04 
 1.80894658e+08  5.13736510e+05 -9.24953848e+04 
 1.85066040e+08  5.12994996e+05 -9.44637867e+04 
 1.89333613e+08  5.12221181e+05 -9.64690569e+04 
 1.93699595e+08  5.11413766e+05 -9.85114310e+04 
 1.98166255e+08  5.10571408e+05 -1.00591114e+05 
 2.02735916e+08  5.09692723e+05 -1.02708276e+05 
 2.07410951e+08  5.08776281e+05 -1.04863052e+05 
 2.12193792e+08  5.07820612e+05 -1.07055536e+05 
 2.17086923e+08  5.06824200e+05 -1.09285780e+05 
 2.22092889e+08  5.05785485e+05 -1.11553791e+05 
 2.27214291e+08  5.04702865e+05 -1.13859524e+05 
 2.32453791e+08  5.03574694e+05 -1.16202882e+05 
 2.37814113e+08  5.02399283e+05 -1.18583714e+05 
 2.43298042e+08  5.01174903e+05 -1.21001804e+05 
 2.48908429e+08  4.99899781e+05 -1.23456875e+05 
 2.54648190e+08  4.98572106e+05 -1.25948580e+05 
 2.60520309e+08  4.97190027e+05 -1.28476499e+05 
 2.66527837e+08  4.95751656e+05 -1.31040135e+05 
 2.72673897e+08  4.94255072e+05 -1.33638911e+05 
 2.78961683e+08  4.92698320e+05 -1.36272163e+05 
 2.85394464e+08  4.91079413e+05 -1.38939134e+05 
 2.91975583e+08  4.89396338e+05 -1.41638977e+05 
 2.98708461e+08  4.87647060e+05 -1.44370740e+05 
 3.05596598e+08  4.85829521e+05 -1.47133368e+05 
 3.12643573e+08  4.83941647e+05 -1.49925700e+05 
 3.19853049e+08  4.81981354e+05 -1.52746456e+05 
 3.27228774e+08  4.79946549e+05 -1.55594240e+05 
 3.34774581e+08  4.77835139e+05 -1.58467534e+05 
 3.42494392e+08  4.75645037e+05 -1.61364692e+05 
 3.50392221e+08  4.73374165e+05 -1.64283936e+05 
 3.58472171e+08  4.71020463e+05 -1.67223352e+05 
 3.66738442e+08  4.68581899e+05 -1.70180891e+05 
 3.75195331e+08  4.66056472e+05 -1.73154357e+05 
 3.83847234e+08  4.63442223e+05 -1.76141412e+05 
 3.92698648e+08  4.60737247e+05 -1.79139569e+05 
 4.01754173e+08  4.57939695e+05 -1.82146193e+05 
 4.11018515e+08  4.55047792e+05 -1.85158495e+05 
 4.20496491e+08  4.52059843e+05 -1.88173537e+05 
 4.30193027e+08  4.48974243e+05 -1.91188227e+05 
 4.40113162e+08  4.45789492e+05 -1.94199323e+05 
 4.50262052e+08  4.42504205e+05 -1.97203431e+05 
 4.60644974e+08  4.39117122e+05 -2.00197011e+05 
 4.71267322e+08  4.35627124e+05 -2.03176376e+05 
 4.82134619e+08  4.32033240e+05 -2.06137700e+05 
 4.93252513e+08  4.28334666e+05 -2.09077020e+05 
 5.04626783e+08  4.24530774e+05 -2.11990245e+05 
 5.16263340e+08  4.20621123e+05 -2.14873162e+05 
 5.28168234e+08  4.16605473e+05 -2.17721443e+05 
 5.40347650e+08  4.12483800e+05 -2.20530656e+05 
 5.52807921e+08  4.08256302e+05 -2.23296279e+05 
 5.65555523e+08  4.03923413e+05 -2.26013707e+05 
 5.78597080e+08  3.99485815e+05 -2.28678266e+05 
 5.91939372e+08  3.94944445e+05 -2.31285232e+05 
 6.05589334e+08  3.90300505e+05 -2.33829841e+05 
 6.19554061e+08  3.85555469e+05 -2.36307309e+05 
 6.33840810e+08  3.80711093e+05 -2.38712849e+05 
 6.48457008e+08  3.75769416e+05 -2.41041690e+05 
 6.63410251e+08  3.70732766e+05 -2.43289095e+05 
 6.78708313e+08  3.65603763e+05 -2.45450383e+05 
 6.94359143e+08  3.60385318e+05 -2.47520949e+05 
 7.10370877e+08  3.55080636e+05 -2.49496285e+05 
 7.26751838e+08  3.49693209e+05 -2.51372002e+05 
 7.43510539e+08  3.44226812e+05 -2.53143854e+05 
 7.60655691e+08  3.38685501e+05 -2.54807755e+05 
 7.78196206e+08  3.33073600e+05 -2.56359804e+05 
 7.96141200e+08  3.27395693e+05 -2.57796305e+05 
 8.14500001e+08  3.21656609e+05 -2.59113790e+05 
 8.33282151e+08  3.15861412e+05 -2.60309033e+05 
 8.52497412e+08  3.10015384e+05 -2.61379072e+05 
 8.72155772e+08  3.04124004e+05 -2.62321230e+05 
 8.92267449e+08  2.98192934e+05 -2.63133122e+05 
 9.12842895e+08  2.92227992e+05 -2.63812679e+05 
 9.33892805e+08  2.86235137e+05 -2.64358155e+05 
 9.55428121e+08  2.80220441e+05 -2.64768138e+05 
 9.77460036e+08  2.74190063e+05 -2.65041560e+05 
 1.00000000e+09  2.68150232e+05 -2.65177706e+05 
